pop size : 10000, betaG : 0.08500, lambdaH : 0.10000, lambdaW : 0.00100, gamma : 0.12500, Tmax : 150.00, threshold of infected : 0.010
0.37 0.32 0.13 0.12 0.04 0.02 
0.2192 0.12 0.08 0.06 0.05 0.045 0.04 0.035 0.03 0.02 0.02 0.02 0.015 0.015 0.015 0.015 0.001 0.001 0.001 0.001 0.001 0.001 0.001 0.001 0.001 0.001 0.001 0.001 0.001 0.001 0.001 0.001 0.001 0.001 0.001 0.001 0.001 0.001 0.001 0.001 0.001 0.0001 0.0001 0.0001 0.0001 0.0001 0.0001 0.0001 0.0001 0.175 
Proportion of infected at cutoff : 0.0100
Proportion of susceptibles at cutoff : 0.9756
(1,0) : 1661
(2,0) : 1413
(4,0) : 537
(6,0) : 94
(3,0) : 561
(5,0) : 159
(3,2) : 1
(0,0) : 24
(3,1) : 5
(5,1) : 2
(2,2) : 4
(0,1) : 13
(2,3) : 1
(0,3) : 6
(1,3) : 2
(1,1) : 11
(0,2) : 6
(0,4) : 1
(2,1) : 7
(4,1) : 1
(4,2) : 2
(1,2) : 2
