pop size : 10000, betaG : 0.08500, lambdaH : 0.10000, lambdaW : 0.00100, gamma : 0.12500, Tmax : 150.00, threshold of infected : 0.010
0.37 0.32 0.13 0.12 0.04 0.02 
0.2192 0.12 0.08 0.06 0.05 0.045 0.04 0.035 0.03 0.02 0.02 0.02 0.015 0.015 0.015 0.015 0.001 0.001 0.001 0.001 0.001 0.001 0.001 0.001 0.001 0.001 0.001 0.001 0.001 0.001 0.001 0.001 0.001 0.001 0.001 0.001 0.001 0.001 0.001 0.001 0.001 0.0001 0.0001 0.0001 0.0001 0.0001 0.0001 0.0001 0.0001 0.175 
Proportion of infected at cutoff : 0.0100
Proportion of susceptibles at cutoff : 0.9776
(49,0) : 21
(12,0) : 14
(47,1) : 6
(50,0) : 54
(4,0) : 47
(2,0) : 86
(49,1) : 15
(48,0) : 10
(47,0) : 4
(48,1) : 10
(3,0) : 66
(44,2) : 1
(7,0) : 24
(14,0) : 10
(6,0) : 20
(34,0) : 3
(8,0) : 20
(15,0) : 13
(11,0) : 12
(21,1) : 1
(18,1) : 1
(9,0) : 13
(16,0) : 8
(48,2) : 4
(33,0) : 2
(47,2) : 3
(39,2) : 1
(10,0) : 9
(27,1) : 1
(0,1) : 1
(5,0) : 35
(44,4) : 1
(34,2) : 1
(35,0) : 2
(1,0) : 147
(42,0) : 1
(24,0) : 1
(6,1) : 4
(33,2) : 1
(36,0) : 2
(47,3) : 2
(44,3) : 1
(9,1) : 1
(27,0) : 2
(21,0) : 1
(32,0) : 1
(15,1) : 1
(18,0) : 1
(46,3) : 1
(21,2) : 1
(40,0) : 1
(8,1) : 2
(7,1) : 2
(13,0) : 4
(11,1) : 1
(17,0) : 1
(3,1) : 1
(13,1) : 1
(5,1) : 2
(46,2) : 1
(4,1) : 1
(2,1) : 4
(1,1) : 3
(0,0) : 1
