pop size : 10000, betaG : 0.08500, lambdaH : 0.10000, lambdaW : 0.00100, gamma : 0.12500, Tmax : 150.00, threshold of infected : 0.010
0.37 0.32 0.13 0.12 0.04 0.02 
0.2192 0.12 0.08 0.06 0.05 0.045 0.04 0.035 0.03 0.02 0.02 0.02 0.015 0.015 0.015 0.015 0.001 0.001 0.001 0.001 0.001 0.001 0.001 0.001 0.001 0.001 0.001 0.001 0.001 0.001 0.001 0.001 0.001 0.001 0.001 0.001 0.001 0.001 0.001 0.001 0.001 0.0001 0.0001 0.0001 0.0001 0.0001 0.0001 0.0001 0.0001 0.175 
Proportion of infected at cutoff : 0.0100
Proportion of susceptibles at cutoff : 0.9776
(15,0) : 13
(7,0) : 26
(50,0) : 43
(48,1) : 9
(26,0) : 2
(49,0) : 27
(4,0) : 43
(48,0) : 10
(49,1) : 26
(43,1) : 2
(13,0) : 5
(33,0) : 3
(5,0) : 36
(8,0) : 26
(47,2) : 2
(6,0) : 28
(15,1) : 1
(3,0) : 53
(18,1) : 1
(1,0) : 146
(10,0) : 13
(43,5) : 1
(12,0) : 13
(12,1) : 2
(46,1) : 1
(11,0) : 13
(47,1) : 3
(2,0) : 80
(40,0) : 2
(19,1) : 1
(47,3) : 2
(46,2) : 2
(32,0) : 1
(38,2) : 1
(6,1) : 1
(46,0) : 1
(47,0) : 1
(9,0) : 22
(35,1) : 1
(14,0) : 8
(27,0) : 2
(16,0) : 3
(48,2) : 3
(34,1) : 1
(31,0) : 1
(0,0) : 1
(27,1) : 1
(22,0) : 1
(21,0) : 2
(42,6) : 1
(36,0) : 1
(4,1) : 3
(3,1) : 3
(8,1) : 2
(11,1) : 2
(30,0) : 1
(17,0) : 1
(9,1) : 1
(29,0) : 1
(1,1) : 2
(5,1) : 1
(5,2) : 1
(0,1) : 1
