pop size : 10000, betaG : 0.08500, lambdaH : 0.10000, lambdaW : 0.00100, gamma : 0.12500, Tmax : 150.00, threshold of infected : 0.010
0.37 0.32 0.13 0.12 0.04 0.02 
0.2192 0.12 0.08 0.06 0.05 0.045 0.04 0.035 0.03 0.02 0.02 0.02 0.015 0.015 0.015 0.015 0.001 0.001 0.001 0.001 0.001 0.001 0.001 0.001 0.001 0.001 0.001 0.001 0.001 0.001 0.001 0.001 0.001 0.001 0.001 0.001 0.001 0.001 0.001 0.001 0.001 0.0001 0.0001 0.0001 0.0001 0.0001 0.0001 0.0001 0.0001 0.175 
Proportion of infected at cutoff : 0.0100
Proportion of susceptibles at cutoff : 0.9677
(47,0) : 4
(48,0) : 13
(8,0) : 23
(15,1) : 2
(45,0) : 1
(6,0) : 39
(46,1) : 4
(1,0) : 168
(49,0) : 27
(42,1) : 1
(37,0) : 1
(5,0) : 32
(40,0) : 1
(45,2) : 1
(48,1) : 9
(2,0) : 87
(8,1) : 2
(3,0) : 55
(49,1) : 13
(10,0) : 19
(13,0) : 8
(9,0) : 20
(45,4) : 2
(46,3) : 1
(50,0) : 32
(15,0) : 10
(47,1) : 6
(47,3) : 2
(26,0) : 2
(45,1) : 4
(46,2) : 1
(32,0) : 4
(4,0) : 37
(16,0) : 9
(44,5) : 1
(46,0) : 3
(47,2) : 3
(12,0) : 10
(22,0) : 2
(45,3) : 1
(7,0) : 34
(39,0) : 2
(33,0) : 1
(11,0) : 16
(10,1) : 2
(5,1) : 2
(27,0) : 1
(32,2) : 1
(48,2) : 2
(9,1) : 3
(6,1) : 3
(14,0) : 6
(25,0) : 1
(28,1) : 1
(12,1) : 1
(21,0) : 1
(13,1) : 2
(2,1) : 3
(26,1) : 1
(0,0) : 2
