pop size : 10000, betaG : 0.08500, lambdaH : 0.10000, lambdaW : 0.00100, gamma : 0.12500, Tmax : 150.00, threshold of infected : 0.010
0.37 0.32 0.13 0.12 0.04 0.02 
0.2192 0.12 0.08 0.06 0.05 0.045 0.04 0.035 0.03 0.02 0.02 0.02 0.015 0.015 0.015 0.015 0.001 0.001 0.001 0.001 0.001 0.001 0.001 0.001 0.001 0.001 0.001 0.001 0.001 0.001 0.001 0.001 0.001 0.001 0.001 0.001 0.001 0.001 0.001 0.001 0.001 0.0001 0.0001 0.0001 0.0001 0.0001 0.0001 0.0001 0.0001 0.175 
Proportion of infected at cutoff : 0.0100
Proportion of susceptibles at cutoff : 0.9786
(7,0) : 23
(15,0) : 8
(3,1) : 4
(44,5) : 1
(2,0) : 92
(49,1) : 23
(48,1) : 6
(50,0) : 56
(38,1) : 2
(3,0) : 52
(14,0) : 12
(48,0) : 7
(49,0) : 22
(1,0) : 161
(9,0) : 12
(8,0) : 21
(47,1) : 7
(45,3) : 1
(4,0) : 39
(40,0) : 2
(10,0) : 8
(16,0) : 5
(39,0) : 1
(46,1) : 1
(32,0) : 2
(48,2) : 3
(17,0) : 1
(13,0) : 8
(5,0) : 37
(46,0) : 1
(11,0) : 12
(37,3) : 1
(12,0) : 9
(43,3) : 2
(30,0) : 3
(6,0) : 37
(36,0) : 1
(46,4) : 2
(45,1) : 1
(9,1) : 2
(11,1) : 3
(47,0) : 1
(42,0) : 1
(47,3) : 1
(21,0) : 1
(10,1) : 2
(25,0) : 1
(12,1) : 1
(7,1) : 1
(13,1) : 1
(27,0) : 1
(43,2) : 1
(28,0) : 1
(15,1) : 1
(14,1) : 1
(1,2) : 1
(35,0) : 1
(47,2) : 1
(23,1) : 1
(6,1) : 3
(0,0) : 1
