pop size : 10000, betaG : 0.08500, lambdaH : 0.10000, lambdaW : 0.00100, gamma : 0.12500, Tmax : 150.00, threshold of infected : 0.010
0.37 0.32 0.13 0.12 0.04 0.02 
0.2192 0.12 0.08 0.06 0.05 0.045 0.04 0.035 0.03 0.02 0.02 0.02 0.015 0.015 0.015 0.015 0.001 0.001 0.001 0.001 0.001 0.001 0.001 0.001 0.001 0.001 0.001 0.001 0.001 0.001 0.001 0.001 0.001 0.001 0.001 0.001 0.001 0.001 0.001 0.001 0.001 0.0001 0.0001 0.0001 0.0001 0.0001 0.0001 0.0001 0.0001 0.175 
Proportion of infected at cutoff : 0.0100
Proportion of susceptibles at cutoff : 0.9680
(45,1) : 1
(48,2) : 2
(48,1) : 9
(49,0) : 29
(50,0) : 35
(16,0) : 6
(48,0) : 11
(46,3) : 2
(15,1) : 3
(47,0) : 6
(8,0) : 26
(5,0) : 34
(47,2) : 5
(46,1) : 2
(14,1) : 2
(47,1) : 8
(45,0) : 2
(12,0) : 14
(46,0) : 3
(9,0) : 27
(7,0) : 29
(2,0) : 90
(49,1) : 7
(11,0) : 18
(3,0) : 65
(10,0) : 11
(46,2) : 4
(4,0) : 53
(29,0) : 1
(1,0) : 153
(28,0) : 2
(6,0) : 36
(18,0) : 1
(11,1) : 1
(45,2) : 2
(33,0) : 1
(13,0) : 8
(44,0) : 1
(38,1) : 2
(27,0) : 2
(41,0) : 1
(47,3) : 2
(4,1) : 6
(14,0) : 8
(15,0) : 5
(7,1) : 1
(9,1) : 1
(44,4) : 1
(36,0) : 1
(2,1) : 4
(12,2) : 1
(20,0) : 1
(39,1) : 1
(3,1) : 1
(24,0) : 1
(13,1) : 2
(17,0) : 1
(0,0) : 5
(10,1) : 4
(5,1) : 1
