pop size : 10000, betaG : 0.08500, lambdaH : 0.10000, lambdaW : 0.00100, gamma : 0.12500, Tmax : 150.00, threshold of infected : 0.010
0.37 0.32 0.13 0.12 0.04 0.02 
0.2192 0.12 0.08 0.06 0.05 0.045 0.04 0.035 0.03 0.02 0.02 0.02 0.015 0.015 0.015 0.015 0.001 0.001 0.001 0.001 0.001 0.001 0.001 0.001 0.001 0.001 0.001 0.001 0.001 0.001 0.001 0.001 0.001 0.001 0.001 0.001 0.001 0.001 0.001 0.001 0.001 0.0001 0.0001 0.0001 0.0001 0.0001 0.0001 0.0001 0.0001 0.175 
Proportion of infected at cutoff : 0.0100
Proportion of susceptibles at cutoff : 0.9787
(48,1) : 13
(49,1) : 20
(47,1) : 4
(47,2) : 5
(14,0) : 12
(50,0) : 54
(49,0) : 21
(5,0) : 45
(7,0) : 34
(48,2) : 3
(11,0) : 11
(26,0) : 4
(12,0) : 8
(4,0) : 47
(3,0) : 49
(6,0) : 29
(9,0) : 19
(13,0) : 12
(8,0) : 25
(46,2) : 1
(1,0) : 159
(16,0) : 9
(45,1) : 1
(10,0) : 11
(32,0) : 1
(46,0) : 2
(45,0) : 1
(2,0) : 91
(47,0) : 1
(38,1) : 1
(39,0) : 1
(27,2) : 1
(48,0) : 3
(28,0) : 1
(27,0) : 1
(15,0) : 5
(30,0) : 1
(25,0) : 2
(37,1) : 1
(8,1) : 2
(1,1) : 4
(13,1) : 1
(5,1) : 2
(47,3) : 1
(10,1) : 2
(43,1) : 1
(26,1) : 1
(33,0) : 1
(45,2) : 1
(31,0) : 1
(9,1) : 1
(7,1) : 3
(14,1) : 1
(36,0) : 1
(13,2) : 1
(21,0) : 1
(33,3) : 1
(12,1) : 2
(15,1) : 1
(7,2) : 1
(14,2) : 1
(0,1) : 3
(3,1) : 1
(4,1) : 1
(0,0) : 4
