pop size : 10000, betaG : 0.08500, lambdaH : 0.10000, lambdaW : 0.00100, gamma : 0.12500, Tmax : 150.00, threshold of infected : 0.010
0.37 0.32 0.13 0.12 0.04 0.02 
0.2192 0.12 0.08 0.06 0.05 0.045 0.04 0.035 0.03 0.02 0.02 0.02 0.015 0.015 0.015 0.015 0.001 0.001 0.001 0.001 0.001 0.001 0.001 0.001 0.001 0.001 0.001 0.001 0.001 0.001 0.001 0.001 0.001 0.001 0.001 0.001 0.001 0.001 0.001 0.001 0.001 0.0001 0.0001 0.0001 0.0001 0.0001 0.0001 0.0001 0.0001 0.175 
Proportion of infected at cutoff : 0.0100
Proportion of susceptibles at cutoff : 0.9733
(49,1) : 13
(49,0) : 29
(47,3) : 2
(11,0) : 21
(47,1) : 4
(3,0) : 49
(50,0) : 43
(1,0) : 167
(9,0) : 21
(48,0) : 10
(12,1) : 1
(8,0) : 21
(48,2) : 3
(28,1) : 1
(13,1) : 4
(13,0) : 13
(5,0) : 39
(21,1) : 1
(12,0) : 17
(47,2) : 5
(14,0) : 11
(16,0) : 8
(46,0) : 2
(7,0) : 24
(47,0) : 1
(48,1) : 8
(4,0) : 45
(46,1) : 3
(14,1) : 2
(21,0) : 1
(24,0) : 1
(7,1) : 4
(20,0) : 2
(6,0) : 23
(28,0) : 2
(2,0) : 80
(44,0) : 1
(41,0) : 1
(46,2) : 3
(10,0) : 14
(15,0) : 6
(23,0) : 1
(42,0) : 1
(18,0) : 1
(36,0) : 2
(22,1) : 1
(25,0) : 1
(45,2) : 1
(4,1) : 4
(19,0) : 1
(14,2) : 1
(15,1) : 2
(6,1) : 2
(27,1) : 1
(45,3) : 1
(38,0) : 1
(37,0) : 1
(11,1) : 1
(16,1) : 1
(8,1) : 2
(0,0) : 3
(3,1) : 1
(8,2) : 1
(2,1) : 4
(10,1) : 1
(5,1) : 1
(0,1) : 1
