pop size : 10000, betaG : 0.08500, lambdaH : 0.10000, lambdaW : 0.00100, gamma : 0.12500, Tmax : 150.00, threshold of infected : 0.010
0.37 0.32 0.13 0.12 0.04 0.02 
0.2192 0.12 0.08 0.06 0.05 0.045 0.04 0.035 0.03 0.02 0.02 0.02 0.015 0.015 0.015 0.015 0.001 0.001 0.001 0.001 0.001 0.001 0.001 0.001 0.001 0.001 0.001 0.001 0.001 0.001 0.001 0.001 0.001 0.001 0.001 0.001 0.001 0.001 0.001 0.001 0.001 0.0001 0.0001 0.0001 0.0001 0.0001 0.0001 0.0001 0.0001 0.175 
Proportion of infected at cutoff : 0.0100
Proportion of susceptibles at cutoff : 0.9767
(50,0) : 51
(47,2) : 2
(49,0) : 27
(4,0) : 44
(47,1) : 6
(49,1) : 15
(47,0) : 4
(9,0) : 23
(48,1) : 10
(11,0) : 14
(6,0) : 32
(45,4) : 2
(14,0) : 10
(48,0) : 10
(46,2) : 2
(10,0) : 12
(13,0) : 11
(15,0) : 9
(46,3) : 1
(7,0) : 21
(3,0) : 64
(29,0) : 1
(25,0) : 1
(13,1) : 2
(5,0) : 38
(45,5) : 1
(41,0) : 1
(45,1) : 1
(1,0) : 177
(12,0) : 11
(2,1) : 7
(11,1) : 2
(28,0) : 1
(48,2) : 3
(45,3) : 1
(2,0) : 83
(20,1) : 1
(42,4) : 1
(8,0) : 19
(37,2) : 1
(21,1) : 1
(32,1) : 2
(16,0) : 7
(12,1) : 1
(8,1) : 1
(14,1) : 1
(10,1) : 2
(40,0) : 1
(9,1) : 2
(22,0) : 1
(15,1) : 1
(24,0) : 1
(33,1) : 1
(4,1) : 1
(3,1) : 3
(5,1) : 1
(0,0) : 1
