pop size : 10000, betaG : 0.08500, lambdaH : 0.10000, lambdaW : 0.00100, gamma : 0.12500, Tmax : 150.00, threshold of infected : 0.010
0.37 0.32 0.13 0.12 0.04 0.02 
0.2192 0.12 0.08 0.06 0.05 0.045 0.04 0.035 0.03 0.02 0.02 0.02 0.015 0.015 0.015 0.015 0.001 0.001 0.001 0.001 0.001 0.001 0.001 0.001 0.001 0.001 0.001 0.001 0.001 0.001 0.001 0.001 0.001 0.001 0.001 0.001 0.001 0.001 0.001 0.001 0.001 0.0001 0.0001 0.0001 0.0001 0.0001 0.0001 0.0001 0.0001 0.175 
Proportion of infected at cutoff : 0.0100
Proportion of susceptibles at cutoff : 0.9751
(5,0) : 26
(16,0) : 8
(49,0) : 23
(4,0) : 44
(46,1) : 4
(50,0) : 43
(46,2) : 4
(48,1) : 8
(48,0) : 9
(32,0) : 1
(8,1) : 1
(8,0) : 32
(14,1) : 4
(49,1) : 16
(3,0) : 52
(10,0) : 13
(47,1) : 6
(15,1) : 1
(14,0) : 16
(2,0) : 91
(6,0) : 30
(31,0) : 1
(46,3) : 1
(11,0) : 15
(7,1) : 3
(47,2) : 7
(21,0) : 1
(44,2) : 1
(17,0) : 2
(35,2) : 1
(15,0) : 10
(42,0) : 1
(30,0) : 1
(1,0) : 153
(40,0) : 2
(13,0) : 12
(12,0) : 9
(9,0) : 18
(23,0) : 1
(33,0) : 1
(48,2) : 4
(7,0) : 27
(44,1) : 1
(47,0) : 2
(9,1) : 1
(6,1) : 2
(14,2) : 1
(44,5) : 1
(39,0) : 1
(38,0) : 2
(29,0) : 1
(3,1) : 2
(43,0) : 1
(19,0) : 1
(25,0) : 1
(10,1) : 1
(20,0) : 1
(13,1) : 1
(5,1) : 2
(0,1) : 3
