pop size : 10000, betaG : 0.08500, lambdaH : 0.10000, lambdaW : 0.00100, gamma : 0.12500, Tmax : 150.00, threshold of infected : 0.010
0.37 0.32 0.13 0.12 0.04 0.02 
0.2192 0.12 0.08 0.06 0.05 0.045 0.04 0.035 0.03 0.02 0.02 0.02 0.015 0.015 0.015 0.015 0.001 0.001 0.001 0.001 0.001 0.001 0.001 0.001 0.001 0.001 0.001 0.001 0.001 0.001 0.001 0.001 0.001 0.001 0.001 0.001 0.001 0.001 0.001 0.001 0.001 0.0001 0.0001 0.0001 0.0001 0.0001 0.0001 0.0001 0.0001 0.175 
Proportion of infected at cutoff : 0.0100
Proportion of susceptibles at cutoff : 0.9742
(50,0) : 42
(47,1) : 6
(49,0) : 22
(48,0) : 9
(12,0) : 18
(25,0) : 1
(1,0) : 191
(47,2) : 3
(9,0) : 22
(3,0) : 67
(46,0) : 2
(44,0) : 1
(8,0) : 25
(49,1) : 18
(48,1) : 8
(11,1) : 3
(43,3) : 1
(11,0) : 18
(39,1) : 1
(16,0) : 5
(4,0) : 38
(14,0) : 11
(45,1) : 1
(5,0) : 43
(46,3) : 2
(48,2) : 6
(7,0) : 38
(6,0) : 36
(47,3) : 1
(47,0) : 2
(34,0) : 1
(15,0) : 13
(40,0) : 1
(23,1) : 2
(12,1) : 2
(13,1) : 2
(2,0) : 84
(13,0) : 11
(46,4) : 2
(10,0) : 10
(24,0) : 2
(31,0) : 1
(5,1) : 2
(29,0) : 1
(45,0) : 1
(10,1) : 3
(18,0) : 1
(9,2) : 1
(22,0) : 1
(21,0) : 1
(26,0) : 2
(46,1) : 1
(3,1) : 4
(35,0) : 1
(7,2) : 1
(17,0) : 1
(9,1) : 1
(1,1) : 3
(2,1) : 1
(0,0) : 1
