pop size : 10000, betaG : 0.08500, lambdaH : 0.10000, lambdaW : 0.00100, gamma : 0.12500, Tmax : 150.00, threshold of infected : 0.010
0.37 0.32 0.13 0.12 0.04 0.02 
0.2192 0.12 0.08 0.06 0.05 0.045 0.04 0.035 0.03 0.02 0.02 0.02 0.015 0.015 0.015 0.015 0.001 0.001 0.001 0.001 0.001 0.001 0.001 0.001 0.001 0.001 0.001 0.001 0.001 0.001 0.001 0.001 0.001 0.001 0.001 0.001 0.001 0.001 0.001 0.001 0.001 0.0001 0.0001 0.0001 0.0001 0.0001 0.0001 0.0001 0.0001 0.175 
Proportion of infected at cutoff : 0.0100
Proportion of susceptibles at cutoff : 0.9769
(49,1) : 18
(48,0) : 13
(50,0) : 50
(15,0) : 20
(9,0) : 27
(34,0) : 1
(6,0) : 42
(47,2) : 7
(4,0) : 42
(49,0) : 16
(3,0) : 53
(46,2) : 2
(5,0) : 32
(8,0) : 24
(48,1) : 9
(47,3) : 3
(47,1) : 2
(7,0) : 25
(10,0) : 14
(19,0) : 2
(13,0) : 11
(47,0) : 3
(46,0) : 2
(2,0) : 88
(1,0) : 185
(12,0) : 7
(48,2) : 3
(8,1) : 1
(46,4) : 1
(6,1) : 5
(33,0) : 2
(16,0) : 8
(14,1) : 2
(12,1) : 1
(14,0) : 10
(17,0) : 1
(4,1) : 3
(26,0) : 1
(23,0) : 1
(7,1) : 4
(45,1) : 1
(30,0) : 1
(45,5) : 1
(5,1) : 4
(43,4) : 1
(9,1) : 1
(11,0) : 9
(24,0) : 1
(38,0) : 1
(32,0) : 2
(27,0) : 1
(42,0) : 1
(13,1) : 1
(1,1) : 2
