pop size : 10000, betaG : 0.08500, lambdaH : 0.10000, lambdaW : 0.00100, gamma : 0.12500, Tmax : 150.00, threshold of infected : 0.010
0.37 0.32 0.13 0.12 0.04 0.02 
0.2192 0.12 0.08 0.06 0.05 0.045 0.04 0.035 0.03 0.02 0.02 0.02 0.015 0.015 0.015 0.015 0.001 0.001 0.001 0.001 0.001 0.001 0.001 0.001 0.001 0.001 0.001 0.001 0.001 0.001 0.001 0.001 0.001 0.001 0.001 0.001 0.001 0.001 0.001 0.001 0.001 0.0001 0.0001 0.0001 0.0001 0.0001 0.0001 0.0001 0.0001 0.175 
Proportion of infected at cutoff : 0.0100
Proportion of susceptibles at cutoff : 0.9813
(50,0) : 70
(6,0) : 33
(47,2) : 4
(9,0) : 22
(49,0) : 16
(48,0) : 6
(13,0) : 11
(11,0) : 9
(5,0) : 36
(2,0) : 94
(47,3) : 2
(12,0) : 11
(4,0) : 28
(49,1) : 18
(46,4) : 1
(48,2) : 3
(14,0) : 13
(7,0) : 25
(34,1) : 1
(47,1) : 2
(16,0) : 7
(36,0) : 1
(3,0) : 56
(8,0) : 20
(11,1) : 1
(48,1) : 5
(17,0) : 2
(35,0) : 1
(46,3) : 1
(8,1) : 2
(10,0) : 12
(20,0) : 1
(1,0) : 187
(44,0) : 1
(20,1) : 1
(46,1) : 1
(15,0) : 6
(44,3) : 1
(19,0) : 1
(22,0) : 1
(2,1) : 1
(45,3) : 2
(12,1) : 1
(5,1) : 1
(36,1) : 1
(23,1) : 1
(25,0) : 1
(7,1) : 4
(46,2) : 2
(37,0) : 1
(15,1) : 1
(30,0) : 1
(6,1) : 1
(26,0) : 2
(18,0) : 1
(39,0) : 1
(45,4) : 1
(4,1) : 3
(17,1) : 1
(29,0) : 1
(10,1) : 4
(11,2) : 1
(14,1) : 1
(3,1) : 1
(1,1) : 1
(0,0) : 1
(0,1) : 1
