pop size : 10000, betaG : 0.08500, lambdaH : 0.10000, lambdaW : 0.00100, gamma : 0.12500, Tmax : 150.00, threshold of infected : 0.010
0.37 0.32 0.13 0.12 0.04 0.02 
0.2192 0.12 0.08 0.06 0.05 0.045 0.04 0.035 0.03 0.02 0.02 0.02 0.015 0.015 0.015 0.015 0.001 0.001 0.001 0.001 0.001 0.001 0.001 0.001 0.001 0.001 0.001 0.001 0.001 0.001 0.001 0.001 0.001 0.001 0.001 0.001 0.001 0.001 0.001 0.001 0.001 0.0001 0.0001 0.0001 0.0001 0.0001 0.0001 0.0001 0.0001 0.175 
Proportion of infected at cutoff : 0.0100
Proportion of susceptibles at cutoff : 0.9740
(49,1) : 13
(7,1) : 2
(48,1) : 12
(48,0) : 10
(50,0) : 42
(49,0) : 26
(6,0) : 35
(16,0) : 10
(47,0) : 3
(7,0) : 34
(47,1) : 3
(15,0) : 9
(4,0) : 41
(10,1) : 4
(10,0) : 19
(47,2) : 6
(9,1) : 2
(41,0) : 3
(46,0) : 1
(1,0) : 171
(9,0) : 20
(44,4) : 1
(12,0) : 13
(24,0) : 2
(8,0) : 27
(46,1) : 6
(2,0) : 80
(11,0) : 13
(14,0) : 9
(3,0) : 58
(5,0) : 32
(29,1) : 1
(35,0) : 1
(45,1) : 1
(14,1) : 2
(48,2) : 2
(21,0) : 2
(8,1) : 2
(44,5) : 1
(20,0) : 1
(13,0) : 8
(46,2) : 1
(27,0) : 1
(26,1) : 1
(24,1) : 1
(5,1) : 1
(36,0) : 1
(46,3) : 2
(28,0) : 2
(12,1) : 1
(10,2) : 1
(16,2) : 1
(4,1) : 2
(0,0) : 3
(3,1) : 2
(43,2) : 1
(6,1) : 1
(30,0) : 1
(2,1) : 1
(11,1) : 1
(1,1) : 2
