pop size : 10000, betaG : 0.08500, lambdaH : 0.10000, lambdaW : 0.00100, gamma : 0.12500, Tmax : 150.00, threshold of infected : 0.010
0.37 0.32 0.13 0.12 0.04 0.02 
0.2192 0.12 0.08 0.06 0.05 0.045 0.04 0.035 0.03 0.02 0.02 0.02 0.015 0.015 0.015 0.015 0.001 0.001 0.001 0.001 0.001 0.001 0.001 0.001 0.001 0.001 0.001 0.001 0.001 0.001 0.001 0.001 0.001 0.001 0.001 0.001 0.001 0.001 0.001 0.001 0.001 0.0001 0.0001 0.0001 0.0001 0.0001 0.0001 0.0001 0.0001 0.175 
Proportion of infected at cutoff : 0.0100
Proportion of susceptibles at cutoff : 0.9791
(40,1) : 1
(5,0) : 43
(50,0) : 51
(8,0) : 34
(46,1) : 1
(12,0) : 11
(48,1) : 7
(4,1) : 1
(14,0) : 12
(49,0) : 20
(49,1) : 16
(45,2) : 1
(4,0) : 24
(48,2) : 7
(2,0) : 95
(48,0) : 9
(29,0) : 2
(7,0) : 22
(9,0) : 22
(37,0) : 2
(13,0) : 14
(15,0) : 18
(11,0) : 16
(47,0) : 1
(44,5) : 1
(47,1) : 4
(7,1) : 2
(15,1) : 2
(47,2) : 1
(16,0) : 13
(3,0) : 51
(1,0) : 167
(10,0) : 10
(31,0) : 2
(33,0) : 3
(46,2) : 3
(6,0) : 34
(44,4) : 1
(8,1) : 3
(47,3) : 1
(34,0) : 1
(26,0) : 1
(28,2) : 1
(40,0) : 1
(24,0) : 1
(42,3) : 1
(45,4) : 1
(2,1) : 4
(30,0) : 1
(12,1) : 2
(35,1) : 1
(13,1) : 2
(20,0) : 1
(14,1) : 2
(5,1) : 1
(9,2) : 1
(0,1) : 1
(6,1) : 1
(7,2) : 1
(0,0) : 2
