pop size : 10000, betaG : 0.08500, lambdaH : 0.10000, lambdaW : 0.00100, gamma : 0.12500, Tmax : 150.00, threshold of infected : 0.010
0.37 0.32 0.13 0.12 0.04 0.02 
0.2192 0.12 0.08 0.06 0.05 0.045 0.04 0.035 0.03 0.02 0.02 0.02 0.015 0.015 0.015 0.015 0.001 0.001 0.001 0.001 0.001 0.001 0.001 0.001 0.001 0.001 0.001 0.001 0.001 0.001 0.001 0.001 0.001 0.001 0.001 0.001 0.001 0.001 0.001 0.001 0.001 0.0001 0.0001 0.0001 0.0001 0.0001 0.0001 0.0001 0.0001 0.175 
Proportion of infected at cutoff : 0.0100
Proportion of susceptibles at cutoff : 0.9804
(3,0) : 49
(13,0) : 8
(50,0) : 58
(49,0) : 25
(47,1) : 1
(49,1) : 22
(4,0) : 40
(12,0) : 17
(8,0) : 14
(9,0) : 21
(47,3) : 3
(5,0) : 37
(25,0) : 1
(10,0) : 14
(48,1) : 7
(39,0) : 1
(48,2) : 7
(48,0) : 5
(45,3) : 1
(2,0) : 87
(47,0) : 4
(29,0) : 1
(47,2) : 4
(16,0) : 7
(15,0) : 8
(26,0) : 3
(7,0) : 24
(1,0) : 162
(34,1) : 1
(11,0) : 13
(37,0) : 1
(27,0) : 1
(3,2) : 1
(8,1) : 2
(46,3) : 1
(13,1) : 1
(6,0) : 31
(46,1) : 1
(28,0) : 1
(10,1) : 2
(26,1) : 1
(14,0) : 4
(4,1) : 2
(43,1) : 1
(33,1) : 1
(9,1) : 3
(5,1) : 3
(14,1) : 2
(17,0) : 1
(9,2) : 1
(46,2) : 1
(10,2) : 1
(7,1) : 1
(0,1) : 2
(2,1) : 1
(6,1) : 1
(0,0) : 2
