pop size : 10000, betaG : 0.08500, lambdaH : 0.10000, lambdaW : 0.00100, gamma : 0.12500, Tmax : 150.00, threshold of infected : 0.010
0.37 0.32 0.13 0.12 0.04 0.02 
0.2192 0.12 0.08 0.06 0.05 0.045 0.04 0.035 0.03 0.02 0.02 0.02 0.015 0.015 0.015 0.015 0.001 0.001 0.001 0.001 0.001 0.001 0.001 0.001 0.001 0.001 0.001 0.001 0.001 0.001 0.001 0.001 0.001 0.001 0.001 0.001 0.001 0.001 0.001 0.001 0.001 0.0001 0.0001 0.0001 0.0001 0.0001 0.0001 0.0001 0.0001 0.175 
Proportion of infected at cutoff : 0.0100
Proportion of susceptibles at cutoff : 0.9757
(47,1) : 5
(50,0) : 49
(16,0) : 11
(35,0) : 2
(49,0) : 27
(49,1) : 19
(45,1) : 1
(5,0) : 38
(13,0) : 11
(8,0) : 25
(7,0) : 20
(47,0) : 5
(48,1) : 6
(47,2) : 3
(14,0) : 10
(9,0) : 14
(46,2) : 2
(48,2) : 4
(15,0) : 14
(45,3) : 2
(48,0) : 7
(43,3) : 1
(1,0) : 164
(36,0) : 1
(6,0) : 28
(12,0) : 14
(26,2) : 1
(39,0) : 2
(25,0) : 1
(47,3) : 1
(11,0) : 13
(4,0) : 37
(10,0) : 12
(45,4) : 1
(3,0) : 47
(2,0) : 89
(8,1) : 4
(45,2) : 1
(45,5) : 1
(14,1) : 3
(44,0) : 1
(42,6) : 1
(13,1) : 3
(46,1) : 1
(29,0) : 1
(41,0) : 1
(10,2) : 1
(22,0) : 1
(19,0) : 1
(9,2) : 1
(0,1) : 1
(0,0) : 1
(6,2) : 1
(2,1) : 1
(1,1) : 1
