pop size : 10000, betaG : 0.08500, lambdaH : 0.10000, lambdaW : 0.00100, gamma : 0.12500, Tmax : 150.00, threshold of infected : 0.010
0.37 0.32 0.13 0.12 0.04 0.02 
0.2192 0.12 0.08 0.06 0.05 0.045 0.04 0.035 0.03 0.02 0.02 0.02 0.015 0.015 0.015 0.015 0.001 0.001 0.001 0.001 0.001 0.001 0.001 0.001 0.001 0.001 0.001 0.001 0.001 0.001 0.001 0.001 0.001 0.001 0.001 0.001 0.001 0.001 0.001 0.001 0.001 0.0001 0.0001 0.0001 0.0001 0.0001 0.0001 0.0001 0.0001 0.175 
Proportion of infected at cutoff : 0.0100
Proportion of susceptibles at cutoff : 0.9798
(50,0) : 67
(8,0) : 20
(49,1) : 14
(48,0) : 9
(47,2) : 7
(46,3) : 4
(31,0) : 1
(2,0) : 77
(48,2) : 5
(6,0) : 33
(49,0) : 15
(5,0) : 31
(15,0) : 14
(4,0) : 43
(7,1) : 2
(3,0) : 61
(9,0) : 19
(23,0) : 2
(34,0) : 1
(47,0) : 2
(37,0) : 1
(38,0) : 3
(11,0) : 15
(24,0) : 1
(48,1) : 4
(45,0) : 1
(11,1) : 1
(46,4) : 1
(14,0) : 15
(44,4) : 1
(26,0) : 1
(7,0) : 39
(47,1) : 2
(16,0) : 4
(2,1) : 3
(45,3) : 1
(1,0) : 158
(15,1) : 1
(18,0) : 1
(13,1) : 3
(12,0) : 10
(46,2) : 1
(25,0) : 1
(12,1) : 1
(5,1) : 2
(22,2) : 1
(10,0) : 6
(43,4) : 1
(13,0) : 7
(28,0) : 1
(19,0) : 1
(21,2) : 1
(22,0) : 1
(4,1) : 2
(30,2) : 1
(8,1) : 2
(17,0) : 1
(0,0) : 3
(3,2) : 1
(1,1) : 1
(0,1) : 1
