pop size : 10000, betaG : 0.08500, lambdaH : 0.10000, lambdaW : 0.00100, gamma : 0.12500, Tmax : 150.00, threshold of infected : 0.010
0.37 0.32 0.13 0.12 0.04 0.02 
0.2192 0.12 0.08 0.06 0.05 0.045 0.04 0.035 0.03 0.02 0.02 0.02 0.015 0.015 0.015 0.015 0.001 0.001 0.001 0.001 0.001 0.001 0.001 0.001 0.001 0.001 0.001 0.001 0.001 0.001 0.001 0.001 0.001 0.001 0.001 0.001 0.001 0.001 0.001 0.001 0.001 0.0001 0.0001 0.0001 0.0001 0.0001 0.0001 0.0001 0.0001 0.175 
Proportion of infected at cutoff : 0.0100
Proportion of susceptibles at cutoff : 0.9723
(1,0) : 149
(4,0) : 47
(42,1) : 1
(12,0) : 15
(11,0) : 11
(14,0) : 8
(47,2) : 4
(48,0) : 12
(8,0) : 21
(47,1) : 7
(50,0) : 44
(49,1) : 14
(48,1) : 7
(24,0) : 1
(23,0) : 1
(49,0) : 20
(38,0) : 1
(46,1) : 5
(25,0) : 3
(41,0) : 1
(16,0) : 6
(37,0) : 1
(43,4) : 1
(47,0) : 5
(48,2) : 3
(13,0) : 6
(45,2) : 1
(46,2) : 2
(45,3) : 1
(6,0) : 40
(5,0) : 40
(7,0) : 29
(2,0) : 83
(15,0) : 6
(26,0) : 1
(10,1) : 3
(6,1) : 1
(30,1) : 1
(17,0) : 3
(13,1) : 2
(45,1) : 1
(28,1) : 1
(3,0) : 62
(9,0) : 15
(46,0) : 1
(33,0) : 1
(37,2) : 1
(5,1) : 2
(42,3) : 1
(46,3) : 2
(26,1) : 1
(38,1) : 1
(10,0) : 13
(36,0) : 1
(32,0) : 1
(18,0) : 2
(14,1) : 3
(21,0) : 2
(34,1) : 1
(15,1) : 1
(8,1) : 1
(34,0) : 1
(1,1) : 3
(10,2) : 1
(7,1) : 2
(0,0) : 2
(0,1) : 2
