pop size : 10000, betaG : 0.08500, lambdaH : 0.10000, lambdaW : 0.00100, gamma : 0.12500, Tmax : 150.00, threshold of infected : 0.010
0.37 0.32 0.13 0.12 0.04 0.02 
0.2192 0.12 0.08 0.06 0.05 0.045 0.04 0.035 0.03 0.02 0.02 0.02 0.015 0.015 0.015 0.015 0.001 0.001 0.001 0.001 0.001 0.001 0.001 0.001 0.001 0.001 0.001 0.001 0.001 0.001 0.001 0.001 0.001 0.001 0.001 0.001 0.001 0.001 0.001 0.001 0.001 0.0001 0.0001 0.0001 0.0001 0.0001 0.0001 0.0001 0.0001 0.175 
Proportion of infected at cutoff : 0.0100
Proportion of susceptibles at cutoff : 0.9818
(47,2) : 6
(50,0) : 63
(7,0) : 19
(49,1) : 20
(46,1) : 2
(49,0) : 17
(9,0) : 24
(3,0) : 62
(48,1) : 10
(12,0) : 12
(10,0) : 12
(4,0) : 50
(9,1) : 2
(6,0) : 35
(48,0) : 2
(16,0) : 11
(11,0) : 11
(48,2) : 2
(47,1) : 4
(1,0) : 169
(41,0) : 4
(13,0) : 10
(33,0) : 2
(47,3) : 2
(17,0) : 1
(45,1) : 1
(28,0) : 1
(2,0) : 77
(8,0) : 22
(5,0) : 37
(18,0) : 1
(45,3) : 3
(32,3) : 1
(5,1) : 5
(2,1) : 2
(32,0) : 1
(44,2) : 1
(38,0) : 1
(14,1) : 1
(31,0) : 1
(15,0) : 6
(44,3) : 1
(14,0) : 8
(24,0) : 1
(25,0) : 1
(8,1) : 2
(7,1) : 2
(26,0) : 1
(39,2) : 1
(20,0) : 1
(10,1) : 1
(22,0) : 1
(15,1) : 1
(6,1) : 1
(11,1) : 1
(3,1) : 1
(12,1) : 1
(7,2) : 1
