pop size : 10000, betaG : 0.08500, lambdaH : 0.10000, lambdaW : 0.00100, gamma : 0.12500, Tmax : 150.00, threshold of infected : 0.010
0.37 0.32 0.13 0.12 0.04 0.02 
0.2192 0.12 0.08 0.06 0.05 0.045 0.04 0.035 0.03 0.02 0.02 0.02 0.015 0.015 0.015 0.015 0.001 0.001 0.001 0.001 0.001 0.001 0.001 0.001 0.001 0.001 0.001 0.001 0.001 0.001 0.001 0.001 0.001 0.001 0.001 0.001 0.001 0.001 0.001 0.001 0.001 0.0001 0.0001 0.0001 0.0001 0.0001 0.0001 0.0001 0.0001 0.175 
Proportion of infected at cutoff : 0.0100
Proportion of susceptibles at cutoff : 0.9779
(48,0) : 7
(8,0) : 26
(1,0) : 190
(16,0) : 9
(15,0) : 13
(50,0) : 46
(47,2) : 4
(41,0) : 2
(46,1) : 3
(49,0) : 20
(7,0) : 40
(48,2) : 5
(49,1) : 20
(48,1) : 7
(4,0) : 48
(2,0) : 102
(45,1) : 1
(13,0) : 12
(5,0) : 31
(9,0) : 21
(47,1) : 4
(6,0) : 27
(46,2) : 1
(11,0) : 16
(19,0) : 1
(3,0) : 57
(35,0) : 1
(46,0) : 1
(40,1) : 1
(46,4) : 1
(10,0) : 17
(32,0) : 3
(12,0) : 15
(21,0) : 2
(38,2) : 1
(40,0) : 1
(37,2) : 1
(45,2) : 1
(7,1) : 1
(20,0) : 1
(14,0) : 6
(46,3) : 1
(2,1) : 4
(15,1) : 2
(10,2) : 1
(17,1) : 1
(34,1) : 1
(47,0) : 1
(27,0) : 1
(26,0) : 1
(22,0) : 1
(26,1) : 1
(33,0) : 1
(14,1) : 1
(12,1) : 1
(28,0) : 1
(39,0) : 1
(38,8) : 1
(6,1) : 1
(8,1) : 2
(11,1) : 1
(25,0) : 2
(0,1) : 2
(9,1) : 1
(3,1) : 1
(1,1) : 1
