pop size : 10000, betaG : 0.08500, lambdaH : 0.10000, lambdaW : 0.00100, gamma : 0.12500, Tmax : 150.00, threshold of infected : 0.010
0.37 0.32 0.13 0.12 0.04 0.02 
0.2192 0.12 0.08 0.06 0.05 0.045 0.04 0.035 0.03 0.02 0.02 0.02 0.015 0.015 0.015 0.015 0.001 0.001 0.001 0.001 0.001 0.001 0.001 0.001 0.001 0.001 0.001 0.001 0.001 0.001 0.001 0.001 0.001 0.001 0.001 0.001 0.001 0.001 0.001 0.001 0.001 0.0001 0.0001 0.0001 0.0001 0.0001 0.0001 0.0001 0.0001 0.175 
Proportion of infected at cutoff : 0.0100
Proportion of susceptibles at cutoff : 0.9765
(50,0) : 52
(48,0) : 9
(49,0) : 17
(2,0) : 87
(25,1) : 1
(45,2) : 1
(11,0) : 15
(5,0) : 36
(49,1) : 23
(9,0) : 15
(29,0) : 1
(46,2) : 2
(12,0) : 14
(14,0) : 14
(4,0) : 41
(48,1) : 10
(10,0) : 13
(47,1) : 5
(46,0) : 1
(16,0) : 12
(34,1) : 1
(42,3) : 1
(1,0) : 147
(6,0) : 39
(44,5) : 2
(18,0) : 1
(40,0) : 1
(7,0) : 25
(43,1) : 1
(13,0) : 12
(24,1) : 1
(8,0) : 13
(3,0) : 60
(44,1) : 2
(22,0) : 1
(41,6) : 1
(26,0) : 1
(47,0) : 2
(23,0) : 1
(48,2) : 3
(39,0) : 1
(31,0) : 2
(47,3) : 1
(25,0) : 1
(15,0) : 8
(17,0) : 2
(15,1) : 1
(2,1) : 2
(19,0) : 1
(26,1) : 1
(9,1) : 3
(10,1) : 2
(14,1) : 1
(28,1) : 1
(22,1) : 1
(45,1) : 1
(7,1) : 2
(5,1) : 1
(6,1) : 1
(8,1) : 1
(11,1) : 1
(3,1) : 1
(0,0) : 3
(0,1) : 2
