pop size : 10000, betaG : 0.08500, lambdaH : 0.10000, lambdaW : 0.00100, gamma : 0.12500, Tmax : 150.00, threshold of infected : 0.010
0.37 0.32 0.13 0.12 0.04 0.02 
0.2192 0.12 0.08 0.06 0.05 0.045 0.04 0.035 0.03 0.02 0.02 0.02 0.015 0.015 0.015 0.015 0.001 0.001 0.001 0.001 0.001 0.001 0.001 0.001 0.001 0.001 0.001 0.001 0.001 0.001 0.001 0.001 0.001 0.001 0.001 0.001 0.001 0.001 0.001 0.001 0.001 0.0001 0.0001 0.0001 0.0001 0.0001 0.0001 0.0001 0.0001 0.175 
Proportion of infected at cutoff : 0.0100
Proportion of susceptibles at cutoff : 0.9745
(49,1) : 18
(48,1) : 9
(49,0) : 17
(14,0) : 13
(4,0) : 49
(16,0) : 11
(19,0) : 1
(47,1) : 1
(48,0) : 16
(13,0) : 9
(46,2) : 3
(12,0) : 12
(3,0) : 59
(32,0) : 1
(50,0) : 48
(2,0) : 91
(3,1) : 1
(1,0) : 154
(25,0) : 1
(10,1) : 2
(46,0) : 1
(37,0) : 1
(42,2) : 1
(9,0) : 13
(7,0) : 27
(48,2) : 4
(47,2) : 3
(30,1) : 1
(6,0) : 35
(47,0) : 4
(5,0) : 44
(11,0) : 8
(46,1) : 2
(22,0) : 3
(34,0) : 2
(8,1) : 2
(8,0) : 21
(30,0) : 1
(10,0) : 5
(15,0) : 7
(45,4) : 1
(27,0) : 1
(44,2) : 1
(47,3) : 2
(39,0) : 2
(43,0) : 1
(40,0) : 1
(11,1) : 2
(44,1) : 1
(44,6) : 1
(12,1) : 1
(2,1) : 1
(28,0) : 1
(44,4) : 1
(33,1) : 1
(4,1) : 3
(19,1) : 1
(20,0) : 1
(6,1) : 1
(14,1) : 1
(9,1) : 1
(1,1) : 2
(11,2) : 1
(15,1) : 2
(0,0) : 1
(0,1) : 1
