pop size : 10000, betaG : 0.08500, lambdaH : 0.10000, lambdaW : 0.00100, gamma : 0.12500, Tmax : 150.00, threshold of infected : 0.010
0.37 0.32 0.13 0.12 0.04 0.02 
0.2192 0.12 0.08 0.06 0.05 0.045 0.04 0.035 0.03 0.02 0.02 0.02 0.015 0.015 0.015 0.015 0.001 0.001 0.001 0.001 0.001 0.001 0.001 0.001 0.001 0.001 0.001 0.001 0.001 0.001 0.001 0.001 0.001 0.001 0.001 0.001 0.001 0.001 0.001 0.001 0.001 0.0001 0.0001 0.0001 0.0001 0.0001 0.0001 0.0001 0.0001 0.175 
Proportion of infected at cutoff : 0.0100
Proportion of susceptibles at cutoff : 0.9763
(6,0) : 34
(50,0) : 43
(48,0) : 6
(47,0) : 5
(49,1) : 27
(46,2) : 2
(11,0) : 16
(43,2) : 1
(8,0) : 23
(48,1) : 10
(47,1) : 4
(5,0) : 48
(19,0) : 1
(26,1) : 1
(47,2) : 4
(9,0) : 25
(41,0) : 1
(1,0) : 148
(12,0) : 18
(49,0) : 17
(10,0) : 13
(4,0) : 49
(15,0) : 10
(44,2) : 1
(48,2) : 4
(47,3) : 1
(30,1) : 1
(16,0) : 8
(28,0) : 1
(14,0) : 13
(32,0) : 2
(2,0) : 69
(33,1) : 2
(24,0) : 1
(7,0) : 33
(1,1) : 3
(36,0) : 1
(46,3) : 3
(20,0) : 1
(45,2) : 1
(46,0) : 1
(3,0) : 63
(10,1) : 1
(13,0) : 8
(14,1) : 1
(25,0) : 1
(0,0) : 5
(26,0) : 1
(6,1) : 2
(11,1) : 1
(17,0) : 1
(18,0) : 1
(34,0) : 2
(4,1) : 3
(15,1) : 1
(3,1) : 1
(2,1) : 1
(0,1) : 3
