pop size : 10000, betaG : 0.08500, lambdaH : 0.10000, lambdaW : 0.00100, gamma : 0.12500, Tmax : 150.00, threshold of infected : 0.010
0.37 0.32 0.13 0.12 0.04 0.02 
0.2192 0.12 0.08 0.06 0.05 0.045 0.04 0.035 0.03 0.02 0.02 0.02 0.015 0.015 0.015 0.015 0.001 0.001 0.001 0.001 0.001 0.001 0.001 0.001 0.001 0.001 0.001 0.001 0.001 0.001 0.001 0.001 0.001 0.001 0.001 0.001 0.001 0.001 0.001 0.001 0.001 0.0001 0.0001 0.0001 0.0001 0.0001 0.0001 0.0001 0.0001 0.175 
Proportion of infected at cutoff : 0.0100
Proportion of susceptibles at cutoff : 0.9734
(11,0) : 20
(38,1) : 1
(12,0) : 14
(37,0) : 2
(49,0) : 22
(9,0) : 20
(2,0) : 115
(47,3) : 1
(1,0) : 203
(50,0) : 41
(3,1) : 3
(48,0) : 11
(6,0) : 37
(47,0) : 5
(46,2) : 2
(15,0) : 4
(22,0) : 2
(4,0) : 62
(47,1) : 1
(49,1) : 16
(48,1) : 11
(8,0) : 19
(21,0) : 3
(7,0) : 41
(3,0) : 61
(46,0) : 1
(13,0) : 12
(45,1) : 1
(48,2) : 7
(5,0) : 40
(40,0) : 1
(11,1) : 1
(47,2) : 3
(16,0) : 7
(6,1) : 3
(12,1) : 4
(46,1) : 2
(41,0) : 1
(24,0) : 1
(25,0) : 1
(0,0) : 4
(25,1) : 1
(39,0) : 1
(23,1) : 1
(10,0) : 22
(18,0) : 1
(45,4) : 1
(7,1) : 2
(43,3) : 1
(23,2) : 1
(12,2) : 2
(14,0) : 2
(8,1) : 1
(21,1) : 1
(30,0) : 1
(20,0) : 1
(13,1) : 2
(5,1) : 2
(2,1) : 1
(0,1) : 2
(4,1) : 2
(1,1) : 2
