pop size : 10000, betaG : 0.08500, lambdaH : 0.10000, lambdaW : 0.00100, gamma : 0.12500, Tmax : 150.00, threshold of infected : 0.010
0.37 0.32 0.13 0.12 0.04 0.02 
0.2192 0.12 0.08 0.06 0.05 0.045 0.04 0.035 0.03 0.02 0.02 0.02 0.015 0.015 0.015 0.015 0.001 0.001 0.001 0.001 0.001 0.001 0.001 0.001 0.001 0.001 0.001 0.001 0.001 0.001 0.001 0.001 0.001 0.001 0.001 0.001 0.001 0.001 0.001 0.001 0.001 0.0001 0.0001 0.0001 0.0001 0.0001 0.0001 0.0001 0.0001 0.175 
Proportion of infected at cutoff : 0.0100
Proportion of susceptibles at cutoff : 0.9777
(50,0) : 52
(1,0) : 165
(2,0) : 93
(49,1) : 15
(10,0) : 10
(7,0) : 30
(25,0) : 2
(5,0) : 37
(8,0) : 30
(7,1) : 1
(48,1) : 11
(48,2) : 7
(13,0) : 12
(12,1) : 3
(49,0) : 19
(47,1) : 4
(48,0) : 6
(6,0) : 33
(47,3) : 2
(44,3) : 1
(47,0) : 3
(12,0) : 16
(16,0) : 7
(9,0) : 27
(44,4) : 1
(46,2) : 2
(43,6) : 1
(14,0) : 7
(46,1) : 2
(47,2) : 5
(34,0) : 1
(11,0) : 16
(15,0) : 8
(11,1) : 2
(46,0) : 1
(4,0) : 40
(19,0) : 2
(3,0) : 74
(6,1) : 2
(14,1) : 1
(24,0) : 1
(37,1) : 1
(8,1) : 2
(29,1) : 1
(27,0) : 1
(26,0) : 2
(36,0) : 1
(20,0) : 1
(22,0) : 1
(10,1) : 2
(15,1) : 1
(21,0) : 1
(40,0) : 1
(1,1) : 2
(3,1) : 1
(0,0) : 3
(0,1) : 2
