pop size : 10000, betaG : 0.08500, lambdaH : 0.10000, lambdaW : 0.00100, gamma : 0.12500, Tmax : 150.00, threshold of infected : 0.010
0.37 0.32 0.13 0.12 0.04 0.02 
0.2192 0.12 0.08 0.06 0.05 0.045 0.04 0.035 0.03 0.02 0.02 0.02 0.015 0.015 0.015 0.015 0.001 0.001 0.001 0.001 0.001 0.001 0.001 0.001 0.001 0.001 0.001 0.001 0.001 0.001 0.001 0.001 0.001 0.001 0.001 0.001 0.001 0.001 0.001 0.001 0.001 0.0001 0.0001 0.0001 0.0001 0.0001 0.0001 0.0001 0.0001 0.175 
Proportion of infected at cutoff : 0.0100
Proportion of susceptibles at cutoff : 0.9842
(4,0) : 48
(9,0) : 23
(50,0) : 74
(46,1) : 2
(28,0) : 1
(49,0) : 14
(49,1) : 19
(7,0) : 30
(1,0) : 156
(48,1) : 3
(2,0) : 81
(16,0) : 8
(13,0) : 10
(34,0) : 2
(47,2) : 6
(11,0) : 11
(29,0) : 2
(48,2) : 11
(5,0) : 33
(11,1) : 1
(43,4) : 1
(14,0) : 12
(39,0) : 2
(3,0) : 64
(8,0) : 20
(46,3) : 1
(47,3) : 1
(10,0) : 10
(6,0) : 33
(26,0) : 1
(1,1) : 3
(29,2) : 1
(35,0) : 1
(25,0) : 2
(38,0) : 1
(30,0) : 1
(36,1) : 1
(13,2) : 1
(11,2) : 1
(7,1) : 2
(32,1) : 2
(45,1) : 1
(28,1) : 1
(47,1) : 1
(12,0) : 7
(8,1) : 2
(10,1) : 1
(20,1) : 1
(24,0) : 2
(42,0) : 1
(23,0) : 1
(4,1) : 2
(33,1) : 1
(15,0) : 1
(0,1) : 2
(17,0) : 1
(6,1) : 2
(9,1) : 1
(5,2) : 1
