pop size : 10000, betaG : 0.08500, lambdaH : 0.10000, lambdaW : 0.00100, gamma : 0.12500, Tmax : 150.00, threshold of infected : 0.010
0.37 0.32 0.13 0.12 0.04 0.02 
0.2192 0.12 0.08 0.06 0.05 0.045 0.04 0.035 0.03 0.02 0.02 0.02 0.015 0.015 0.015 0.015 0.001 0.001 0.001 0.001 0.001 0.001 0.001 0.001 0.001 0.001 0.001 0.001 0.001 0.001 0.001 0.001 0.001 0.001 0.001 0.001 0.001 0.001 0.001 0.001 0.001 0.0001 0.0001 0.0001 0.0001 0.0001 0.0001 0.0001 0.0001 0.175 
Proportion of infected at cutoff : 0.0100
Proportion of susceptibles at cutoff : 0.9769
(48,0) : 8
(49,0) : 22
(47,2) : 4
(13,1) : 2
(1,0) : 171
(9,0) : 18
(4,0) : 54
(49,1) : 14
(46,2) : 1
(50,0) : 49
(5,0) : 42
(48,1) : 7
(16,0) : 10
(48,2) : 4
(47,1) : 6
(13,0) : 7
(8,1) : 1
(40,0) : 2
(15,0) : 12
(37,0) : 2
(7,0) : 25
(8,0) : 33
(25,0) : 1
(7,1) : 2
(47,0) : 2
(46,1) : 2
(14,0) : 13
(46,0) : 3
(47,3) : 2
(3,0) : 64
(11,1) : 2
(30,0) : 1
(36,0) : 1
(2,0) : 90
(36,1) : 2
(6,0) : 35
(32,0) : 1
(10,0) : 13
(32,1) : 1
(45,0) : 1
(38,2) : 1
(11,0) : 5
(25,1) : 1
(35,1) : 1
(46,3) : 1
(12,0) : 11
(4,2) : 1
(33,3) : 1
(14,1) : 3
(28,0) : 1
(26,0) : 1
(10,1) : 2
(21,0) : 1
(9,1) : 2
(12,1) : 2
(17,0) : 1
(26,1) : 1
(5,1) : 1
(31,0) : 1
(7,2) : 1
(6,1) : 3
(3,1) : 2
(4,1) : 2
(20,0) : 1
(1,1) : 3
(0,0) : 1
(2,1) : 1
(0,1) : 1
