pop size : 10000, betaG : 0.08500, lambdaH : 0.10000, lambdaW : 0.00100, gamma : 0.12500, Tmax : 150.00, threshold of infected : 0.010
0.37 0.32 0.13 0.12 0.04 0.02 
0.2192 0.12 0.08 0.06 0.05 0.045 0.04 0.035 0.03 0.02 0.02 0.02 0.015 0.015 0.015 0.015 0.001 0.001 0.001 0.001 0.001 0.001 0.001 0.001 0.001 0.001 0.001 0.001 0.001 0.001 0.001 0.001 0.001 0.001 0.001 0.001 0.001 0.001 0.001 0.001 0.001 0.0001 0.0001 0.0001 0.0001 0.0001 0.0001 0.0001 0.0001 0.175 
Proportion of infected at cutoff : 0.0100
Proportion of susceptibles at cutoff : 0.9788
(8,0) : 20
(4,0) : 43
(48,1) : 14
(49,0) : 25
(50,0) : 54
(9,0) : 22
(47,3) : 2
(12,0) : 14
(1,0) : 152
(34,0) : 2
(48,0) : 7
(47,1) : 2
(26,0) : 1
(11,0) : 12
(49,1) : 18
(44,1) : 1
(7,0) : 31
(47,0) : 1
(13,1) : 1
(15,0) : 9
(3,0) : 54
(2,0) : 89
(16,0) : 7
(47,2) : 4
(44,2) : 1
(20,0) : 1
(13,0) : 7
(7,1) : 1
(2,1) : 2
(29,0) : 2
(32,0) : 1
(5,0) : 36
(46,3) : 3
(48,2) : 1
(14,0) : 10
(45,1) : 1
(10,0) : 9
(37,3) : 1
(11,1) : 2
(46,2) : 1
(40,0) : 1
(6,0) : 27
(25,0) : 1
(24,0) : 2
(46,4) : 1
(5,1) : 3
(35,0) : 1
(12,1) : 1
(6,1) : 3
(39,0) : 1
(14,1) : 3
(41,0) : 1
(15,1) : 1
(13,2) : 1
(8,1) : 1
(10,2) : 1
(9,1) : 1
(1,1) : 2
(19,0) : 1
(8,2) : 1
(0,0) : 2
(4,1) : 1
