pop size : 10000, betaG : 0.08500, lambdaH : 0.10000, lambdaW : 0.00100, gamma : 0.12500, Tmax : 150.00, threshold of infected : 0.010
0.37 0.32 0.13 0.12 0.04 0.02 
0.2192 0.12 0.08 0.06 0.05 0.045 0.04 0.035 0.03 0.02 0.02 0.02 0.015 0.015 0.015 0.015 0.001 0.001 0.001 0.001 0.001 0.001 0.001 0.001 0.001 0.001 0.001 0.001 0.001 0.001 0.001 0.001 0.001 0.001 0.001 0.001 0.001 0.001 0.001 0.001 0.001 0.0001 0.0001 0.0001 0.0001 0.0001 0.0001 0.0001 0.0001 0.175 
Proportion of infected at cutoff : 0.0100
Proportion of susceptibles at cutoff : 0.9763
(48,2) : 2
(3,0) : 47
(50,0) : 41
(49,0) : 38
(9,0) : 19
(14,0) : 11
(47,0) : 4
(49,1) : 18
(8,0) : 28
(31,0) : 1
(15,0) : 8
(6,0) : 30
(48,1) : 9
(20,0) : 1
(45,2) : 1
(48,0) : 5
(13,0) : 7
(1,0) : 171
(5,0) : 49
(45,1) : 2
(10,0) : 7
(7,0) : 25
(47,1) : 5
(46,3) : 2
(12,0) : 9
(46,2) : 4
(12,2) : 1
(47,3) : 1
(32,0) : 1
(9,1) : 3
(4,0) : 50
(11,1) : 1
(16,0) : 8
(36,0) : 2
(11,0) : 16
(14,1) : 2
(41,0) : 1
(2,0) : 88
(47,2) : 1
(0,0) : 3
(36,3) : 1
(8,1) : 1
(5,1) : 2
(12,1) : 2
(23,0) : 1
(13,1) : 4
(29,0) : 1
(4,1) : 3
(31,1) : 1
(7,1) : 3
(33,0) : 1
(30,2) : 1
(26,0) : 1
(43,4) : 1
(14,2) : 2
(19,1) : 1
(25,0) : 1
(15,1) : 1
(2,1) : 2
