pop size : 10000, betaG : 0.08500, lambdaH : 0.10000, lambdaW : 0.00100, gamma : 0.12500, Tmax : 150.00, threshold of infected : 0.010
0.37 0.32 0.13 0.12 0.04 0.02 
0.2192 0.12 0.08 0.06 0.05 0.045 0.04 0.035 0.03 0.02 0.02 0.02 0.015 0.015 0.015 0.015 0.001 0.001 0.001 0.001 0.001 0.001 0.001 0.001 0.001 0.001 0.001 0.001 0.001 0.001 0.001 0.001 0.001 0.001 0.001 0.001 0.001 0.001 0.001 0.001 0.001 0.0001 0.0001 0.0001 0.0001 0.0001 0.0001 0.0001 0.0001 0.175 
Proportion of infected at cutoff : 0.0100
Proportion of susceptibles at cutoff : 0.9762
(50,0) : 44
(14,0) : 12
(47,1) : 4
(7,0) : 22
(48,1) : 5
(12,0) : 21
(4,0) : 53
(5,0) : 34
(49,0) : 29
(44,2) : 1
(36,0) : 1
(47,0) : 1
(33,3) : 1
(2,0) : 96
(9,0) : 19
(13,0) : 11
(48,2) : 4
(49,1) : 17
(34,2) : 1
(47,2) : 5
(11,0) : 13
(18,2) : 1
(16,0) : 11
(43,0) : 1
(32,0) : 1
(6,0) : 43
(30,0) : 1
(28,1) : 1
(1,0) : 179
(3,0) : 51
(24,1) : 2
(48,0) : 3
(45,2) : 1
(46,4) : 1
(26,0) : 1
(5,1) : 2
(15,0) : 13
(14,1) : 2
(37,3) : 1
(38,0) : 1
(34,0) : 1
(8,0) : 22
(10,0) : 17
(17,0) : 1
(12,1) : 2
(41,0) : 1
(46,2) : 1
(29,0) : 2
(44,1) : 1
(6,1) : 5
(28,0) : 2
(19,0) : 3
(10,1) : 2
(2,1) : 4
(40,0) : 1
(33,0) : 1
(23,0) : 2
(15,1) : 1
(6,2) : 1
(45,1) : 1
(11,1) : 2
(3,1) : 2
(8,1) : 2
(22,0) : 2
(18,0) : 2
(9,1) : 1
(0,1) : 1
(13,1) : 1
(0,0) : 7
(7,1) : 1
(1,1) : 1
