pop size : 10000, betaG : 0.08500, lambdaH : 0.10000, lambdaW : 0.00100, gamma : 0.12500, Tmax : 150.00, threshold of infected : 0.010
0.37 0.32 0.13 0.12 0.04 0.02 
0.2192 0.12 0.08 0.06 0.05 0.045 0.04 0.035 0.03 0.02 0.02 0.02 0.015 0.015 0.015 0.015 0.001 0.001 0.001 0.001 0.001 0.001 0.001 0.001 0.001 0.001 0.001 0.001 0.001 0.001 0.001 0.001 0.001 0.001 0.001 0.001 0.001 0.001 0.001 0.001 0.001 0.0001 0.0001 0.0001 0.0001 0.0001 0.0001 0.0001 0.0001 0.175 
Proportion of infected at cutoff : 0.0100
Proportion of susceptibles at cutoff : 0.9733
(50,0) : 43
(47,1) : 4
(8,0) : 32
(49,1) : 15
(1,0) : 159
(44,3) : 3
(10,0) : 16
(4,1) : 2
(48,0) : 8
(5,0) : 30
(15,0) : 12
(49,0) : 31
(29,0) : 1
(48,1) : 7
(9,0) : 17
(7,0) : 31
(47,0) : 4
(3,0) : 77
(38,0) : 2
(14,0) : 14
(6,0) : 35
(27,1) : 1
(44,0) : 1
(2,0) : 78
(36,0) : 1
(23,0) : 1
(32,0) : 2
(13,0) : 9
(4,0) : 44
(48,2) : 3
(45,3) : 2
(17,0) : 2
(12,0) : 7
(35,4) : 1
(35,0) : 2
(24,2) : 1
(26,0) : 1
(46,2) : 1
(2,1) : 3
(11,0) : 12
(45,1) : 1
(41,5) : 1
(13,1) : 2
(47,3) : 1
(45,0) : 1
(46,1) : 2
(36,2) : 1
(43,1) : 1
(31,0) : 1
(39,0) : 1
(39,1) : 1
(44,1) : 1
(8,1) : 3
(5,1) : 4
(3,1) : 3
(24,1) : 1
(14,1) : 1
(21,0) : 1
(46,4) : 1
(10,1) : 1
(12,1) : 1
(11,1) : 1
(16,0) : 1
(6,1) : 1
(1,1) : 1
