pop size : 10000, betaG : 0.08500, lambdaH : 0.10000, lambdaW : 0.00100, gamma : 0.12500, Tmax : 150.00, threshold of infected : 0.010
0.37 0.32 0.13 0.12 0.04 0.02 
0.2192 0.12 0.08 0.06 0.05 0.045 0.04 0.035 0.03 0.02 0.02 0.02 0.015 0.015 0.015 0.015 0.001 0.001 0.001 0.001 0.001 0.001 0.001 0.001 0.001 0.001 0.001 0.001 0.001 0.001 0.001 0.001 0.001 0.001 0.001 0.001 0.001 0.001 0.001 0.001 0.001 0.0001 0.0001 0.0001 0.0001 0.0001 0.0001 0.0001 0.0001 0.175 
Proportion of infected at cutoff : 0.0100
Proportion of susceptibles at cutoff : 0.9784
(49,0) : 27
(50,0) : 62
(10,0) : 12
(47,0) : 2
(2,0) : 84
(13,1) : 1
(3,0) : 45
(49,1) : 9
(4,0) : 43
(6,0) : 28
(46,0) : 2
(46,4) : 1
(44,1) : 1
(11,0) : 15
(48,1) : 5
(35,1) : 1
(47,1) : 3
(29,1) : 1
(36,0) : 2
(48,2) : 9
(8,0) : 21
(47,2) : 3
(7,0) : 31
(17,0) : 1
(46,1) : 1
(29,0) : 1
(1,0) : 161
(12,0) : 12
(13,0) : 12
(9,0) : 21
(16,0) : 7
(24,0) : 1
(15,0) : 7
(18,0) : 2
(48,0) : 1
(33,0) : 1
(46,2) : 2
(6,1) : 4
(40,1) : 1
(44,6) : 1
(5,0) : 41
(14,1) : 1
(35,0) : 1
(8,1) : 3
(15,1) : 1
(36,1) : 1
(31,0) : 1
(39,0) : 1
(14,0) : 7
(0,1) : 3
(45,4) : 1
(30,0) : 1
(19,0) : 4
(41,0) : 1
(12,1) : 1
(23,1) : 1
(9,1) : 2
(2,2) : 1
(38,0) : 1
(2,1) : 1
(46,3) : 1
(11,1) : 2
(5,2) : 1
(5,1) : 2
(42,1) : 1
(8,2) : 1
(4,1) : 2
(3,1) : 1
(0,0) : 1
