pop size : 10000, betaG : 0.08500, lambdaH : 0.10000, lambdaW : 0.00100, gamma : 0.12500, Tmax : 150.00, threshold of infected : 0.010
0.37 0.32 0.13 0.12 0.04 0.02 
0.2192 0.12 0.08 0.06 0.05 0.045 0.04 0.035 0.03 0.02 0.02 0.02 0.015 0.015 0.015 0.015 0.001 0.001 0.001 0.001 0.001 0.001 0.001 0.001 0.001 0.001 0.001 0.001 0.001 0.001 0.001 0.001 0.001 0.001 0.001 0.001 0.001 0.001 0.001 0.001 0.001 0.0001 0.0001 0.0001 0.0001 0.0001 0.0001 0.0001 0.0001 0.175 
Proportion of infected at cutoff : 0.0100
Proportion of susceptibles at cutoff : 0.9769
(49,1) : 21
(49,0) : 29
(47,0) : 2
(9,0) : 18
(50,0) : 41
(7,0) : 23
(8,0) : 24
(16,0) : 10
(48,1) : 12
(13,0) : 13
(48,0) : 8
(46,0) : 3
(6,1) : 1
(12,0) : 15
(19,0) : 2
(8,2) : 1
(5,0) : 47
(47,3) : 2
(2,0) : 122
(15,0) : 3
(3,1) : 3
(1,0) : 175
(46,1) : 1
(4,0) : 46
(6,0) : 38
(44,5) : 1
(47,2) : 1
(10,0) : 13
(17,0) : 2
(48,2) : 1
(3,0) : 57
(34,0) : 1
(32,0) : 1
(45,4) : 1
(46,3) : 2
(14,0) : 19
(11,0) : 15
(14,1) : 2
(45,2) : 1
(46,4) : 1
(7,2) : 1
(45,0) : 1
(28,1) : 1
(14,2) : 1
(20,0) : 1
(47,1) : 1
(37,0) : 1
(11,1) : 2
(18,0) : 1
(31,1) : 2
(1,1) : 1
(28,0) : 1
(13,1) : 2
(10,1) : 2
(25,0) : 1
(15,1) : 1
(36,0) : 1
(0,1) : 1
(2,1) : 2
(33,3) : 1
(5,1) : 3
(7,1) : 1
(4,1) : 1
