pop size : 10000, betaG : 0.08500, lambdaH : 0.10000, lambdaW : 0.00100, gamma : 0.12500, Tmax : 150.00, threshold of infected : 0.010
0.37 0.32 0.13 0.12 0.04 0.02 
0.2192 0.12 0.08 0.06 0.05 0.045 0.04 0.035 0.03 0.02 0.02 0.02 0.015 0.015 0.015 0.015 0.001 0.001 0.001 0.001 0.001 0.001 0.001 0.001 0.001 0.001 0.001 0.001 0.001 0.001 0.001 0.001 0.001 0.001 0.001 0.001 0.001 0.001 0.001 0.001 0.001 0.0001 0.0001 0.0001 0.0001 0.0001 0.0001 0.0001 0.0001 0.175 
Proportion of infected at cutoff : 0.0100
Proportion of susceptibles at cutoff : 0.9791
(50,0) : 50
(49,1) : 19
(8,0) : 30
(49,0) : 18
(47,2) : 4
(3,0) : 52
(13,1) : 4
(47,1) : 8
(15,0) : 14
(16,0) : 10
(4,0) : 51
(10,0) : 8
(47,3) : 2
(23,0) : 1
(38,2) : 1
(48,1) : 9
(7,0) : 27
(5,0) : 34
(14,0) : 9
(9,0) : 28
(34,0) : 1
(48,2) : 5
(43,1) : 1
(12,0) : 10
(14,1) : 3
(6,0) : 32
(13,0) : 12
(11,0) : 14
(32,0) : 1
(2,0) : 68
(48,0) : 8
(46,2) : 3
(12,1) : 2
(41,0) : 1
(21,0) : 1
(1,0) : 150
(22,0) : 3
(28,0) : 1
(38,0) : 1
(27,0) : 1
(13,2) : 1
(10,1) : 2
(15,1) : 2
(25,0) : 3
(36,0) : 2
(6,1) : 2
(19,0) : 2
(40,0) : 1
(35,0) : 1
(45,4) : 1
(11,1) : 1
(0,0) : 1
(3,1) : 2
(8,1) : 1
(1,1) : 2
(4,1) : 2
(5,1) : 1
(2,1) : 1
