pop size : 10000, betaG : 0.08500, lambdaH : 0.10000, lambdaW : 0.00100, gamma : 0.12500, Tmax : 150.00, threshold of infected : 0.010
0.37 0.32 0.13 0.12 0.04 0.02 
0.2192 0.12 0.08 0.06 0.05 0.045 0.04 0.035 0.03 0.02 0.02 0.02 0.015 0.015 0.015 0.015 0.001 0.001 0.001 0.001 0.001 0.001 0.001 0.001 0.001 0.001 0.001 0.001 0.001 0.001 0.001 0.001 0.001 0.001 0.001 0.001 0.001 0.001 0.001 0.001 0.001 0.0001 0.0001 0.0001 0.0001 0.0001 0.0001 0.0001 0.0001 0.175 
Proportion of infected at cutoff : 0.0100
Proportion of susceptibles at cutoff : 0.9819
(50,0) : 66
(14,0) : 7
(48,0) : 5
(1,0) : 150
(5,0) : 33
(46,3) : 1
(48,2) : 9
(8,1) : 3
(45,1) : 1
(30,1) : 1
(49,1) : 16
(36,1) : 1
(3,0) : 52
(16,0) : 6
(6,0) : 33
(13,0) : 11
(4,0) : 41
(15,0) : 15
(10,0) : 20
(48,1) : 14
(49,0) : 4
(7,0) : 29
(47,2) : 4
(12,0) : 22
(11,0) : 12
(8,0) : 31
(33,0) : 1
(43,2) : 1
(47,3) : 1
(2,0) : 85
(41,0) : 1
(36,0) : 1
(9,0) : 24
(21,0) : 2
(21,1) : 1
(13,1) : 2
(5,1) : 2
(47,1) : 3
(30,0) : 1
(10,2) : 1
(25,0) : 1
(37,0) : 2
(23,0) : 1
(33,1) : 1
(4,1) : 2
(29,0) : 1
(18,0) : 1
(20,0) : 1
(6,1) : 2
(46,0) : 1
(1,1) : 2
(11,1) : 2
(15,1) : 2
(24,0) : 1
(19,0) : 1
(22,0) : 2
(46,1) : 1
(3,1) : 1
(10,1) : 1
(7,1) : 2
(12,1) : 1
(2,1) : 2
(0,1) : 1
