pop size : 10000, betaG : 0.08500, lambdaH : 0.10000, lambdaW : 0.00100, gamma : 0.12500, Tmax : 150.00, threshold of infected : 0.010
0.37 0.32 0.13 0.12 0.04 0.02 
0.2192 0.12 0.08 0.06 0.05 0.045 0.04 0.035 0.03 0.02 0.02 0.02 0.015 0.015 0.015 0.015 0.001 0.001 0.001 0.001 0.001 0.001 0.001 0.001 0.001 0.001 0.001 0.001 0.001 0.001 0.001 0.001 0.001 0.001 0.001 0.001 0.001 0.001 0.001 0.001 0.001 0.0001 0.0001 0.0001 0.0001 0.0001 0.0001 0.0001 0.0001 0.175 
Proportion of infected at cutoff : 0.0100
Proportion of susceptibles at cutoff : 0.9784
(33,1) : 1
(47,1) : 2
(48,0) : 12
(49,0) : 23
(48,1) : 10
(47,3) : 1
(29,1) : 1
(45,2) : 1
(50,0) : 51
(49,1) : 23
(6,0) : 30
(14,0) : 3
(16,0) : 9
(2,0) : 100
(10,0) : 4
(1,0) : 167
(24,0) : 1
(4,1) : 1
(47,2) : 2
(13,3) : 1
(48,2) : 6
(7,0) : 23
(12,0) : 11
(4,0) : 43
(3,0) : 56
(10,1) : 2
(46,2) : 3
(7,1) : 4
(47,0) : 2
(46,4) : 1
(11,1) : 1
(13,0) : 11
(8,0) : 25
(37,2) : 1
(5,0) : 26
(37,0) : 1
(15,1) : 1
(11,0) : 15
(39,0) : 1
(6,2) : 1
(9,0) : 15
(12,1) : 1
(15,0) : 13
(14,1) : 1
(19,0) : 1
(46,0) : 1
(43,2) : 1
(3,1) : 1
(44,0) : 1
(46,1) : 1
(6,1) : 3
(31,0) : 1
(20,0) : 1
(42,0) : 1
(45,1) : 1
(18,0) : 1
(4,3) : 1
(1,1) : 3
(0,0) : 1
