pop size : 10000, betaG : 0.08500, lambdaH : 0.10000, lambdaW : 0.00100, gamma : 0.12500, Tmax : 150.00, threshold of infected : 0.010
0.37 0.32 0.13 0.12 0.04 0.02 
0.2192 0.12 0.08 0.06 0.05 0.045 0.04 0.035 0.03 0.02 0.02 0.02 0.015 0.015 0.015 0.015 0.001 0.001 0.001 0.001 0.001 0.001 0.001 0.001 0.001 0.001 0.001 0.001 0.001 0.001 0.001 0.001 0.001 0.001 0.001 0.001 0.001 0.001 0.001 0.001 0.001 0.0001 0.0001 0.0001 0.0001 0.0001 0.0001 0.0001 0.0001 0.175 
Proportion of infected at cutoff : 0.0100
Proportion of susceptibles at cutoff : 0.9806
(50,0) : 68
(9,0) : 21
(49,1) : 16
(46,4) : 2
(49,0) : 20
(48,0) : 7
(48,2) : 6
(44,4) : 1
(47,3) : 1
(12,0) : 9
(3,0) : 54
(48,1) : 5
(4,0) : 42
(5,0) : 38
(26,1) : 2
(18,1) : 1
(19,0) : 1
(7,0) : 27
(10,0) : 15
(6,0) : 31
(16,0) : 9
(14,0) : 9
(41,3) : 1
(11,0) : 9
(38,0) : 1
(8,1) : 1
(1,0) : 157
(25,0) : 1
(2,0) : 81
(13,0) : 9
(47,0) : 1
(47,1) : 4
(31,2) : 1
(15,0) : 11
(15,1) : 1
(8,0) : 16
(36,0) : 1
(23,1) : 1
(18,0) : 1
(46,2) : 1
(45,3) : 1
(7,1) : 2
(13,1) : 2
(46,1) : 1
(46,3) : 1
(45,4) : 1
(29,0) : 1
(20,0) : 2
(3,1) : 2
(47,2) : 2
(28,0) : 1
(9,2) : 1
(39,1) : 1
(4,1) : 2
(5,1) : 2
(6,1) : 1
(21,0) : 1
(22,0) : 1
(1,1) : 4
(10,1) : 1
(2,1) : 1
