pop size : 10000, betaG : 0.08500, lambdaH : 0.10000, lambdaW : 0.00100, gamma : 0.12500, Tmax : 150.00, threshold of infected : 0.010
0.37 0.32 0.13 0.12 0.04 0.02 
0.2192 0.12 0.08 0.06 0.05 0.045 0.04 0.035 0.03 0.02 0.02 0.02 0.015 0.015 0.015 0.015 0.001 0.001 0.001 0.001 0.001 0.001 0.001 0.001 0.001 0.001 0.001 0.001 0.001 0.001 0.001 0.001 0.001 0.001 0.001 0.001 0.001 0.001 0.001 0.001 0.001 0.0001 0.0001 0.0001 0.0001 0.0001 0.0001 0.0001 0.0001 0.175 
Proportion of infected at cutoff : 0.0100
Proportion of susceptibles at cutoff : 0.9788
(36,0) : 2
(49,0) : 16
(32,0) : 2
(49,1) : 25
(46,2) : 2
(48,2) : 6
(50,0) : 48
(12,0) : 15
(46,1) : 4
(27,0) : 1
(2,0) : 87
(1,0) : 196
(5,0) : 31
(45,1) : 2
(47,1) : 7
(26,0) : 1
(48,0) : 5
(11,0) : 16
(25,1) : 1
(9,0) : 17
(4,0) : 48
(8,0) : 18
(44,0) : 1
(6,0) : 32
(3,0) : 55
(16,0) : 7
(47,2) : 2
(37,0) : 1
(45,2) : 1
(13,0) : 8
(23,0) : 4
(29,2) : 1
(15,0) : 10
(14,0) : 10
(10,0) : 23
(33,0) : 1
(13,1) : 1
(22,0) : 2
(45,3) : 1
(48,1) : 5
(24,0) : 1
(30,0) : 2
(37,1) : 1
(7,0) : 30
(44,2) : 1
(46,3) : 2
(25,0) : 1
(42,2) : 1
(4,1) : 2
(47,3) : 2
(21,1) : 1
(15,1) : 1
(28,0) : 1
(8,1) : 1
(12,1) : 1
(19,0) : 1
(5,1) : 2
(7,1) : 1
(6,1) : 1
(1,1) : 1
(0,0) : 2
