pop size : 10000, betaG : 0.08500, lambdaH : 0.10000, lambdaW : 0.00100, gamma : 0.12500, Tmax : 150.00, threshold of infected : 0.010
0.37 0.32 0.13 0.12 0.04 0.02 
0.2192 0.12 0.08 0.06 0.05 0.045 0.04 0.035 0.03 0.02 0.02 0.02 0.015 0.015 0.015 0.015 0.001 0.001 0.001 0.001 0.001 0.001 0.001 0.001 0.001 0.001 0.001 0.001 0.001 0.001 0.001 0.001 0.001 0.001 0.001 0.001 0.001 0.001 0.001 0.001 0.001 0.0001 0.0001 0.0001 0.0001 0.0001 0.0001 0.0001 0.0001 0.175 
Proportion of infected at cutoff : 0.0100
Proportion of susceptibles at cutoff : 0.9739
(49,1) : 22
(50,0) : 36
(3,0) : 56
(42,0) : 1
(15,0) : 15
(49,0) : 27
(11,0) : 15
(46,1) : 2
(7,0) : 28
(46,2) : 2
(47,3) : 2
(48,1) : 5
(2,0) : 104
(16,0) : 5
(14,0) : 12
(13,0) : 10
(37,0) : 1
(10,0) : 18
(48,0) : 11
(45,1) : 1
(5,0) : 46
(30,0) : 1
(46,0) : 4
(17,0) : 1
(6,0) : 34
(4,0) : 46
(8,0) : 39
(11,1) : 3
(12,0) : 16
(47,2) : 1
(46,4) : 1
(46,3) : 1
(45,2) : 1
(42,3) : 1
(43,5) : 1
(47,1) : 2
(45,4) : 1
(14,1) : 1
(9,0) : 16
(1,0) : 184
(23,1) : 1
(42,2) : 1
(34,0) : 2
(45,5) : 1
(47,0) : 1
(12,1) : 3
(48,2) : 4
(45,0) : 1
(22,0) : 1
(6,1) : 2
(9,1) : 2
(26,0) : 2
(10,1) : 1
(20,0) : 1
(8,1) : 1
(27,0) : 1
(24,0) : 1
(13,1) : 1
(2,1) : 3
(0,0) : 1
(1,1) : 2
