pop size : 10000, betaG : 0.08500, lambdaH : 0.10000, lambdaW : 0.00100, gamma : 0.12500, Tmax : 150.00, threshold of infected : 0.010
0.37 0.32 0.13 0.12 0.04 0.02 
0.2192 0.12 0.08 0.06 0.05 0.045 0.04 0.035 0.03 0.02 0.02 0.02 0.015 0.015 0.015 0.015 0.001 0.001 0.001 0.001 0.001 0.001 0.001 0.001 0.001 0.001 0.001 0.001 0.001 0.001 0.001 0.001 0.001 0.001 0.001 0.001 0.001 0.001 0.001 0.001 0.001 0.0001 0.0001 0.0001 0.0001 0.0001 0.0001 0.0001 0.0001 0.175 
Proportion of infected at cutoff : 0.0100
Proportion of susceptibles at cutoff : 0.9779
(30,0) : 2
(48,0) : 13
(10,0) : 14
(50,0) : 47
(6,0) : 39
(45,3) : 1
(49,1) : 24
(20,1) : 1
(14,0) : 10
(49,0) : 16
(2,0) : 86
(15,0) : 14
(47,3) : 2
(46,0) : 2
(8,0) : 21
(31,2) : 1
(14,1) : 1
(7,0) : 35
(48,1) : 7
(24,0) : 1
(47,2) : 3
(38,1) : 1
(23,0) : 1
(41,5) : 1
(10,1) : 3
(45,0) : 1
(9,1) : 2
(1,0) : 163
(12,0) : 14
(3,1) : 1
(12,1) : 1
(11,1) : 2
(16,0) : 7
(9,0) : 16
(48,2) : 5
(1,1) : 2
(47,0) : 1
(46,1) : 4
(13,1) : 2
(11,0) : 17
(47,1) : 4
(5,0) : 43
(3,0) : 47
(4,0) : 39
(8,1) : 1
(34,1) : 1
(45,2) : 1
(35,1) : 1
(33,0) : 1
(33,1) : 1
(29,0) : 1
(13,0) : 11
(17,0) : 1
(22,0) : 1
(18,1) : 1
(20,0) : 1
(6,1) : 2
(18,2) : 1
(0,0) : 4
(2,1) : 1
(5,1) : 1
