pop size : 10000, betaG : 0.08500, lambdaH : 0.10000, lambdaW : 0.00100, gamma : 0.12500, Tmax : 150.00, threshold of infected : 0.010
0.37 0.32 0.13 0.12 0.04 0.02 
0.2192 0.12 0.08 0.06 0.05 0.045 0.04 0.035 0.03 0.02 0.02 0.02 0.015 0.015 0.015 0.015 0.001 0.001 0.001 0.001 0.001 0.001 0.001 0.001 0.001 0.001 0.001 0.001 0.001 0.001 0.001 0.001 0.001 0.001 0.001 0.001 0.001 0.001 0.001 0.001 0.001 0.0001 0.0001 0.0001 0.0001 0.0001 0.0001 0.0001 0.0001 0.175 
Proportion of infected at cutoff : 0.0100
Proportion of susceptibles at cutoff : 0.9759
(50,0) : 43
(49,1) : 14
(48,1) : 8
(16,0) : 11
(49,0) : 29
(47,2) : 6
(12,1) : 3
(3,0) : 59
(31,0) : 2
(15,0) : 15
(14,0) : 12
(32,2) : 1
(46,4) : 1
(10,0) : 15
(2,0) : 91
(11,0) : 19
(5,1) : 2
(1,0) : 173
(5,0) : 37
(7,0) : 38
(40,0) : 1
(44,1) : 2
(46,0) : 1
(12,0) : 14
(6,0) : 40
(48,2) : 3
(48,0) : 5
(26,1) : 1
(27,0) : 1
(18,0) : 1
(8,0) : 27
(17,0) : 4
(4,0) : 49
(2,1) : 1
(13,0) : 13
(26,0) : 2
(47,0) : 1
(47,1) : 4
(46,3) : 1
(9,0) : 17
(15,1) : 2
(6,1) : 3
(44,3) : 1
(25,2) : 1
(21,0) : 1
(46,2) : 2
(11,1) : 2
(24,0) : 1
(37,1) : 1
(7,1) : 1
(42,4) : 1
(19,0) : 1
(14,1) : 1
(22,1) : 1
(38,1) : 1
(13,1) : 1
(9,1) : 3
(36,1) : 1
(3,1) : 2
(0,0) : 5
(10,1) : 1
(1,1) : 2
(12,2) : 1
(4,1) : 1
