pop size : 10000, betaG : 0.08500, lambdaH : 0.10000, lambdaW : 0.00100, gamma : 0.12500, Tmax : 150.00, threshold of infected : 0.010
0.37 0.32 0.13 0.12 0.04 0.02 
0.2192 0.12 0.08 0.06 0.05 0.045 0.04 0.035 0.03 0.02 0.02 0.02 0.015 0.015 0.015 0.015 0.001 0.001 0.001 0.001 0.001 0.001 0.001 0.001 0.001 0.001 0.001 0.001 0.001 0.001 0.001 0.001 0.001 0.001 0.001 0.001 0.001 0.001 0.001 0.001 0.001 0.0001 0.0001 0.0001 0.0001 0.0001 0.0001 0.0001 0.0001 0.175 
Proportion of infected at cutoff : 0.0100
Proportion of susceptibles at cutoff : 0.9725
(49,0) : 25
(34,1) : 1
(3,0) : 52
(45,2) : 2
(49,1) : 11
(47,2) : 1
(46,3) : 1
(15,0) : 9
(50,0) : 44
(8,0) : 24
(11,0) : 18
(48,1) : 14
(10,0) : 8
(35,0) : 2
(4,0) : 51
(48,2) : 3
(1,0) : 180
(12,0) : 17
(48,0) : 9
(22,0) : 2
(7,0) : 28
(41,4) : 1
(14,0) : 7
(31,1) : 1
(46,0) : 1
(47,0) : 6
(2,0) : 104
(6,0) : 27
(15,1) : 1
(27,1) : 1
(47,3) : 2
(5,0) : 38
(44,3) : 1
(9,1) : 1
(9,0) : 16
(5,1) : 1
(13,0) : 8
(30,0) : 2
(32,0) : 2
(12,1) : 2
(23,0) : 1
(16,0) : 10
(44,5) : 1
(8,1) : 3
(46,2) : 2
(18,0) : 3
(47,1) : 2
(33,0) : 1
(1,1) : 3
(40,0) : 1
(0,0) : 3
(45,3) : 1
(26,0) : 1
(38,1) : 1
(24,0) : 1
(46,1) : 2
(43,1) : 1
(28,0) : 1
(7,1) : 4
(31,2) : 1
(13,2) : 1
(6,1) : 1
(11,1) : 1
(10,1) : 1
(4,1) : 1
(2,1) : 2
(19,1) : 1
