pop size : 10000, betaG : 0.08500, lambdaH : 0.10000, lambdaW : 0.00100, gamma : 0.12500, Tmax : 150.00, threshold of infected : 0.010
0.37 0.32 0.13 0.12 0.04 0.02 
0.2192 0.12 0.08 0.06 0.05 0.045 0.04 0.035 0.03 0.02 0.02 0.02 0.015 0.015 0.015 0.015 0.001 0.001 0.001 0.001 0.001 0.001 0.001 0.001 0.001 0.001 0.001 0.001 0.001 0.001 0.001 0.001 0.001 0.001 0.001 0.001 0.001 0.001 0.001 0.001 0.001 0.0001 0.0001 0.0001 0.0001 0.0001 0.0001 0.0001 0.0001 0.175 
Proportion of infected at cutoff : 0.0100
Proportion of susceptibles at cutoff : 0.9763
(48,1) : 7
(47,3) : 2
(47,2) : 8
(44,2) : 1
(10,0) : 12
(49,1) : 17
(2,0) : 103
(50,0) : 46
(47,0) : 2
(44,1) : 1
(15,0) : 16
(48,0) : 8
(43,1) : 1
(49,0) : 22
(1,0) : 174
(3,0) : 70
(7,0) : 36
(9,0) : 18
(35,0) : 1
(7,2) : 1
(13,0) : 5
(21,0) : 2
(5,0) : 29
(16,0) : 12
(14,0) : 16
(46,2) : 1
(25,0) : 3
(27,0) : 1
(8,0) : 20
(22,2) : 1
(48,2) : 3
(11,0) : 16
(4,0) : 41
(44,0) : 2
(37,0) : 2
(47,1) : 2
(20,0) : 1
(32,1) : 1
(12,0) : 13
(41,0) : 1
(46,3) : 2
(24,0) : 1
(6,0) : 35
(6,1) : 1
(40,1) : 1
(31,1) : 1
(17,0) : 1
(42,1) : 1
(13,2) : 1
(38,1) : 1
(41,4) : 1
(23,0) : 1
(13,1) : 1
(14,1) : 1
(18,1) : 1
(10,1) : 1
(22,0) : 1
(4,1) : 3
(10,2) : 1
(12,1) : 1
(11,1) : 1
(0,1) : 3
(31,0) : 1
(2,1) : 2
(7,1) : 1
(3,1) : 1
