pop size : 10000, betaG : 0.08500, lambdaH : 0.10000, lambdaW : 0.00100, gamma : 0.12500, Tmax : 150.00, threshold of infected : 0.010
0.37 0.32 0.13 0.12 0.04 0.02 
0.2192 0.12 0.08 0.06 0.05 0.045 0.04 0.035 0.03 0.02 0.02 0.02 0.015 0.015 0.015 0.015 0.001 0.001 0.001 0.001 0.001 0.001 0.001 0.001 0.001 0.001 0.001 0.001 0.001 0.001 0.001 0.001 0.001 0.001 0.001 0.001 0.001 0.001 0.001 0.001 0.001 0.0001 0.0001 0.0001 0.0001 0.0001 0.0001 0.0001 0.0001 0.175 
Proportion of infected at cutoff : 0.0100
Proportion of susceptibles at cutoff : 0.9811
(16,0) : 12
(50,0) : 57
(29,0) : 1
(46,2) : 2
(49,1) : 22
(11,1) : 3
(9,0) : 26
(48,2) : 7
(47,0) : 2
(3,0) : 67
(46,0) : 1
(14,0) : 9
(7,0) : 33
(49,0) : 17
(5,0) : 42
(48,1) : 8
(45,4) : 1
(10,0) : 8
(46,3) : 1
(12,0) : 11
(13,0) : 12
(30,1) : 1
(43,4) : 2
(4,0) : 44
(15,0) : 5
(35,0) : 1
(2,0) : 76
(48,0) : 4
(1,0) : 181
(47,1) : 1
(6,0) : 36
(46,1) : 1
(30,0) : 3
(11,0) : 8
(8,0) : 28
(47,2) : 4
(9,1) : 2
(27,0) : 1
(13,1) : 1
(47,3) : 1
(34,0) : 1
(23,0) : 1
(15,1) : 1
(26,0) : 2
(40,0) : 2
(7,1) : 2
(36,0) : 1
(19,0) : 2
(20,0) : 1
(14,1) : 1
(38,0) : 1
(22,0) : 1
(4,1) : 2
(8,1) : 1
(0,0) : 1
(12,1) : 1
(5,1) : 3
(0,1) : 3
(17,1) : 1
(3,1) : 2
