pop size : 10000, betaG : 0.08500, lambdaH : 0.10000, lambdaW : 0.00100, gamma : 0.12500, Tmax : 150.00, threshold of infected : 0.010
0.37 0.32 0.13 0.12 0.04 0.02 
0.2192 0.12 0.08 0.06 0.05 0.045 0.04 0.035 0.03 0.02 0.02 0.02 0.015 0.015 0.015 0.015 0.001 0.001 0.001 0.001 0.001 0.001 0.001 0.001 0.001 0.001 0.001 0.001 0.001 0.001 0.001 0.001 0.001 0.001 0.001 0.001 0.001 0.001 0.001 0.001 0.001 0.0001 0.0001 0.0001 0.0001 0.0001 0.0001 0.0001 0.0001 0.175 
Proportion of infected at cutoff : 0.0100
Proportion of susceptibles at cutoff : 0.9744
(3,0) : 36
(15,0) : 14
(50,0) : 53
(33,1) : 1
(46,0) : 2
(49,0) : 22
(11,0) : 14
(1,0) : 156
(49,1) : 10
(48,1) : 7
(48,2) : 5
(47,1) : 8
(14,1) : 2
(8,0) : 22
(48,0) : 12
(14,0) : 13
(46,1) : 1
(2,0) : 84
(45,1) : 1
(5,0) : 31
(9,0) : 20
(47,0) : 5
(12,0) : 6
(31,0) : 1
(7,0) : 25
(9,1) : 3
(16,0) : 8
(44,6) : 1
(47,2) : 7
(4,0) : 44
(6,0) : 33
(40,1) : 1
(12,1) : 3
(24,0) : 1
(5,1) : 1
(13,0) : 12
(45,2) : 3
(10,0) : 8
(40,0) : 1
(7,1) : 4
(44,3) : 1
(12,2) : 1
(13,1) : 1
(25,0) : 1
(46,4) : 1
(19,0) : 1
(11,2) : 1
(28,0) : 1
(35,1) : 1
(21,0) : 1
(4,1) : 5
(6,1) : 1
(22,0) : 1
(2,1) : 2
(0,0) : 4
(0,1) : 1
