pop size : 10000, betaG : 0.08500, lambdaH : 0.10000, lambdaW : 0.00100, gamma : 0.12500, Tmax : 150.00, threshold of infected : 0.010
0.37 0.32 0.13 0.12 0.04 0.02 
0.2192 0.12 0.08 0.06 0.05 0.045 0.04 0.035 0.03 0.02 0.02 0.02 0.015 0.015 0.015 0.015 0.001 0.001 0.001 0.001 0.001 0.001 0.001 0.001 0.001 0.001 0.001 0.001 0.001 0.001 0.001 0.001 0.001 0.001 0.001 0.001 0.001 0.001 0.001 0.001 0.001 0.0001 0.0001 0.0001 0.0001 0.0001 0.0001 0.0001 0.0001 0.175 
Proportion of infected at cutoff : 0.0100
Proportion of susceptibles at cutoff : 0.9828
(49,0) : 19
(48,2) : 6
(49,1) : 21
(50,0) : 59
(48,1) : 6
(47,1) : 2
(4,0) : 58
(2,0) : 112
(11,0) : 16
(15,1) : 1
(10,0) : 13
(9,0) : 24
(48,0) : 1
(15,0) : 12
(8,0) : 33
(3,0) : 73
(13,0) : 7
(46,2) : 1
(36,0) : 2
(1,0) : 181
(7,0) : 34
(45,3) : 1
(40,0) : 1
(44,2) : 1
(12,0) : 16
(23,0) : 1
(16,0) : 8
(14,0) : 11
(39,1) : 1
(26,0) : 1
(46,3) : 2
(27,0) : 1
(6,0) : 28
(47,2) : 2
(45,4) : 1
(30,2) : 1
(8,1) : 1
(25,0) : 1
(5,0) : 38
(4,1) : 2
(37,0) : 1
(46,1) : 1
(40,1) : 1
(14,1) : 3
(47,3) : 2
(10,1) : 1
(34,1) : 1
(32,0) : 3
(19,0) : 1
(0,1) : 3
(33,1) : 1
(30,0) : 1
(7,1) : 2
(1,1) : 4
(9,1) : 1
(6,1) : 3
(5,1) : 1
(0,0) : 2
(2,1) : 2
(3,1) : 1
