pop size : 10000, betaG : 0.08500, lambdaH : 0.10000, lambdaW : 0.00100, gamma : 0.12500, Tmax : 150.00, threshold of infected : 0.010
0.37 0.32 0.13 0.12 0.04 0.02 
0.2192 0.12 0.08 0.06 0.05 0.045 0.04 0.035 0.03 0.02 0.02 0.02 0.015 0.015 0.015 0.015 0.001 0.001 0.001 0.001 0.001 0.001 0.001 0.001 0.001 0.001 0.001 0.001 0.001 0.001 0.001 0.001 0.001 0.001 0.001 0.001 0.001 0.001 0.001 0.001 0.001 0.0001 0.0001 0.0001 0.0001 0.0001 0.0001 0.0001 0.0001 0.175 
Proportion of infected at cutoff : 0.0100
Proportion of susceptibles at cutoff : 0.9813
(50,0) : 65
(46,1) : 2
(5,0) : 30
(49,0) : 18
(49,1) : 19
(2,0) : 72
(36,0) : 1
(7,1) : 2
(4,0) : 46
(48,0) : 4
(8,0) : 21
(16,0) : 11
(12,0) : 12
(48,1) : 12
(10,0) : 12
(46,3) : 1
(3,0) : 45
(47,2) : 5
(1,0) : 145
(48,2) : 2
(39,0) : 1
(7,0) : 24
(11,0) : 12
(13,0) : 10
(6,0) : 35
(45,2) : 1
(43,5) : 1
(4,1) : 1
(46,4) : 1
(9,0) : 22
(15,1) : 3
(14,0) : 8
(47,1) : 3
(12,1) : 3
(38,1) : 1
(38,0) : 2
(24,0) : 2
(15,0) : 7
(28,0) : 1
(31,0) : 3
(43,4) : 1
(46,2) : 1
(45,5) : 1
(8,1) : 2
(47,3) : 1
(22,1) : 1
(14,1) : 2
(19,0) : 1
(17,0) : 1
(23,0) : 1
(11,1) : 1
(10,1) : 1
(3,1) : 2
(22,0) : 1
(1,1) : 1
(2,1) : 2
(0,0) : 2
