pop size : 10000, betaG : 0.08500, lambdaH : 0.10000, lambdaW : 0.00100, gamma : 0.12500, Tmax : 150.00, threshold of infected : 0.010
0.37 0.32 0.13 0.12 0.04 0.02 
0.2192 0.12 0.08 0.06 0.05 0.045 0.04 0.035 0.03 0.02 0.02 0.02 0.015 0.015 0.015 0.015 0.001 0.001 0.001 0.001 0.001 0.001 0.001 0.001 0.001 0.001 0.001 0.001 0.001 0.001 0.001 0.001 0.001 0.001 0.001 0.001 0.001 0.001 0.001 0.001 0.001 0.0001 0.0001 0.0001 0.0001 0.0001 0.0001 0.0001 0.0001 0.175 
Proportion of infected at cutoff : 0.0100
Proportion of susceptibles at cutoff : 0.9800
(47,2) : 3
(17,0) : 1
(50,0) : 61
(45,1) : 2
(37,0) : 1
(49,1) : 22
(7,0) : 21
(49,0) : 22
(48,1) : 11
(34,0) : 2
(11,0) : 4
(6,0) : 27
(47,1) : 4
(48,2) : 3
(26,1) : 1
(14,0) : 10
(16,0) : 11
(4,0) : 32
(1,0) : 130
(13,0) : 13
(2,0) : 85
(15,0) : 9
(45,3) : 1
(9,0) : 18
(8,0) : 18
(3,0) : 44
(46,3) : 1
(5,0) : 24
(8,1) : 2
(23,0) : 1
(6,1) : 2
(44,4) : 1
(10,0) : 15
(12,0) : 13
(45,5) : 1
(47,0) : 3
(48,0) : 4
(41,0) : 1
(26,0) : 1
(36,0) : 1
(22,0) : 1
(40,1) : 1
(9,1) : 2
(7,1) : 2
(0,1) : 3
(47,3) : 1
(15,1) : 3
(31,0) : 1
(19,0) : 1
(30,0) : 1
(11,1) : 1
(14,1) : 3
(13,1) : 2
(24,0) : 1
(29,1) : 1
(5,1) : 1
(3,1) : 5
(4,1) : 1
(1,1) : 1
(0,0) : 2
