pop size : 10000, betaG : 0.08500, lambdaH : 0.10000, lambdaW : 0.00100, gamma : 0.12500, Tmax : 150.00, threshold of infected : 0.010
0.37 0.32 0.13 0.12 0.04 0.02 
0.2192 0.12 0.08 0.06 0.05 0.045 0.04 0.035 0.03 0.02 0.02 0.02 0.015 0.015 0.015 0.015 0.001 0.001 0.001 0.001 0.001 0.001 0.001 0.001 0.001 0.001 0.001 0.001 0.001 0.001 0.001 0.001 0.001 0.001 0.001 0.001 0.001 0.001 0.001 0.001 0.001 0.0001 0.0001 0.0001 0.0001 0.0001 0.0001 0.0001 0.0001 0.175 
Proportion of infected at cutoff : 0.0100
Proportion of susceptibles at cutoff : 0.9807
(37,0) : 2
(5,0) : 37
(11,1) : 4
(7,0) : 20
(50,0) : 65
(1,0) : 175
(45,5) : 1
(2,0) : 97
(48,1) : 12
(3,0) : 66
(46,2) : 2
(45,2) : 1
(49,0) : 16
(48,0) : 4
(42,0) : 1
(47,2) : 6
(43,1) : 1
(39,0) : 1
(24,0) : 1
(6,0) : 40
(9,0) : 20
(49,1) : 12
(8,0) : 22
(47,1) : 1
(15,0) : 11
(16,0) : 7
(14,0) : 5
(48,2) : 4
(46,0) : 2
(7,1) : 2
(29,0) : 1
(45,3) : 2
(46,3) : 2
(4,0) : 44
(6,1) : 3
(12,0) : 11
(8,1) : 1
(47,3) : 1
(29,1) : 1
(37,3) : 1
(35,0) : 1
(13,0) : 7
(5,1) : 3
(10,0) : 12
(23,0) : 3
(11,0) : 13
(1,1) : 3
(36,0) : 1
(20,0) : 3
(37,1) : 1
(9,1) : 1
(26,0) : 1
(19,0) : 2
(32,0) : 1
(25,0) : 1
(22,0) : 1
(17,0) : 1
(3,1) : 1
(34,0) : 1
(2,1) : 1
(18,0) : 1
(4,1) : 2
(0,0) : 3
(6,2) : 1
