pop size : 10000, betaG : 0.08500, lambdaH : 0.10000, lambdaW : 0.00100, gamma : 0.12500, Tmax : 150.00, threshold of infected : 0.010
0.37 0.32 0.13 0.12 0.04 0.02 
0.2192 0.12 0.08 0.06 0.05 0.045 0.04 0.035 0.03 0.02 0.02 0.02 0.015 0.015 0.015 0.015 0.001 0.001 0.001 0.001 0.001 0.001 0.001 0.001 0.001 0.001 0.001 0.001 0.001 0.001 0.001 0.001 0.001 0.001 0.001 0.001 0.001 0.001 0.001 0.001 0.001 0.0001 0.0001 0.0001 0.0001 0.0001 0.0001 0.0001 0.0001 0.175 
Proportion of infected at cutoff : 0.0100
Proportion of susceptibles at cutoff : 0.9762
(10,0) : 15
(23,0) : 2
(38,2) : 1
(14,0) : 12
(1,0) : 193
(49,0) : 25
(50,0) : 54
(11,0) : 15
(47,1) : 7
(48,0) : 9
(48,1) : 5
(49,1) : 11
(24,0) : 1
(47,3) : 2
(36,1) : 1
(33,0) : 2
(15,0) : 15
(15,1) : 2
(7,0) : 33
(4,0) : 44
(28,1) : 1
(13,0) : 8
(48,2) : 4
(28,0) : 1
(12,0) : 13
(22,0) : 1
(6,0) : 35
(34,0) : 1
(10,1) : 1
(46,2) : 1
(47,2) : 3
(46,3) : 1
(2,0) : 88
(5,0) : 40
(43,5) : 1
(29,2) : 1
(47,0) : 1
(9,0) : 25
(46,1) : 1
(44,4) : 2
(3,0) : 58
(8,0) : 25
(46,4) : 1
(32,0) : 1
(3,1) : 3
(25,0) : 1
(7,1) : 1
(8,1) : 3
(16,0) : 7
(36,0) : 1
(43,1) : 1
(4,1) : 2
(6,1) : 2
(2,1) : 3
(1,1) : 2
(7,2) : 1
(13,1) : 1
(14,1) : 1
(9,1) : 1
(0,1) : 2
(5,1) : 1
(0,0) : 3
