pop size : 10000, betaG : 0.08500, lambdaH : 0.10000, lambdaW : 0.00100, gamma : 0.12500, Tmax : 150.00, threshold of infected : 0.010
0.37 0.32 0.13 0.12 0.04 0.02 
0.2192 0.12 0.08 0.06 0.05 0.045 0.04 0.035 0.03 0.02 0.02 0.02 0.015 0.015 0.015 0.015 0.001 0.001 0.001 0.001 0.001 0.001 0.001 0.001 0.001 0.001 0.001 0.001 0.001 0.001 0.001 0.001 0.001 0.001 0.001 0.001 0.001 0.001 0.001 0.001 0.001 0.0001 0.0001 0.0001 0.0001 0.0001 0.0001 0.0001 0.0001 0.175 
Proportion of infected at cutoff : 0.0100
Proportion of susceptibles at cutoff : 0.9814
(9,0) : 22
(48,1) : 7
(48,2) : 5
(50,0) : 66
(13,0) : 8
(49,1) : 18
(46,3) : 2
(46,1) : 1
(48,0) : 4
(11,0) : 16
(3,0) : 71
(1,0) : 185
(6,0) : 31
(49,0) : 17
(39,0) : 2
(2,0) : 77
(45,3) : 1
(21,1) : 1
(45,4) : 1
(47,2) : 5
(7,2) : 1
(7,0) : 30
(27,0) : 2
(15,0) : 12
(12,0) : 10
(46,0) : 3
(8,0) : 23
(16,0) : 7
(4,0) : 41
(14,0) : 12
(46,4) : 2
(31,1) : 1
(10,0) : 11
(5,0) : 35
(36,0) : 1
(47,1) : 2
(9,1) : 2
(47,3) : 1
(47,0) : 1
(3,1) : 4
(31,0) : 1
(2,1) : 3
(5,1) : 3
(32,0) : 1
(18,0) : 1
(38,0) : 1
(12,1) : 1
(6,1) : 1
(14,1) : 1
(16,1) : 1
(10,1) : 1
(11,1) : 1
(7,1) : 1
(37,3) : 1
(0,0) : 3
(0,1) : 1
(1,1) : 1
