pop size : 10000, betaG : 0.08500, lambdaH : 0.10000, lambdaW : 0.00100, gamma : 0.12500, Tmax : 150.00, threshold of infected : 0.010
0.37 0.32 0.13 0.12 0.04 0.02 
0.2192 0.12 0.08 0.06 0.05 0.045 0.04 0.035 0.03 0.02 0.02 0.02 0.015 0.015 0.015 0.015 0.001 0.001 0.001 0.001 0.001 0.001 0.001 0.001 0.001 0.001 0.001 0.001 0.001 0.001 0.001 0.001 0.001 0.001 0.001 0.001 0.001 0.001 0.001 0.001 0.001 0.0001 0.0001 0.0001 0.0001 0.0001 0.0001 0.0001 0.0001 0.175 
Proportion of infected at cutoff : 0.0100
Proportion of susceptibles at cutoff : 0.9806
(36,0) : 3
(3,0) : 62
(50,0) : 50
(23,0) : 1
(48,0) : 9
(49,1) : 22
(11,0) : 12
(48,1) : 5
(45,3) : 1
(48,2) : 4
(49,0) : 19
(5,0) : 51
(7,0) : 36
(14,0) : 6
(26,2) : 1
(16,0) : 6
(2,0) : 106
(21,0) : 1
(47,2) : 5
(9,0) : 19
(47,0) : 2
(14,1) : 2
(28,0) : 2
(47,3) : 2
(6,0) : 18
(46,3) : 1
(15,0) : 15
(8,0) : 24
(45,2) : 2
(42,0) : 1
(17,0) : 2
(24,0) : 1
(30,0) : 1
(44,2) : 1
(36,3) : 1
(45,5) : 1
(38,0) : 1
(4,0) : 41
(46,2) : 2
(12,0) : 11
(1,0) : 192
(29,0) : 1
(46,1) : 1
(39,0) : 1
(10,0) : 11
(46,4) : 1
(9,1) : 4
(19,0) : 1
(24,1) : 1
(13,0) : 8
(31,0) : 2
(15,1) : 1
(41,0) : 2
(5,1) : 1
(25,0) : 1
(37,0) : 1
(47,1) : 1
(12,1) : 1
(13,1) : 1
(13,2) : 1
(6,1) : 1
(8,1) : 1
(1,1) : 1
(2,1) : 1
