pop size : 10000, betaG : 0.08500, lambdaH : 0.10000, lambdaW : 0.00100, gamma : 0.12500, Tmax : 150.00, threshold of infected : 0.010
0.37 0.32 0.13 0.12 0.04 0.02 
0.2192 0.12 0.08 0.06 0.05 0.045 0.04 0.035 0.03 0.02 0.02 0.02 0.015 0.015 0.015 0.015 0.001 0.001 0.001 0.001 0.001 0.001 0.001 0.001 0.001 0.001 0.001 0.001 0.001 0.001 0.001 0.001 0.001 0.001 0.001 0.001 0.001 0.001 0.001 0.001 0.001 0.0001 0.0001 0.0001 0.0001 0.0001 0.0001 0.0001 0.0001 0.175 
Proportion of infected at cutoff : 0.0100
Proportion of susceptibles at cutoff : 0.9729
(49,0) : 25
(46,0) : 2
(3,0) : 65
(50,0) : 41
(48,0) : 10
(5,0) : 30
(49,1) : 13
(48,1) : 9
(46,3) : 2
(12,0) : 16
(10,0) : 28
(6,0) : 22
(45,2) : 2
(15,0) : 14
(47,1) : 5
(13,0) : 11
(7,0) : 33
(2,0) : 86
(16,0) : 9
(6,1) : 2
(46,1) : 5
(0,0) : 3
(8,1) : 2
(46,2) : 3
(5,1) : 1
(9,0) : 15
(11,0) : 17
(48,2) : 4
(14,0) : 15
(42,4) : 1
(47,2) : 3
(32,1) : 1
(37,0) : 2
(4,0) : 38
(30,0) : 1
(27,0) : 1
(23,0) : 1
(8,0) : 26
(19,0) : 2
(15,1) : 2
(1,0) : 140
(24,0) : 1
(44,3) : 1
(47,0) : 3
(44,4) : 1
(32,0) : 1
(17,0) : 1
(11,1) : 2
(29,2) : 1
(10,1) : 2
(12,1) : 1
(4,1) : 1
(7,1) : 2
(13,1) : 2
(3,1) : 1
(2,1) : 1
(14,1) : 2
(1,1) : 1
(20,0) : 1
(2,2) : 1
