pop size : 10000, betaG : 0.08500, lambdaH : 0.10000, lambdaW : 0.00100, gamma : 0.12500, Tmax : 150.00, threshold of infected : 0.010
0.37 0.32 0.13 0.12 0.04 0.02 
0.2192 0.12 0.08 0.06 0.05 0.045 0.04 0.035 0.03 0.02 0.02 0.02 0.015 0.015 0.015 0.015 0.001 0.001 0.001 0.001 0.001 0.001 0.001 0.001 0.001 0.001 0.001 0.001 0.001 0.001 0.001 0.001 0.001 0.001 0.001 0.001 0.001 0.001 0.001 0.001 0.001 0.0001 0.0001 0.0001 0.0001 0.0001 0.0001 0.0001 0.0001 0.175 
Proportion of infected at cutoff : 0.0100
Proportion of susceptibles at cutoff : 0.9816
(12,0) : 15
(11,0) : 13
(2,0) : 87
(49,1) : 17
(10,0) : 16
(50,0) : 64
(37,0) : 2
(14,0) : 11
(46,1) : 1
(1,0) : 141
(11,1) : 3
(48,2) : 7
(46,2) : 1
(16,0) : 11
(4,0) : 43
(36,1) : 1
(7,0) : 22
(49,0) : 17
(48,1) : 5
(3,0) : 60
(36,0) : 1
(45,2) : 2
(7,1) : 2
(6,0) : 29
(28,0) : 1
(22,0) : 2
(15,0) : 8
(38,0) : 2
(47,2) : 5
(5,1) : 2
(9,0) : 18
(35,0) : 1
(5,0) : 34
(17,0) : 1
(47,1) : 2
(13,0) : 10
(48,0) : 4
(8,0) : 26
(44,0) : 1
(46,3) : 3
(42,5) : 1
(45,3) : 1
(31,0) : 1
(40,0) : 1
(46,4) : 1
(44,5) : 1
(47,0) : 1
(26,0) : 1
(33,0) : 1
(47,3) : 1
(24,0) : 1
(10,2) : 1
(3,1) : 2
(8,1) : 2
(6,1) : 2
(19,0) : 1
(0,0) : 1
