pop size : 10000, betaG : 0.08500, lambdaH : 0.10000, lambdaW : 0.00100, gamma : 0.12500, Tmax : 150.00, threshold of infected : 0.010
0.37 0.32 0.13 0.12 0.04 0.02 
0.2192 0.12 0.08 0.06 0.05 0.045 0.04 0.035 0.03 0.02 0.02 0.02 0.015 0.015 0.015 0.015 0.001 0.001 0.001 0.001 0.001 0.001 0.001 0.001 0.001 0.001 0.001 0.001 0.001 0.001 0.001 0.001 0.001 0.001 0.001 0.001 0.001 0.001 0.001 0.001 0.001 0.0001 0.0001 0.0001 0.0001 0.0001 0.0001 0.0001 0.0001 0.175 
Proportion of infected at cutoff : 0.0100
Proportion of susceptibles at cutoff : 0.9785
(49,0) : 18
(49,1) : 17
(28,0) : 1
(48,1) : 10
(35,1) : 2
(46,3) : 3
(50,0) : 47
(46,0) : 1
(2,0) : 94
(38,0) : 2
(4,0) : 55
(1,0) : 151
(9,0) : 23
(5,0) : 28
(47,1) : 4
(35,0) : 2
(16,0) : 7
(48,0) : 6
(3,0) : 73
(10,0) : 11
(12,0) : 16
(46,2) : 3
(13,0) : 7
(15,0) : 18
(47,3) : 3
(25,0) : 2
(7,0) : 23
(45,4) : 1
(44,1) : 2
(47,0) : 3
(11,1) : 3
(46,1) : 2
(11,0) : 15
(14,0) : 16
(8,0) : 21
(6,0) : 37
(29,0) : 1
(48,2) : 3
(24,0) : 1
(33,0) : 1
(41,1) : 1
(34,0) : 1
(3,1) : 3
(42,1) : 1
(47,2) : 3
(46,4) : 1
(40,0) : 2
(27,0) : 1
(17,1) : 1
(14,1) : 1
(45,0) : 1
(9,1) : 2
(7,1) : 1
(5,2) : 1
(5,1) : 1
(2,1) : 1
(1,1) : 1
(4,1) : 1
(0,0) : 1
