pop size : 10000, betaG : 0.08500, lambdaH : 0.10000, lambdaW : 0.00100, gamma : 0.12500, Tmax : 150.00, threshold of infected : 0.010
0.37 0.32 0.13 0.12 0.04 0.02 
0.2192 0.12 0.08 0.06 0.05 0.045 0.04 0.035 0.03 0.02 0.02 0.02 0.015 0.015 0.015 0.015 0.001 0.001 0.001 0.001 0.001 0.001 0.001 0.001 0.001 0.001 0.001 0.001 0.001 0.001 0.001 0.001 0.001 0.001 0.001 0.001 0.001 0.001 0.001 0.001 0.001 0.0001 0.0001 0.0001 0.0001 0.0001 0.0001 0.0001 0.0001 0.175 
Proportion of infected at cutoff : 0.0100
Proportion of susceptibles at cutoff : 0.9749
(49,0) : 32
(9,0) : 17
(6,0) : 33
(11,0) : 13
(47,1) : 4
(50,0) : 39
(46,3) : 2
(49,1) : 11
(47,0) : 3
(3,0) : 57
(7,0) : 19
(48,1) : 10
(47,3) : 4
(12,0) : 19
(8,0) : 25
(1,0) : 184
(48,0) : 12
(16,0) : 12
(4,1) : 3
(17,0) : 2
(2,0) : 79
(12,1) : 4
(13,0) : 10
(14,0) : 10
(5,0) : 41
(4,0) : 60
(23,1) : 1
(48,2) : 7
(22,0) : 4
(15,0) : 9
(36,2) : 1
(46,4) : 1
(46,0) : 1
(18,0) : 1
(47,2) : 1
(27,0) : 1
(41,0) : 2
(32,1) : 1
(45,1) : 1
(8,1) : 1
(27,1) : 1
(37,0) : 1
(5,1) : 5
(10,1) : 2
(9,1) : 1
(42,1) : 1
(21,0) : 1
(20,0) : 1
(10,0) : 8
(40,0) : 1
(33,0) : 1
(46,1) : 1
(14,1) : 1
(7,1) : 2
(3,1) : 2
(0,0) : 6
(11,1) : 1
(23,0) : 1
(6,1) : 1
(13,1) : 1
(0,1) : 4
(2,1) : 1
