pop size : 10000, betaG : 0.08500, lambdaH : 0.10000, lambdaW : 0.00100, gamma : 0.12500, Tmax : 150.00, threshold of infected : 0.010
0.37 0.32 0.13 0.12 0.04 0.02 
0.2192 0.12 0.08 0.06 0.05 0.045 0.04 0.035 0.03 0.02 0.02 0.02 0.015 0.015 0.015 0.015 0.001 0.001 0.001 0.001 0.001 0.001 0.001 0.001 0.001 0.001 0.001 0.001 0.001 0.001 0.001 0.001 0.001 0.001 0.001 0.001 0.001 0.001 0.001 0.001 0.001 0.0001 0.0001 0.0001 0.0001 0.0001 0.0001 0.0001 0.0001 0.175 
Proportion of infected at cutoff : 0.0100
Proportion of susceptibles at cutoff : 0.9779
(49,1) : 21
(50,0) : 50
(49,0) : 21
(16,0) : 13
(9,0) : 28
(47,1) : 5
(3,0) : 61
(47,2) : 5
(2,0) : 86
(5,0) : 44
(7,0) : 32
(45,4) : 1
(14,0) : 6
(48,2) : 3
(4,0) : 42
(13,0) : 7
(12,0) : 17
(47,0) : 5
(10,0) : 12
(14,1) : 3
(11,1) : 2
(48,0) : 4
(48,1) : 10
(1,1) : 3
(45,2) : 2
(9,1) : 2
(8,0) : 32
(47,3) : 1
(24,0) : 1
(39,0) : 1
(1,0) : 185
(15,0) : 11
(33,0) : 2
(11,0) : 7
(46,1) : 2
(6,0) : 35
(43,6) : 1
(29,0) : 1
(6,1) : 1
(25,2) : 1
(35,0) : 1
(4,1) : 3
(44,4) : 1
(34,0) : 1
(8,1) : 4
(3,1) : 1
(20,0) : 1
(21,0) : 2
(21,1) : 1
(17,0) : 1
(18,0) : 1
(2,1) : 1
(5,1) : 2
(0,0) : 1
