pop size : 10000, betaG : 0.08500, lambdaH : 0.10000, lambdaW : 0.00100, gamma : 0.12500, Tmax : 150.00, threshold of infected : 0.010
0.37 0.32 0.13 0.12 0.04 0.02 
0.2192 0.12 0.08 0.06 0.05 0.045 0.04 0.035 0.03 0.02 0.02 0.02 0.015 0.015 0.015 0.015 0.001 0.001 0.001 0.001 0.001 0.001 0.001 0.001 0.001 0.001 0.001 0.001 0.001 0.001 0.001 0.001 0.001 0.001 0.001 0.001 0.001 0.001 0.001 0.001 0.001 0.0001 0.0001 0.0001 0.0001 0.0001 0.0001 0.0001 0.0001 0.175 
Proportion of infected at cutoff : 0.0100
Proportion of susceptibles at cutoff : 0.9773
(44,2) : 1
(14,0) : 18
(50,0) : 54
(5,0) : 38
(48,1) : 10
(4,0) : 47
(49,0) : 20
(47,0) : 6
(49,1) : 15
(48,0) : 3
(1,1) : 1
(17,1) : 1
(20,1) : 1
(3,0) : 63
(33,0) : 1
(47,1) : 3
(15,0) : 10
(45,4) : 1
(47,2) : 3
(23,1) : 1
(1,0) : 159
(12,1) : 1
(6,0) : 27
(12,0) : 13
(28,0) : 1
(8,0) : 18
(48,2) : 9
(32,1) : 1
(2,0) : 73
(30,0) : 4
(9,0) : 19
(21,0) : 1
(37,0) : 2
(13,0) : 5
(10,0) : 15
(11,0) : 17
(44,1) : 1
(16,0) : 6
(47,3) : 2
(14,1) : 3
(7,0) : 26
(34,0) : 1
(29,0) : 1
(13,1) : 3
(20,0) : 2
(46,0) : 1
(18,0) : 3
(3,1) : 2
(40,0) : 1
(46,1) : 1
(2,1) : 3
(46,2) : 1
(26,0) : 1
(4,1) : 1
(18,1) : 1
(0,1) : 3
(13,2) : 1
(6,1) : 3
(9,1) : 2
(5,1) : 2
(8,1) : 1
(0,0) : 1
