pop size : 10000, betaG : 0.08500, lambdaH : 0.10000, lambdaW : 0.00100, gamma : 0.12500, Tmax : 150.00, threshold of infected : 0.010
0.37 0.32 0.13 0.12 0.04 0.02 
0.2192 0.12 0.08 0.06 0.05 0.045 0.04 0.035 0.03 0.02 0.02 0.02 0.015 0.015 0.015 0.015 0.001 0.001 0.001 0.001 0.001 0.001 0.001 0.001 0.001 0.001 0.001 0.001 0.001 0.001 0.001 0.001 0.001 0.001 0.001 0.001 0.001 0.001 0.001 0.001 0.001 0.0001 0.0001 0.0001 0.0001 0.0001 0.0001 0.0001 0.0001 0.175 
Proportion of infected at cutoff : 0.0100
Proportion of susceptibles at cutoff : 0.9760
(50,0) : 56
(8,0) : 26
(32,0) : 1
(49,1) : 13
(16,0) : 7
(4,0) : 42
(34,1) : 2
(45,3) : 1
(15,0) : 16
(48,1) : 9
(2,0) : 94
(9,0) : 25
(49,0) : 22
(2,1) : 2
(5,0) : 34
(40,0) : 1
(26,0) : 1
(48,2) : 6
(6,0) : 34
(48,0) : 5
(13,0) : 15
(42,1) : 1
(10,0) : 14
(43,4) : 1
(7,0) : 33
(46,3) : 2
(12,0) : 13
(22,0) : 1
(14,0) : 10
(41,0) : 1
(46,1) : 1
(11,0) : 10
(47,2) : 3
(1,0) : 150
(38,1) : 1
(47,3) : 1
(45,1) : 2
(47,1) : 1
(3,0) : 38
(23,0) : 2
(44,4) : 1
(27,0) : 1
(16,1) : 1
(44,3) : 1
(35,0) : 1
(11,1) : 1
(7,1) : 3
(39,0) : 1
(25,0) : 1
(47,0) : 1
(33,0) : 1
(10,1) : 2
(31,0) : 1
(45,2) : 1
(4,1) : 2
(15,1) : 1
(5,1) : 3
(44,2) : 1
(24,0) : 1
(30,0) : 1
(6,1) : 2
(8,1) : 2
(9,1) : 2
(1,1) : 1
(0,1) : 2
(3,1) : 1
(0,0) : 2
