pop size : 10000, betaG : 0.08500, lambdaH : 0.10000, lambdaW : 0.00100, gamma : 0.12500, Tmax : 150.00, threshold of infected : 0.010
0.37 0.32 0.13 0.12 0.04 0.02 
0.2192 0.12 0.08 0.06 0.05 0.045 0.04 0.035 0.03 0.02 0.02 0.02 0.015 0.015 0.015 0.015 0.001 0.001 0.001 0.001 0.001 0.001 0.001 0.001 0.001 0.001 0.001 0.001 0.001 0.001 0.001 0.001 0.001 0.001 0.001 0.001 0.001 0.001 0.001 0.001 0.001 0.0001 0.0001 0.0001 0.0001 0.0001 0.0001 0.0001 0.0001 0.175 
Proportion of infected at cutoff : 0.0100
Proportion of susceptibles at cutoff : 0.9803
(46,4) : 2
(50,0) : 63
(1,0) : 171
(49,0) : 21
(48,0) : 8
(2,0) : 90
(47,3) : 3
(48,1) : 5
(7,0) : 31
(47,0) : 1
(4,0) : 43
(11,0) : 15
(14,0) : 10
(13,0) : 14
(5,0) : 32
(45,3) : 1
(12,0) : 12
(47,2) : 2
(9,0) : 24
(47,1) : 4
(49,1) : 14
(37,0) : 1
(48,2) : 6
(8,0) : 32
(6,0) : 34
(28,1) : 1
(30,1) : 1
(16,0) : 6
(46,2) : 1
(3,0) : 50
(44,2) : 1
(29,0) : 1
(29,2) : 1
(46,3) : 1
(10,0) : 13
(15,0) : 10
(31,2) : 1
(27,0) : 1
(8,1) : 4
(44,3) : 1
(17,0) : 3
(26,0) : 1
(24,1) : 1
(6,1) : 2
(46,1) : 1
(11,2) : 1
(33,0) : 1
(13,1) : 1
(11,1) : 1
(2,1) : 1
(10,1) : 1
(1,1) : 3
(7,1) : 1
(5,1) : 1
(3,1) : 1
(6,3) : 1
(0,1) : 2
