pop size : 10000, betaG : 0.08500, lambdaH : 0.10000, lambdaW : 0.00100, gamma : 0.12500, Tmax : 150.00, threshold of infected : 0.010
0.37 0.32 0.13 0.12 0.04 0.02 
0.2192 0.12 0.08 0.06 0.05 0.045 0.04 0.035 0.03 0.02 0.02 0.02 0.015 0.015 0.015 0.015 0.001 0.001 0.001 0.001 0.001 0.001 0.001 0.001 0.001 0.001 0.001 0.001 0.001 0.001 0.001 0.001 0.001 0.001 0.001 0.001 0.001 0.001 0.001 0.001 0.001 0.0001 0.0001 0.0001 0.0001 0.0001 0.0001 0.0001 0.0001 0.175 
Proportion of infected at cutoff : 0.0100
Proportion of susceptibles at cutoff : 0.9747
(48,1) : 10
(10,0) : 10
(3,0) : 49
(47,1) : 6
(2,0) : 90
(14,0) : 8
(7,0) : 30
(33,0) : 1
(50,0) : 53
(49,1) : 12
(47,0) : 5
(11,0) : 15
(44,4) : 1
(37,0) : 1
(49,0) : 21
(46,1) : 1
(1,0) : 166
(48,0) : 8
(27,0) : 1
(45,4) : 1
(43,5) : 1
(24,0) : 2
(6,0) : 33
(48,2) : 2
(13,0) : 6
(5,0) : 26
(46,3) : 1
(40,0) : 1
(18,0) : 1
(8,0) : 27
(4,0) : 48
(15,0) : 11
(38,0) : 1
(21,0) : 1
(6,1) : 6
(7,1) : 3
(12,0) : 13
(47,2) : 5
(9,0) : 28
(42,1) : 1
(32,1) : 1
(9,1) : 2
(39,0) : 1
(16,0) : 5
(5,2) : 1
(15,1) : 1
(36,0) : 1
(38,1) : 1
(45,0) : 1
(13,1) : 3
(46,2) : 1
(20,0) : 1
(34,1) : 1
(23,0) : 1
(11,1) : 1
(0,0) : 4
(5,1) : 2
(46,0) : 1
(12,1) : 2
(41,0) : 1
(8,1) : 2
(35,1) : 1
(4,1) : 3
(45,2) : 1
(3,1) : 1
(3,2) : 1
(0,1) : 2
