pop size : 10000, betaG : 0.08500, lambdaH : 0.10000, lambdaW : 0.00100, gamma : 0.12500, Tmax : 150.00, threshold of infected : 0.010
0.37 0.32 0.13 0.12 0.04 0.02 
0.2192 0.12 0.08 0.06 0.05 0.045 0.04 0.035 0.03 0.02 0.02 0.02 0.015 0.015 0.015 0.015 0.001 0.001 0.001 0.001 0.001 0.001 0.001 0.001 0.001 0.001 0.001 0.001 0.001 0.001 0.001 0.001 0.001 0.001 0.001 0.001 0.001 0.001 0.001 0.001 0.001 0.0001 0.0001 0.0001 0.0001 0.0001 0.0001 0.0001 0.0001 0.175 
Proportion of infected at cutoff : 0.0100
Proportion of susceptibles at cutoff : 0.9797
(10,0) : 9
(7,0) : 34
(50,0) : 55
(49,0) : 23
(46,3) : 1
(49,1) : 19
(16,0) : 14
(14,1) : 4
(11,0) : 18
(5,0) : 36
(40,1) : 1
(47,1) : 3
(45,2) : 2
(12,1) : 3
(48,1) : 11
(4,0) : 35
(9,0) : 25
(8,0) : 20
(2,0) : 90
(36,0) : 1
(14,0) : 8
(3,0) : 54
(47,3) : 3
(17,1) : 1
(48,0) : 4
(48,2) : 3
(6,0) : 34
(25,0) : 1
(28,0) : 1
(13,0) : 14
(32,0) : 1
(47,0) : 1
(47,2) : 1
(46,2) : 3
(46,1) : 1
(1,0) : 181
(9,1) : 2
(38,0) : 1
(41,0) : 2
(26,0) : 1
(4,1) : 3
(43,0) : 1
(15,1) : 1
(13,1) : 2
(12,0) : 8
(17,0) : 1
(11,1) : 3
(6,1) : 2
(27,0) : 1
(30,0) : 1
(0,0) : 3
(39,0) : 1
(31,2) : 1
(15,0) : 1
(8,1) : 1
(45,4) : 1
(5,1) : 2
(33,0) : 1
(3,1) : 2
(0,1) : 1
(18,0) : 1
(2,1) : 1
(1,1) : 1
