pop size : 10000, betaG : 0.08500, lambdaH : 0.10000, lambdaW : 0.00100, gamma : 0.12500, Tmax : 150.00, threshold of infected : 0.010
0.37 0.32 0.13 0.12 0.04 0.02 
0.2192 0.12 0.08 0.06 0.05 0.045 0.04 0.035 0.03 0.02 0.02 0.02 0.015 0.015 0.015 0.015 0.001 0.001 0.001 0.001 0.001 0.001 0.001 0.001 0.001 0.001 0.001 0.001 0.001 0.001 0.001 0.001 0.001 0.001 0.001 0.001 0.001 0.001 0.001 0.001 0.001 0.0001 0.0001 0.0001 0.0001 0.0001 0.0001 0.0001 0.0001 0.175 
Proportion of infected at cutoff : 0.0100
Proportion of susceptibles at cutoff : 0.9763
(50,0) : 48
(48,2) : 6
(48,1) : 5
(41,0) : 1
(47,2) : 5
(16,0) : 8
(8,0) : 27
(9,0) : 15
(23,0) : 1
(49,0) : 26
(6,0) : 32
(7,0) : 33
(12,0) : 15
(49,1) : 15
(46,1) : 1
(37,0) : 2
(47,0) : 2
(48,0) : 3
(46,2) : 2
(46,3) : 1
(3,0) : 65
(11,0) : 18
(2,0) : 91
(5,0) : 37
(45,1) : 1
(4,0) : 56
(47,3) : 4
(32,0) : 2
(28,0) : 1
(13,0) : 11
(15,0) : 9
(30,0) : 1
(10,1) : 4
(47,1) : 2
(14,0) : 6
(46,0) : 3
(40,0) : 2
(1,1) : 4
(14,1) : 1
(8,1) : 1
(31,1) : 1
(15,1) : 2
(1,0) : 191
(41,2) : 1
(36,0) : 1
(37,1) : 2
(7,1) : 2
(10,0) : 15
(35,0) : 1
(45,2) : 1
(22,0) : 3
(30,2) : 1
(9,1) : 2
(13,1) : 2
(9,2) : 1
(38,0) : 1
(3,1) : 2
(18,0) : 1
(4,1) : 3
(0,0) : 2
(0,1) : 1
