pop size : 10000, betaG : 0.08500, lambdaH : 0.10000, lambdaW : 0.00100, gamma : 0.12500, Tmax : 150.00, threshold of infected : 0.010
0.37 0.32 0.13 0.12 0.04 0.02 
0.2192 0.12 0.08 0.06 0.05 0.045 0.04 0.035 0.03 0.02 0.02 0.02 0.015 0.015 0.015 0.015 0.001 0.001 0.001 0.001 0.001 0.001 0.001 0.001 0.001 0.001 0.001 0.001 0.001 0.001 0.001 0.001 0.001 0.001 0.001 0.001 0.001 0.001 0.001 0.001 0.001 0.0001 0.0001 0.0001 0.0001 0.0001 0.0001 0.0001 0.0001 0.175 
Proportion of infected at cutoff : 0.0100
Proportion of susceptibles at cutoff : 0.9740
(48,1) : 6
(2,1) : 3
(6,0) : 39
(50,0) : 49
(5,0) : 35
(15,0) : 13
(49,0) : 21
(48,2) : 4
(47,0) : 6
(47,1) : 7
(14,0) : 13
(9,0) : 19
(46,0) : 1
(45,5) : 1
(0,1) : 4
(46,3) : 2
(46,1) : 3
(8,0) : 15
(45,3) : 1
(48,0) : 7
(3,0) : 58
(44,3) : 1
(16,0) : 11
(7,0) : 36
(4,0) : 54
(13,0) : 7
(49,1) : 14
(34,1) : 1
(2,0) : 94
(38,0) : 1
(47,2) : 2
(12,0) : 10
(10,0) : 18
(1,0) : 159
(11,0) : 11
(29,0) : 1
(45,2) : 1
(9,1) : 2
(33,1) : 1
(31,0) : 1
(36,0) : 1
(15,1) : 1
(21,0) : 1
(46,2) : 3
(33,0) : 1
(43,2) : 1
(11,1) : 2
(13,1) : 2
(24,0) : 1
(7,1) : 5
(6,1) : 3
(34,0) : 1
(25,0) : 1
(8,1) : 1
(28,0) : 1
(20,0) : 1
(37,0) : 1
(10,1) : 1
(26,0) : 1
(18,1) : 1
(17,0) : 1
(12,1) : 1
(0,0) : 2
(3,1) : 2
(4,1) : 1
