pop size : 10000, betaG : 0.08500, lambdaH : 0.10000, lambdaW : 0.00100, gamma : 0.12500, Tmax : 150.00, threshold of infected : 0.010
0.37 0.32 0.13 0.12 0.04 0.02 
0.2192 0.12 0.08 0.06 0.05 0.045 0.04 0.035 0.03 0.02 0.02 0.02 0.015 0.015 0.015 0.015 0.001 0.001 0.001 0.001 0.001 0.001 0.001 0.001 0.001 0.001 0.001 0.001 0.001 0.001 0.001 0.001 0.001 0.001 0.001 0.001 0.001 0.001 0.001 0.001 0.001 0.0001 0.0001 0.0001 0.0001 0.0001 0.0001 0.0001 0.0001 0.175 
Proportion of infected at cutoff : 0.0100
Proportion of susceptibles at cutoff : 0.9804
(48,0) : 8
(50,0) : 56
(48,1) : 5
(4,0) : 52
(12,0) : 4
(29,0) : 1
(47,3) : 4
(11,0) : 18
(49,1) : 19
(39,1) : 1
(3,0) : 58
(49,0) : 12
(47,0) : 4
(2,0) : 90
(15,0) : 12
(14,0) : 7
(47,2) : 1
(39,0) : 1
(5,0) : 50
(13,0) : 17
(28,0) : 1
(46,2) : 2
(1,0) : 160
(10,0) : 22
(16,0) : 9
(26,0) : 2
(7,0) : 24
(48,2) : 11
(6,0) : 32
(46,1) : 1
(27,2) : 1
(47,1) : 2
(45,2) : 1
(46,3) : 2
(43,3) : 1
(30,0) : 1
(6,1) : 1
(9,0) : 21
(14,1) : 2
(38,1) : 1
(15,1) : 2
(8,0) : 24
(8,1) : 2
(11,1) : 2
(20,0) : 1
(13,1) : 1
(22,0) : 2
(12,1) : 3
(17,0) : 1
(44,0) : 1
(18,0) : 1
(27,0) : 1
(0,0) : 1
(19,0) : 1
(4,1) : 1
(36,0) : 1
(13,2) : 1
(0,1) : 1
(1,1) : 1
