pop size : 10000, betaG : 0.08500, lambdaH : 0.10000, lambdaW : 0.00100, gamma : 0.12500, Tmax : 150.00, threshold of infected : 0.010
0.37 0.32 0.13 0.12 0.04 0.02 
0.2192 0.12 0.08 0.06 0.05 0.045 0.04 0.035 0.03 0.02 0.02 0.02 0.015 0.015 0.015 0.015 0.001 0.001 0.001 0.001 0.001 0.001 0.001 0.001 0.001 0.001 0.001 0.001 0.001 0.001 0.001 0.001 0.001 0.001 0.001 0.001 0.001 0.001 0.001 0.001 0.001 0.0001 0.0001 0.0001 0.0001 0.0001 0.0001 0.0001 0.0001 0.175 
Proportion of infected at cutoff : 0.0100
Proportion of susceptibles at cutoff : 0.9648
(13,0) : 16
(49,1) : 14
(49,0) : 19
(47,2) : 6
(1,0) : 172
(11,0) : 10
(47,1) : 7
(48,0) : 16
(47,0) : 5
(48,1) : 7
(46,1) : 3
(10,0) : 16
(13,2) : 1
(12,0) : 16
(50,0) : 31
(8,0) : 20
(2,0) : 118
(45,0) : 1
(42,1) : 1
(15,0) : 5
(9,0) : 17
(40,1) : 1
(6,0) : 27
(4,0) : 54
(42,0) : 1
(14,0) : 8
(46,0) : 4
(48,2) : 4
(44,0) : 4
(45,1) : 2
(5,2) : 1
(7,0) : 43
(8,1) : 3
(14,1) : 2
(22,0) : 1
(45,4) : 1
(3,0) : 42
(45,3) : 1
(6,1) : 2
(5,0) : 42
(46,3) : 1
(27,0) : 1
(19,1) : 1
(39,0) : 1
(33,0) : 2
(24,0) : 1
(45,2) : 2
(25,1) : 1
(46,2) : 1
(20,0) : 1
(2,1) : 1
(21,0) : 1
(16,0) : 14
(7,1) : 2
(15,1) : 2
(10,1) : 1
(16,1) : 1
(30,0) : 1
(11,1) : 3
(0,0) : 7
(5,1) : 1
(1,1) : 2
(3,1) : 2
(0,1) : 1
