pop size : 10000, betaG : 0.08500, lambdaH : 0.10000, lambdaW : 0.00100, gamma : 0.12500, Tmax : 150.00, threshold of infected : 0.010
0.37 0.32 0.13 0.12 0.04 0.02 
0.2192 0.12 0.08 0.06 0.05 0.045 0.04 0.035 0.03 0.02 0.02 0.02 0.015 0.015 0.015 0.015 0.001 0.001 0.001 0.001 0.001 0.001 0.001 0.001 0.001 0.001 0.001 0.001 0.001 0.001 0.001 0.001 0.001 0.001 0.001 0.001 0.001 0.001 0.001 0.001 0.001 0.0001 0.0001 0.0001 0.0001 0.0001 0.0001 0.0001 0.0001 0.175 
Proportion of infected at cutoff : 0.0100
Proportion of susceptibles at cutoff : 0.9704
(3,0) : 58
(50,0) : 39
(8,0) : 22
(48,1) : 14
(46,1) : 3
(12,0) : 6
(4,0) : 42
(23,0) : 1
(47,2) : 4
(11,0) : 16
(49,1) : 11
(16,0) : 7
(46,0) : 3
(7,0) : 32
(48,0) : 17
(1,0) : 145
(41,2) : 2
(49,0) : 30
(35,0) : 1
(6,0) : 23
(10,0) : 12
(34,0) : 2
(48,2) : 6
(45,1) : 1
(47,1) : 3
(27,0) : 2
(13,1) : 1
(9,0) : 12
(42,0) : 2
(10,1) : 2
(45,3) : 1
(5,0) : 23
(43,6) : 1
(47,0) : 4
(3,1) : 2
(13,0) : 10
(42,6) : 1
(33,1) : 1
(14,1) : 2
(14,0) : 5
(19,2) : 1
(45,4) : 1
(28,1) : 1
(2,0) : 95
(15,0) : 5
(46,3) : 1
(15,1) : 2
(40,0) : 1
(22,1) : 1
(18,0) : 1
(11,1) : 1
(37,1) : 1
(5,2) : 1
(6,1) : 2
(21,0) : 1
(0,1) : 1
(26,0) : 1
(2,1) : 1
(0,0) : 3
