pop size : 10000, betaG : 0.08500, lambdaH : 0.10000, lambdaW : 0.00100, gamma : 0.12500, Tmax : 150.00, threshold of infected : 0.010
0.37 0.32 0.13 0.12 0.04 0.02 
0.2192 0.12 0.08 0.06 0.05 0.045 0.04 0.035 0.03 0.02 0.02 0.02 0.015 0.015 0.015 0.015 0.001 0.001 0.001 0.001 0.001 0.001 0.001 0.001 0.001 0.001 0.001 0.001 0.001 0.001 0.001 0.001 0.001 0.001 0.001 0.001 0.001 0.001 0.001 0.001 0.001 0.0001 0.0001 0.0001 0.0001 0.0001 0.0001 0.0001 0.0001 0.175 
Proportion of infected at cutoff : 0.0100
Proportion of susceptibles at cutoff : 0.9775
(50,0) : 45
(46,0) : 1
(46,2) : 5
(49,1) : 17
(41,0) : 2
(12,0) : 12
(47,1) : 6
(8,0) : 33
(49,0) : 20
(35,0) : 1
(6,0) : 40
(23,0) : 3
(15,0) : 7
(10,0) : 28
(3,0) : 65
(12,1) : 1
(5,0) : 44
(33,1) : 1
(48,2) : 2
(13,0) : 7
(4,0) : 55
(39,0) : 1
(37,0) : 1
(25,0) : 1
(44,4) : 1
(14,0) : 9
(9,0) : 23
(27,0) : 1
(13,1) : 1
(47,3) : 1
(48,1) : 10
(1,0) : 145
(48,0) : 6
(6,1) : 2
(47,0) : 4
(2,0) : 93
(7,0) : 29
(16,0) : 7
(31,0) : 2
(47,2) : 3
(46,3) : 2
(36,0) : 2
(19,0) : 2
(4,1) : 3
(11,0) : 16
(39,1) : 1
(4,2) : 1
(1,1) : 2
(10,1) : 2
(11,1) : 2
(9,1) : 1
(38,1) : 1
(7,1) : 2
(29,1) : 1
(5,1) : 3
(21,0) : 1
(30,0) : 1
(26,0) : 1
(11,2) : 1
(2,1) : 4
(0,1) : 2
(8,1) : 1
(0,0) : 2
