pop size : 10000, betaG : 0.08500, lambdaH : 0.10000, lambdaW : 0.00100, gamma : 0.12500, Tmax : 150.00, threshold of infected : 0.010
0.37 0.32 0.13 0.12 0.04 0.02 
0.2192 0.12 0.08 0.06 0.05 0.045 0.04 0.035 0.03 0.02 0.02 0.02 0.015 0.015 0.015 0.015 0.001 0.001 0.001 0.001 0.001 0.001 0.001 0.001 0.001 0.001 0.001 0.001 0.001 0.001 0.001 0.001 0.001 0.001 0.001 0.001 0.001 0.001 0.001 0.001 0.001 0.0001 0.0001 0.0001 0.0001 0.0001 0.0001 0.0001 0.0001 0.175 
Proportion of infected at cutoff : 0.0100
Proportion of susceptibles at cutoff : 0.9729
(49,0) : 19
(21,0) : 3
(49,1) : 14
(47,0) : 4
(3,0) : 73
(15,0) : 12
(12,0) : 16
(11,0) : 11
(50,0) : 40
(2,0) : 89
(6,0) : 30
(16,0) : 12
(7,1) : 1
(48,1) : 10
(36,1) : 2
(5,0) : 47
(1,0) : 163
(46,0) : 5
(0,0) : 3
(10,0) : 18
(8,1) : 3
(14,0) : 12
(37,0) : 1
(48,0) : 11
(35,0) : 3
(8,0) : 33
(43,3) : 1
(41,5) : 1
(46,2) : 2
(47,1) : 4
(13,0) : 10
(44,1) : 1
(19,1) : 1
(4,0) : 39
(9,0) : 19
(48,2) : 3
(33,2) : 1
(18,0) : 1
(40,1) : 1
(7,0) : 26
(46,1) : 2
(45,4) : 1
(19,0) : 1
(39,0) : 1
(27,1) : 1
(0,1) : 1
(25,0) : 1
(11,1) : 2
(40,0) : 1
(44,4) : 2
(47,2) : 1
(44,2) : 1
(13,1) : 3
(47,3) : 1
(4,2) : 1
(46,3) : 2
(28,0) : 1
(6,1) : 1
(17,0) : 2
(33,0) : 1
(1,1) : 2
(22,1) : 1
(5,1) : 1
(3,1) : 1
(2,1) : 1
