pop size : 10000, betaG : 0.08500, lambdaH : 0.10000, lambdaW : 0.00100, gamma : 0.12500, Tmax : 150.00, threshold of infected : 0.010
0.37 0.32 0.13 0.12 0.04 0.02 
0.2192 0.12 0.08 0.06 0.05 0.045 0.04 0.035 0.03 0.02 0.02 0.02 0.015 0.015 0.015 0.015 0.001 0.001 0.001 0.001 0.001 0.001 0.001 0.001 0.001 0.001 0.001 0.001 0.001 0.001 0.001 0.001 0.001 0.001 0.001 0.001 0.001 0.001 0.001 0.001 0.001 0.0001 0.0001 0.0001 0.0001 0.0001 0.0001 0.0001 0.0001 0.175 
Proportion of infected at cutoff : 0.0100
Proportion of susceptibles at cutoff : 0.9718
(48,0) : 15
(44,3) : 2
(50,0) : 42
(49,1) : 14
(49,0) : 26
(3,0) : 59
(15,0) : 10
(48,2) : 6
(12,0) : 15
(7,0) : 21
(47,1) : 4
(6,0) : 28
(47,0) : 5
(8,0) : 30
(1,0) : 130
(5,0) : 44
(48,1) : 10
(11,0) : 14
(12,1) : 2
(29,0) : 2
(9,0) : 17
(16,0) : 8
(4,0) : 44
(13,0) : 6
(45,3) : 2
(40,1) : 1
(13,1) : 2
(45,2) : 1
(2,0) : 77
(41,0) : 1
(46,0) : 2
(27,0) : 1
(43,2) : 1
(32,0) : 1
(39,5) : 1
(11,3) : 1
(14,0) : 7
(30,2) : 1
(9,2) : 1
(40,0) : 1
(47,2) : 3
(10,0) : 12
(37,2) : 1
(46,2) : 2
(45,0) : 1
(20,0) : 1
(27,1) : 1
(3,1) : 4
(35,0) : 1
(15,1) : 1
(14,1) : 1
(16,1) : 1
(32,1) : 1
(18,2) : 1
(19,0) : 1
(4,1) : 2
(8,1) : 1
(0,0) : 1
(0,1) : 1
