pop size : 10000, betaG : 0.08500, lambdaH : 0.10000, lambdaW : 0.00100, gamma : 0.12500, Tmax : 150.00, threshold of infected : 0.010
0.37 0.32 0.13 0.12 0.04 0.02 
0.2192 0.12 0.08 0.06 0.05 0.045 0.04 0.035 0.03 0.02 0.02 0.02 0.015 0.015 0.015 0.015 0.001 0.001 0.001 0.001 0.001 0.001 0.001 0.001 0.001 0.001 0.001 0.001 0.001 0.001 0.001 0.001 0.001 0.001 0.001 0.001 0.001 0.001 0.001 0.001 0.001 0.0001 0.0001 0.0001 0.0001 0.0001 0.0001 0.0001 0.0001 0.175 
Proportion of infected at cutoff : 0.0100
Proportion of susceptibles at cutoff : 0.9692
(49,0) : 32
(48,0) : 12
(46,1) : 3
(48,1) : 14
(13,0) : 13
(47,0) : 7
(8,0) : 33
(15,1) : 4
(47,2) : 4
(46,2) : 2
(50,0) : 30
(7,0) : 29
(45,2) : 3
(2,0) : 98
(6,0) : 46
(9,0) : 17
(14,0) : 6
(16,0) : 6
(3,0) : 49
(15,0) : 8
(31,0) : 2
(4,0) : 37
(40,0) : 1
(49,1) : 12
(43,0) : 1
(5,0) : 32
(32,1) : 1
(29,0) : 2
(48,2) : 1
(37,0) : 1
(1,0) : 165
(25,0) : 4
(43,4) : 1
(13,1) : 1
(11,0) : 17
(44,3) : 2
(14,1) : 2
(44,2) : 1
(7,1) : 2
(31,1) : 1
(19,0) : 1
(0,0) : 5
(12,0) : 5
(46,0) : 3
(45,4) : 1
(10,0) : 6
(24,0) : 1
(5,1) : 2
(34,0) : 1
(22,0) : 2
(10,1) : 1
(26,0) : 1
(20,0) : 1
(41,0) : 1
(47,1) : 2
(9,2) : 1
(47,3) : 1
(6,1) : 2
(4,1) : 1
(21,0) : 1
(11,1) : 1
(3,1) : 2
(14,2) : 1
(27,0) : 1
(9,1) : 1
(3,2) : 1
(1,1) : 1
(8,2) : 1
