pop size : 10000, betaG : 0.08500, lambdaH : 0.10000, lambdaW : 0.00100, gamma : 0.12500, Tmax : 150.00, threshold of infected : 0.010
0.37 0.32 0.13 0.12 0.04 0.02 
0.2192 0.12 0.08 0.06 0.05 0.045 0.04 0.035 0.03 0.02 0.02 0.02 0.015 0.015 0.015 0.015 0.001 0.001 0.001 0.001 0.001 0.001 0.001 0.001 0.001 0.001 0.001 0.001 0.001 0.001 0.001 0.001 0.001 0.001 0.001 0.001 0.001 0.001 0.001 0.001 0.001 0.0001 0.0001 0.0001 0.0001 0.0001 0.0001 0.0001 0.0001 0.175 
Proportion of infected at cutoff : 0.0100
Proportion of susceptibles at cutoff : 0.9760
(49,1) : 17
(48,0) : 8
(49,0) : 21
(45,1) : 2
(50,0) : 44
(1,0) : 160
(47,1) : 5
(8,0) : 18
(14,0) : 12
(48,1) : 10
(6,0) : 31
(9,0) : 18
(48,2) : 5
(46,1) : 3
(13,0) : 18
(4,1) : 4
(3,0) : 47
(35,0) : 4
(46,0) : 1
(46,2) : 2
(16,0) : 6
(32,0) : 1
(47,3) : 2
(5,0) : 42
(12,0) : 15
(47,0) : 2
(21,0) : 1
(4,0) : 41
(7,0) : 37
(25,0) : 2
(44,1) : 1
(11,0) : 12
(42,0) : 2
(39,0) : 1
(37,0) : 1
(2,0) : 80
(10,0) : 3
(15,0) : 12
(27,1) : 1
(32,1) : 1
(33,0) : 1
(9,1) : 2
(20,0) : 2
(10,1) : 1
(5,1) : 1
(13,1) : 3
(23,0) : 2
(47,2) : 3
(11,1) : 1
(1,1) : 2
(6,2) : 1
(22,0) : 1
(15,1) : 2
(36,0) : 1
(42,1) : 1
(24,0) : 2
(29,0) : 1
(38,0) : 1
(2,2) : 1
(17,2) : 1
(26,2) : 1
(7,1) : 1
(8,1) : 1
(6,1) : 2
(3,1) : 3
(0,0) : 1
(0,1) : 2
