pop size : 10000, betaG : 0.08500, lambdaH : 0.10000, lambdaW : 0.00100, gamma : 0.12500, Tmax : 150.00, threshold of infected : 0.010
0.37 0.32 0.13 0.12 0.04 0.02 
0.2192 0.12 0.08 0.06 0.05 0.045 0.04 0.035 0.03 0.02 0.02 0.02 0.015 0.015 0.015 0.015 0.001 0.001 0.001 0.001 0.001 0.001 0.001 0.001 0.001 0.001 0.001 0.001 0.001 0.001 0.001 0.001 0.001 0.001 0.001 0.001 0.001 0.001 0.001 0.001 0.001 0.0001 0.0001 0.0001 0.0001 0.0001 0.0001 0.0001 0.0001 0.175 
Proportion of infected at cutoff : 0.0100
Proportion of susceptibles at cutoff : 0.9743
(48,1) : 10
(50,0) : 39
(15,0) : 11
(8,0) : 24
(12,0) : 14
(1,0) : 169
(49,0) : 20
(7,0) : 27
(49,1) : 17
(4,0) : 42
(48,2) : 3
(5,0) : 50
(11,0) : 29
(6,0) : 36
(2,0) : 102
(46,4) : 2
(2,1) : 2
(42,2) : 1
(38,0) : 1
(47,0) : 3
(14,2) : 1
(48,0) : 7
(45,2) : 2
(10,0) : 17
(31,0) : 2
(14,0) : 10
(13,0) : 13
(46,0) : 4
(3,0) : 60
(35,0) : 1
(45,3) : 1
(41,0) : 1
(23,1) : 1
(47,2) : 1
(46,1) : 3
(5,1) : 2
(16,0) : 9
(9,0) : 14
(39,1) : 1
(37,0) : 2
(30,0) : 1
(47,1) : 7
(47,3) : 1
(24,1) : 1
(24,0) : 2
(3,1) : 6
(1,1) : 1
(45,1) : 1
(25,0) : 1
(13,1) : 3
(10,1) : 1
(8,1) : 2
(6,1) : 1
(21,0) : 2
(30,1) : 1
(37,1) : 2
(20,0) : 1
(21,1) : 1
(7,1) : 3
(27,0) : 1
(8,2) : 1
(29,0) : 1
(18,0) : 1
(0,0) : 1
(4,1) : 1
(0,1) : 1
