pop size : 10000, betaG : 0.08500, lambdaH : 0.10000, lambdaW : 0.00100, gamma : 0.12500, Tmax : 150.00, threshold of infected : 0.010
0.37 0.32 0.13 0.12 0.04 0.02 
0.2192 0.12 0.08 0.06 0.05 0.045 0.04 0.035 0.03 0.02 0.02 0.02 0.015 0.015 0.015 0.015 0.001 0.001 0.001 0.001 0.001 0.001 0.001 0.001 0.001 0.001 0.001 0.001 0.001 0.001 0.001 0.001 0.001 0.001 0.001 0.001 0.001 0.001 0.001 0.001 0.001 0.0001 0.0001 0.0001 0.0001 0.0001 0.0001 0.0001 0.0001 0.175 
Proportion of infected at cutoff : 0.0100
Proportion of susceptibles at cutoff : 0.9778
(8,0) : 20
(49,1) : 22
(47,2) : 5
(49,0) : 18
(50,0) : 50
(48,0) : 6
(14,0) : 12
(1,0) : 158
(26,0) : 2
(12,0) : 15
(9,0) : 23
(10,2) : 1
(45,1) : 1
(6,0) : 31
(2,0) : 95
(46,4) : 1
(48,1) : 10
(5,0) : 39
(16,0) : 13
(1,2) : 1
(3,0) : 68
(47,0) : 3
(15,0) : 16
(13,0) : 9
(11,0) : 7
(47,3) : 1
(10,0) : 11
(7,0) : 28
(45,4) : 1
(33,0) : 2
(44,2) : 1
(23,0) : 1
(46,1) : 4
(46,3) : 1
(19,0) : 1
(4,0) : 40
(39,0) : 2
(40,0) : 2
(45,3) : 1
(46,0) : 1
(34,0) : 1
(48,2) : 1
(12,1) : 1
(35,0) : 2
(15,1) : 3
(10,1) : 1
(13,1) : 2
(25,0) : 2
(2,1) : 2
(6,1) : 2
(17,0) : 1
(3,1) : 3
(20,0) : 1
(18,1) : 1
(9,1) : 2
(43,2) : 1
(32,0) : 1
(29,0) : 1
(5,1) : 1
(13,2) : 1
(7,1) : 1
(5,2) : 1
(14,1) : 1
(0,1) : 2
