pop size : 10000, betaG : 0.08500, lambdaH : 0.10000, lambdaW : 0.00100, gamma : 0.12500, Tmax : 150.00, threshold of infected : 0.010
0.37 0.32 0.13 0.12 0.04 0.02 
0.2192 0.12 0.08 0.06 0.05 0.045 0.04 0.035 0.03 0.02 0.02 0.02 0.015 0.015 0.015 0.015 0.001 0.001 0.001 0.001 0.001 0.001 0.001 0.001 0.001 0.001 0.001 0.001 0.001 0.001 0.001 0.001 0.001 0.001 0.001 0.001 0.001 0.001 0.001 0.001 0.001 0.0001 0.0001 0.0001 0.0001 0.0001 0.0001 0.0001 0.0001 0.175 
Proportion of infected at cutoff : 0.0100
Proportion of susceptibles at cutoff : 0.9849
(37,0) : 1
(50,0) : 68
(8,0) : 25
(18,0) : 1
(6,0) : 35
(46,4) : 1
(49,0) : 13
(49,1) : 21
(4,0) : 41
(2,0) : 79
(39,2) : 1
(10,0) : 19
(38,1) : 1
(47,1) : 2
(40,1) : 1
(13,0) : 11
(12,0) : 16
(5,0) : 44
(16,0) : 8
(48,1) : 6
(48,2) : 10
(14,0) : 8
(48,0) : 4
(1,0) : 172
(3,0) : 52
(7,0) : 30
(9,0) : 19
(47,3) : 3
(27,1) : 1
(35,0) : 1
(13,1) : 3
(11,0) : 9
(15,0) : 12
(47,2) : 2
(10,1) : 1
(31,0) : 2
(40,0) : 1
(7,1) : 2
(6,1) : 3
(8,1) : 1
(26,0) : 1
(27,0) : 1
(4,1) : 2
(24,1) : 1
(45,4) : 1
(22,0) : 1
(45,3) : 1
(23,1) : 1
(39,0) : 1
(21,0) : 1
(19,0) : 1
(2,1) : 2
(10,2) : 1
(1,1) : 2
(3,1) : 1
(0,1) : 1
(0,0) : 1
