pop size : 10000, betaG : 0.08500, lambdaH : 0.10000, lambdaW : 0.00100, gamma : 0.12500, Tmax : 150.00, threshold of infected : 0.010
0.37 0.32 0.13 0.12 0.04 0.02 
0.2192 0.12 0.08 0.06 0.05 0.045 0.04 0.035 0.03 0.02 0.02 0.02 0.015 0.015 0.015 0.015 0.001 0.001 0.001 0.001 0.001 0.001 0.001 0.001 0.001 0.001 0.001 0.001 0.001 0.001 0.001 0.001 0.001 0.001 0.001 0.001 0.001 0.001 0.001 0.001 0.001 0.0001 0.0001 0.0001 0.0001 0.0001 0.0001 0.0001 0.0001 0.175 
Proportion of infected at cutoff : 0.0100
Proportion of susceptibles at cutoff : 0.9753
(49,0) : 23
(48,2) : 6
(9,0) : 20
(48,0) : 11
(4,0) : 47
(32,0) : 1
(47,0) : 4
(16,0) : 6
(15,0) : 9
(5,0) : 35
(2,0) : 124
(49,1) : 13
(12,0) : 14
(8,0) : 32
(50,0) : 44
(47,1) : 5
(46,2) : 3
(13,0) : 10
(11,0) : 10
(10,0) : 13
(48,1) : 14
(1,0) : 179
(46,1) : 1
(7,0) : 26
(47,3) : 1
(46,3) : 1
(6,0) : 42
(47,2) : 4
(3,0) : 63
(27,1) : 1
(22,1) : 1
(43,4) : 1
(6,1) : 1
(26,0) : 1
(46,0) : 1
(14,0) : 9
(40,1) : 1
(7,1) : 2
(25,0) : 1
(12,1) : 3
(38,0) : 1
(24,0) : 1
(46,4) : 1
(38,1) : 1
(4,1) : 3
(3,1) : 1
(23,0) : 1
(33,0) : 1
(11,1) : 2
(18,1) : 1
(19,1) : 1
(19,0) : 2
(8,1) : 1
(10,1) : 1
(5,1) : 1
(9,1) : 1
(2,1) : 3
(0,0) : 1
(0,1) : 2
