pop size : 10000, betaG : 0.08500, lambdaH : 0.10000, lambdaW : 0.00100, gamma : 0.12500, Tmax : 150.00, threshold of infected : 0.010
0.37 0.32 0.13 0.12 0.04 0.02 
0.2192 0.12 0.08 0.06 0.05 0.045 0.04 0.035 0.03 0.02 0.02 0.02 0.015 0.015 0.015 0.015 0.001 0.001 0.001 0.001 0.001 0.001 0.001 0.001 0.001 0.001 0.001 0.001 0.001 0.001 0.001 0.001 0.001 0.001 0.001 0.001 0.001 0.001 0.001 0.001 0.001 0.0001 0.0001 0.0001 0.0001 0.0001 0.0001 0.0001 0.0001 0.175 
Proportion of infected at cutoff : 0.0100
Proportion of susceptibles at cutoff : 0.9784
(49,1) : 15
(49,0) : 15
(50,0) : 59
(5,0) : 33
(10,1) : 1
(48,1) : 12
(14,0) : 11
(9,0) : 32
(16,0) : 11
(15,0) : 14
(11,0) : 10
(4,0) : 46
(48,0) : 8
(1,0) : 158
(37,0) : 3
(47,2) : 5
(7,0) : 30
(48,2) : 5
(38,0) : 1
(46,2) : 2
(6,0) : 21
(46,1) : 2
(32,0) : 2
(12,0) : 8
(23,2) : 1
(13,1) : 2
(18,0) : 2
(33,1) : 1
(13,0) : 9
(10,0) : 14
(47,0) : 1
(47,3) : 2
(4,1) : 1
(45,1) : 1
(17,0) : 2
(44,4) : 1
(26,0) : 1
(24,0) : 1
(45,3) : 1
(22,0) : 1
(3,0) : 57
(8,0) : 18
(41,1) : 1
(7,1) : 1
(17,2) : 1
(11,1) : 2
(8,1) : 1
(2,0) : 83
(5,1) : 3
(47,1) : 2
(0,0) : 2
(14,1) : 1
(15,1) : 2
(28,0) : 1
(29,0) : 1
(13,2) : 1
(39,0) : 1
(6,1) : 3
(3,1) : 1
(1,1) : 1
(23,0) : 1
(2,1) : 1
(0,1) : 3
