pop size : 10000, betaG : 0.08500, lambdaH : 0.10000, lambdaW : 0.00100, gamma : 0.12500, Tmax : 150.00, threshold of infected : 0.010
0.37 0.32 0.13 0.12 0.04 0.02 
0.2192 0.12 0.08 0.06 0.05 0.045 0.04 0.035 0.03 0.02 0.02 0.02 0.015 0.015 0.015 0.015 0.001 0.001 0.001 0.001 0.001 0.001 0.001 0.001 0.001 0.001 0.001 0.001 0.001 0.001 0.001 0.001 0.001 0.001 0.001 0.001 0.001 0.001 0.001 0.001 0.001 0.0001 0.0001 0.0001 0.0001 0.0001 0.0001 0.0001 0.0001 0.175 
Proportion of infected at cutoff : 0.0100
Proportion of susceptibles at cutoff : 0.9794
(49,1) : 15
(50,0) : 58
(49,0) : 21
(46,3) : 4
(19,0) : 2
(7,0) : 32
(48,1) : 7
(45,4) : 1
(15,0) : 17
(1,0) : 194
(14,0) : 14
(12,0) : 5
(46,2) : 2
(8,0) : 25
(34,0) : 1
(48,2) : 4
(9,0) : 16
(47,0) : 4
(4,0) : 55
(5,0) : 33
(36,1) : 1
(47,2) : 4
(20,0) : 2
(30,1) : 1
(3,0) : 56
(44,3) : 2
(13,0) : 14
(30,0) : 2
(3,1) : 3
(6,0) : 33
(46,0) : 1
(45,2) : 1
(27,1) : 1
(25,0) : 2
(2,0) : 83
(47,3) : 2
(14,1) : 1
(11,0) : 14
(10,0) : 5
(48,0) : 2
(16,0) : 7
(4,1) : 2
(40,0) : 1
(33,0) : 1
(47,1) : 1
(45,3) : 1
(22,0) : 1
(21,0) : 1
(28,0) : 1
(32,0) : 2
(46,4) : 1
(2,1) : 3
(21,1) : 1
(7,1) : 1
(45,0) : 1
(23,0) : 2
(17,0) : 1
(8,1) : 1
(0,0) : 2
(0,1) : 3
(5,1) : 1
(1,1) : 1
