pop size : 10000, betaG : 0.08500, lambdaH : 0.10000, lambdaW : 0.00100, gamma : 0.12500, Tmax : 150.00, threshold of infected : 0.010
0.37 0.32 0.13 0.12 0.04 0.02 
0.2192 0.12 0.08 0.06 0.05 0.045 0.04 0.035 0.03 0.02 0.02 0.02 0.015 0.015 0.015 0.015 0.001 0.001 0.001 0.001 0.001 0.001 0.001 0.001 0.001 0.001 0.001 0.001 0.001 0.001 0.001 0.001 0.001 0.001 0.001 0.001 0.001 0.001 0.001 0.001 0.001 0.0001 0.0001 0.0001 0.0001 0.0001 0.0001 0.0001 0.0001 0.175 
Proportion of infected at cutoff : 0.0100
Proportion of susceptibles at cutoff : 0.9761
(50,0) : 51
(11,0) : 15
(8,0) : 33
(48,0) : 6
(46,1) : 3
(10,0) : 13
(49,1) : 16
(49,0) : 26
(48,2) : 5
(1,0) : 209
(2,0) : 83
(29,1) : 1
(13,0) : 10
(5,0) : 46
(3,0) : 61
(48,1) : 5
(6,0) : 39
(47,1) : 5
(46,3) : 2
(4,0) : 49
(9,0) : 12
(38,0) : 1
(12,0) : 18
(47,3) : 1
(8,1) : 2
(2,1) : 5
(18,0) : 3
(46,2) : 2
(15,0) : 10
(44,1) : 1
(13,1) : 1
(7,0) : 32
(17,1) : 2
(47,2) : 2
(46,0) : 2
(16,0) : 6
(14,0) : 7
(10,1) : 2
(7,1) : 3
(44,3) : 1
(16,1) : 1
(24,1) : 1
(28,0) : 2
(19,0) : 1
(47,0) : 1
(24,0) : 1
(0,1) : 2
(35,0) : 1
(43,5) : 1
(37,0) : 1
(6,1) : 2
(15,1) : 1
(5,1) : 4
(22,0) : 1
(1,1) : 2
(26,1) : 1
(21,0) : 2
(11,1) : 2
(3,1) : 1
(4,1) : 2
(0,0) : 1
