pop size : 10000, betaG : 0.08500, lambdaH : 0.10000, lambdaW : 0.00100, gamma : 0.12500, Tmax : 150.00, threshold of infected : 0.010
0.37 0.32 0.13 0.12 0.04 0.02 
0.2192 0.12 0.08 0.06 0.05 0.045 0.04 0.035 0.03 0.02 0.02 0.02 0.015 0.015 0.015 0.015 0.001 0.001 0.001 0.001 0.001 0.001 0.001 0.001 0.001 0.001 0.001 0.001 0.001 0.001 0.001 0.001 0.001 0.001 0.001 0.001 0.001 0.001 0.001 0.001 0.001 0.0001 0.0001 0.0001 0.0001 0.0001 0.0001 0.0001 0.0001 0.175 
Proportion of infected at cutoff : 0.0100
Proportion of susceptibles at cutoff : 0.9779
(47,2) : 8
(49,1) : 18
(12,0) : 19
(50,0) : 46
(11,0) : 14
(3,0) : 63
(49,0) : 27
(48,1) : 9
(13,0) : 9
(8,0) : 29
(42,2) : 1
(4,0) : 56
(48,0) : 6
(15,1) : 1
(14,0) : 9
(47,1) : 5
(47,3) : 1
(2,0) : 88
(7,0) : 29
(47,0) : 2
(43,2) : 1
(46,2) : 1
(15,0) : 16
(13,1) : 3
(10,0) : 11
(6,0) : 37
(38,0) : 3
(5,0) : 37
(1,0) : 189
(1,1) : 3
(16,0) : 6
(45,3) : 2
(40,0) : 2
(9,0) : 11
(20,0) : 1
(22,0) : 1
(8,1) : 3
(41,0) : 1
(30,1) : 1
(48,2) : 3
(12,1) : 1
(39,0) : 2
(10,1) : 2
(28,0) : 1
(5,1) : 4
(11,1) : 2
(0,0) : 1
(16,1) : 1
(30,0) : 1
(2,1) : 2
(3,2) : 1
(9,1) : 2
(4,1) : 2
(0,1) : 2
