pop size : 10000, betaG : 0.08500, lambdaH : 0.10000, lambdaW : 0.00100, gamma : 0.12500, Tmax : 150.00, threshold of infected : 0.010
0.37 0.32 0.13 0.12 0.04 0.02 
0.2192 0.12 0.08 0.06 0.05 0.045 0.04 0.035 0.03 0.02 0.02 0.02 0.015 0.015 0.015 0.015 0.001 0.001 0.001 0.001 0.001 0.001 0.001 0.001 0.001 0.001 0.001 0.001 0.001 0.001 0.001 0.001 0.001 0.001 0.001 0.001 0.001 0.001 0.001 0.001 0.001 0.0001 0.0001 0.0001 0.0001 0.0001 0.0001 0.0001 0.0001 0.175 
Proportion of infected at cutoff : 0.0100
Proportion of susceptibles at cutoff : 0.9750
(50,0) : 46
(2,1) : 4
(48,2) : 4
(49,1) : 22
(45,2) : 1
(7,0) : 33
(8,0) : 26
(3,0) : 59
(9,0) : 23
(47,1) : 2
(10,0) : 19
(49,0) : 27
(15,0) : 9
(18,0) : 1
(23,0) : 1
(46,2) : 2
(12,0) : 9
(10,2) : 1
(28,0) : 1
(15,1) : 1
(6,0) : 24
(11,0) : 12
(14,0) : 9
(14,1) : 2
(46,1) : 3
(37,0) : 1
(24,0) : 1
(2,0) : 94
(46,3) : 2
(48,0) : 9
(5,0) : 43
(33,0) : 1
(47,3) : 1
(47,2) : 2
(16,0) : 10
(9,1) : 4
(26,3) : 1
(35,1) : 1
(6,1) : 1
(32,0) : 1
(1,0) : 177
(3,1) : 1
(13,0) : 6
(5,1) : 4
(47,0) : 2
(4,0) : 45
(11,1) : 2
(7,1) : 3
(46,0) : 1
(48,1) : 3
(11,2) : 1
(34,1) : 1
(41,0) : 1
(29,0) : 1
(30,1) : 1
(36,0) : 1
(45,1) : 1
(29,1) : 1
(43,0) : 1
(12,1) : 2
(30,0) : 1
(38,1) : 1
(4,1) : 1
(8,1) : 1
(10,1) : 1
(31,0) : 1
(13,1) : 1
(1,1) : 2
(0,0) : 1
