pop size : 10000, betaG : 0.08500, lambdaH : 0.10000, lambdaW : 0.00100, gamma : 0.12500, Tmax : 150.00, threshold of infected : 0.010
0.37 0.32 0.13 0.12 0.04 0.02 
0.2192 0.12 0.08 0.06 0.05 0.045 0.04 0.035 0.03 0.02 0.02 0.02 0.015 0.015 0.015 0.015 0.001 0.001 0.001 0.001 0.001 0.001 0.001 0.001 0.001 0.001 0.001 0.001 0.001 0.001 0.001 0.001 0.001 0.001 0.001 0.001 0.001 0.001 0.001 0.001 0.001 0.0001 0.0001 0.0001 0.0001 0.0001 0.0001 0.0001 0.0001 0.175 
Proportion of infected at cutoff : 0.0100
Proportion of susceptibles at cutoff : 0.9775
(29,0) : 1
(11,0) : 18
(49,1) : 20
(12,0) : 12
(50,0) : 55
(48,1) : 12
(48,2) : 5
(8,0) : 25
(49,0) : 24
(14,0) : 10
(24,0) : 1
(6,0) : 24
(10,2) : 1
(47,0) : 1
(7,0) : 29
(15,0) : 13
(9,0) : 19
(4,0) : 39
(2,0) : 86
(1,0) : 149
(48,0) : 6
(5,0) : 33
(47,3) : 3
(3,0) : 59
(47,1) : 1
(10,0) : 15
(13,0) : 12
(43,5) : 1
(38,2) : 1
(16,0) : 8
(45,2) : 1
(29,1) : 1
(13,1) : 2
(37,0) : 1
(34,0) : 1
(18,1) : 1
(43,4) : 1
(30,0) : 1
(0,0) : 1
(45,3) : 2
(39,1) : 1
(44,1) : 2
(4,1) : 1
(47,2) : 1
(31,0) : 1
(14,1) : 2
(46,2) : 1
(6,1) : 1
(20,2) : 1
(11,1) : 1
(17,0) : 1
(7,1) : 1
(10,1) : 1
(17,3) : 1
(8,1) : 1
(5,1) : 1
(2,1) : 1
(0,1) : 1
