pop size : 10000, betaG : 0.08500, lambdaH : 0.10000, lambdaW : 0.00100, gamma : 0.12500, Tmax : 150.00, threshold of infected : 0.010
0.37 0.32 0.13 0.12 0.04 0.02 
0.2192 0.12 0.08 0.06 0.05 0.045 0.04 0.035 0.03 0.02 0.02 0.02 0.015 0.015 0.015 0.015 0.001 0.001 0.001 0.001 0.001 0.001 0.001 0.001 0.001 0.001 0.001 0.001 0.001 0.001 0.001 0.001 0.001 0.001 0.001 0.001 0.001 0.001 0.001 0.001 0.001 0.0001 0.0001 0.0001 0.0001 0.0001 0.0001 0.0001 0.0001 0.175 
Proportion of infected at cutoff : 0.0100
Proportion of susceptibles at cutoff : 0.9765
(50,0) : 49
(2,0) : 85
(47,3) : 2
(48,1) : 8
(49,0) : 22
(16,0) : 10
(48,2) : 5
(47,2) : 4
(48,0) : 7
(46,0) : 2
(45,2) : 1
(6,0) : 30
(4,0) : 41
(15,0) : 12
(1,0) : 185
(49,1) : 19
(44,1) : 2
(3,0) : 52
(9,0) : 27
(13,0) : 12
(46,2) : 1
(25,0) : 1
(11,0) : 11
(14,0) : 7
(7,0) : 32
(12,0) : 14
(41,5) : 1
(10,0) : 12
(6,1) : 4
(13,1) : 2
(47,1) : 3
(35,0) : 2
(8,0) : 18
(45,3) : 1
(12,1) : 3
(37,2) : 1
(28,0) : 1
(45,1) : 1
(5,0) : 45
(45,0) : 2
(47,0) : 2
(15,1) : 2
(20,0) : 1
(18,0) : 1
(26,0) : 1
(37,0) : 1
(7,1) : 2
(22,0) : 1
(10,1) : 1
(8,1) : 1
(33,1) : 1
(28,1) : 1
(30,0) : 1
(38,0) : 1
(40,0) : 1
(1,1) : 1
(14,1) : 1
(11,2) : 1
(3,1) : 2
(6,3) : 1
(0,0) : 3
(5,1) : 1
(0,1) : 2
