pop size : 10000, betaG : 0.08500, lambdaH : 0.10000, lambdaW : 0.00100, gamma : 0.12500, Tmax : 150.00, threshold of infected : 0.010
0.37 0.32 0.13 0.12 0.04 0.02 
0.2192 0.12 0.08 0.06 0.05 0.045 0.04 0.035 0.03 0.02 0.02 0.02 0.015 0.015 0.015 0.015 0.001 0.001 0.001 0.001 0.001 0.001 0.001 0.001 0.001 0.001 0.001 0.001 0.001 0.001 0.001 0.001 0.001 0.001 0.001 0.001 0.001 0.001 0.001 0.001 0.001 0.0001 0.0001 0.0001 0.0001 0.0001 0.0001 0.0001 0.0001 0.175 
Proportion of infected at cutoff : 0.0100
Proportion of susceptibles at cutoff : 0.9789
(49,0) : 24
(48,2) : 6
(48,1) : 10
(5,0) : 38
(50,0) : 55
(26,0) : 1
(49,1) : 16
(14,0) : 10
(2,0) : 98
(44,1) : 1
(48,0) : 7
(1,0) : 152
(4,0) : 41
(15,0) : 7
(8,0) : 27
(6,0) : 39
(46,4) : 1
(0,0) : 4
(10,0) : 11
(35,0) : 2
(47,1) : 2
(3,1) : 2
(47,3) : 1
(26,1) : 1
(45,3) : 1
(12,1) : 2
(38,0) : 2
(9,0) : 19
(13,0) : 8
(33,0) : 2
(7,0) : 25
(36,1) : 1
(16,0) : 7
(11,0) : 12
(3,0) : 54
(28,0) : 1
(12,0) : 9
(20,0) : 2
(31,0) : 1
(47,0) : 3
(47,2) : 2
(37,0) : 1
(34,1) : 1
(32,0) : 1
(14,1) : 1
(10,1) : 1
(21,0) : 1
(42,8) : 1
(36,0) : 1
(15,1) : 2
(25,0) : 1
(14,2) : 1
(18,0) : 2
(43,5) : 1
(13,1) : 2
(27,1) : 1
(9,1) : 2
(23,0) : 1
(8,1) : 2
(1,1) : 3
(45,1) : 1
(4,1) : 3
(5,1) : 1
(2,1) : 1
(7,1) : 1
(6,1) : 1
(0,1) : 1
