pop size : 10000, betaG : 0.08500, lambdaH : 0.10000, lambdaW : 0.00100, gamma : 0.12500, Tmax : 150.00, threshold of infected : 0.010
0.37 0.32 0.13 0.12 0.04 0.02 
0.2192 0.12 0.08 0.06 0.05 0.045 0.04 0.035 0.03 0.02 0.02 0.02 0.015 0.015 0.015 0.015 0.001 0.001 0.001 0.001 0.001 0.001 0.001 0.001 0.001 0.001 0.001 0.001 0.001 0.001 0.001 0.001 0.001 0.001 0.001 0.001 0.001 0.001 0.001 0.001 0.001 0.0001 0.0001 0.0001 0.0001 0.0001 0.0001 0.0001 0.0001 0.175 
Proportion of infected at cutoff : 0.0100
Proportion of susceptibles at cutoff : 0.9804
(7,0) : 31
(49,0) : 16
(48,2) : 4
(39,0) : 2
(45,2) : 1
(44,5) : 1
(50,0) : 49
(49,1) : 24
(48,1) : 10
(16,0) : 10
(47,3) : 4
(14,1) : 3
(31,0) : 4
(4,0) : 35
(6,0) : 32
(6,1) : 2
(1,0) : 169
(47,1) : 2
(14,0) : 10
(48,0) : 12
(11,0) : 9
(9,0) : 23
(15,0) : 9
(41,0) : 1
(8,0) : 18
(3,0) : 52
(47,0) : 1
(20,0) : 3
(10,0) : 12
(5,0) : 31
(22,3) : 1
(25,0) : 3
(34,0) : 1
(47,2) : 1
(12,0) : 15
(45,3) : 1
(11,1) : 3
(8,1) : 1
(32,0) : 1
(18,0) : 2
(2,0) : 102
(29,0) : 1
(0,1) : 1
(45,4) : 1
(13,0) : 8
(28,0) : 1
(23,0) : 1
(21,0) : 1
(41,1) : 1
(19,0) : 1
(37,1) : 1
(38,0) : 1
(27,0) : 1
(35,0) : 1
(2,1) : 1
(46,1) : 1
(33,0) : 1
(7,1) : 1
(12,2) : 1
(36,0) : 1
(13,1) : 1
(10,1) : 1
(4,1) : 3
(1,1) : 3
(0,0) : 1
