pop size : 10000, betaG : 0.08500, lambdaH : 0.10000, lambdaW : 0.00100, gamma : 0.12500, Tmax : 150.00, threshold of infected : 0.010
0.37 0.32 0.13 0.12 0.04 0.02 
0.2192 0.12 0.08 0.06 0.05 0.045 0.04 0.035 0.03 0.02 0.02 0.02 0.015 0.015 0.015 0.015 0.001 0.001 0.001 0.001 0.001 0.001 0.001 0.001 0.001 0.001 0.001 0.001 0.001 0.001 0.001 0.001 0.001 0.001 0.001 0.001 0.001 0.001 0.001 0.001 0.001 0.0001 0.0001 0.0001 0.0001 0.0001 0.0001 0.0001 0.0001 0.175 
Proportion of infected at cutoff : 0.0100
Proportion of susceptibles at cutoff : 0.9803
(37,0) : 1
(14,0) : 10
(47,1) : 3
(50,0) : 53
(49,1) : 20
(8,0) : 20
(7,0) : 26
(46,2) : 3
(11,0) : 15
(2,0) : 86
(12,0) : 8
(46,3) : 2
(49,0) : 22
(1,0) : 171
(48,0) : 5
(9,1) : 2
(33,0) : 1
(3,0) : 56
(15,0) : 9
(9,0) : 19
(47,3) : 2
(2,1) : 4
(48,1) : 13
(39,0) : 1
(10,0) : 16
(17,0) : 1
(30,0) : 2
(41,0) : 1
(13,0) : 10
(24,0) : 1
(35,0) : 2
(16,0) : 10
(18,1) : 1
(7,1) : 3
(28,1) : 1
(4,0) : 35
(5,0) : 34
(6,0) : 33
(48,2) : 4
(38,0) : 1
(13,1) : 2
(26,0) : 1
(22,0) : 1
(27,0) : 1
(46,0) : 2
(23,1) : 2
(4,1) : 1
(15,1) : 1
(46,4) : 1
(28,0) : 1
(40,0) : 1
(11,1) : 2
(19,0) : 2
(42,6) : 1
(47,0) : 1
(16,1) : 1
(8,1) : 2
(29,1) : 1
(12,1) : 1
(3,1) : 3
(1,1) : 1
