pop size : 10000, betaG : 0.08500, lambdaH : 0.10000, lambdaW : 0.00100, gamma : 0.12500, Tmax : 150.00, threshold of infected : 0.010
0.37 0.32 0.13 0.12 0.04 0.02 
0.2192 0.12 0.08 0.06 0.05 0.045 0.04 0.035 0.03 0.02 0.02 0.02 0.015 0.015 0.015 0.015 0.001 0.001 0.001 0.001 0.001 0.001 0.001 0.001 0.001 0.001 0.001 0.001 0.001 0.001 0.001 0.001 0.001 0.001 0.001 0.001 0.001 0.001 0.001 0.001 0.001 0.0001 0.0001 0.0001 0.0001 0.0001 0.0001 0.0001 0.0001 0.175 
Proportion of infected at cutoff : 0.0100
Proportion of susceptibles at cutoff : 0.9761
(9,0) : 19
(49,1) : 23
(49,0) : 28
(11,0) : 21
(12,1) : 2
(50,0) : 41
(37,2) : 1
(6,0) : 52
(7,0) : 24
(46,2) : 3
(35,0) : 1
(31,0) : 2
(48,1) : 11
(14,2) : 1
(48,2) : 4
(48,0) : 8
(46,3) : 4
(47,1) : 2
(30,0) : 1
(4,0) : 34
(47,0) : 1
(6,1) : 4
(43,2) : 1
(7,1) : 1
(1,0) : 162
(3,0) : 56
(2,0) : 90
(10,0) : 16
(29,0) : 1
(0,0) : 4
(15,0) : 7
(47,2) : 2
(18,0) : 2
(26,0) : 1
(13,0) : 15
(14,0) : 13
(45,0) : 1
(32,2) : 1
(8,0) : 26
(33,0) : 1
(29,1) : 1
(38,0) : 1
(10,1) : 2
(22,0) : 1
(5,0) : 31
(12,0) : 10
(11,1) : 3
(46,1) : 2
(3,1) : 2
(21,0) : 1
(24,0) : 1
(16,0) : 3
(20,0) : 1
(27,0) : 1
(13,1) : 2
(4,1) : 3
(1,1) : 1
(0,1) : 2
(2,1) : 1
