pop size : 10000, betaG : 0.08500, lambdaH : 0.10000, lambdaW : 0.00100, gamma : 0.12500, Tmax : 150.00, threshold of infected : 0.010
0.37 0.32 0.13 0.12 0.04 0.02 
0.2192 0.12 0.08 0.06 0.05 0.045 0.04 0.035 0.03 0.02 0.02 0.02 0.015 0.015 0.015 0.015 0.001 0.001 0.001 0.001 0.001 0.001 0.001 0.001 0.001 0.001 0.001 0.001 0.001 0.001 0.001 0.001 0.001 0.001 0.001 0.001 0.001 0.001 0.001 0.001 0.001 0.0001 0.0001 0.0001 0.0001 0.0001 0.0001 0.0001 0.0001 0.175 
Proportion of infected at cutoff : 0.0100
Proportion of susceptibles at cutoff : 0.9806
(49,0) : 21
(3,0) : 64
(50,0) : 49
(10,0) : 17
(47,2) : 3
(49,1) : 25
(48,1) : 9
(9,0) : 19
(15,0) : 12
(38,0) : 2
(6,0) : 41
(48,2) : 6
(47,3) : 1
(7,0) : 23
(4,0) : 50
(1,0) : 175
(11,0) : 14
(8,0) : 23
(5,0) : 43
(47,0) : 2
(48,0) : 7
(45,2) : 2
(11,1) : 3
(17,0) : 1
(35,2) : 1
(13,0) : 12
(2,0) : 79
(4,1) : 5
(16,0) : 8
(22,0) : 1
(39,0) : 1
(29,0) : 2
(47,1) : 2
(12,0) : 8
(45,0) : 1
(14,0) : 8
(38,1) : 1
(5,1) : 1
(46,4) : 2
(8,1) : 1
(7,2) : 1
(19,0) : 2
(20,0) : 1
(30,0) : 1
(37,1) : 1
(0,0) : 2
(27,0) : 1
(15,1) : 2
(44,2) : 1
(41,0) : 1
(21,0) : 1
(6,1) : 1
(2,1) : 1
(12,1) : 1
(3,1) : 4
(46,2) : 1
(14,1) : 1
(7,1) : 1
