pop size : 10000, betaG : 0.08500, lambdaH : 0.10000, lambdaW : 0.00100, gamma : 0.12500, Tmax : 150.00, threshold of infected : 0.010
0.37 0.32 0.13 0.12 0.04 0.02 
0.2192 0.12 0.08 0.06 0.05 0.045 0.04 0.035 0.03 0.02 0.02 0.02 0.015 0.015 0.015 0.015 0.001 0.001 0.001 0.001 0.001 0.001 0.001 0.001 0.001 0.001 0.001 0.001 0.001 0.001 0.001 0.001 0.001 0.001 0.001 0.001 0.001 0.001 0.001 0.001 0.001 0.0001 0.0001 0.0001 0.0001 0.0001 0.0001 0.0001 0.0001 0.175 
Proportion of infected at cutoff : 0.0100
Proportion of susceptibles at cutoff : 0.9796
(49,1) : 16
(11,0) : 20
(48,1) : 7
(47,2) : 5
(9,0) : 21
(8,0) : 17
(50,0) : 60
(47,3) : 1
(47,1) : 3
(49,0) : 17
(16,0) : 12
(4,1) : 1
(14,0) : 14
(31,1) : 1
(35,0) : 1
(33,3) : 1
(48,2) : 8
(39,0) : 1
(3,0) : 49
(10,0) : 15
(48,0) : 7
(1,0) : 153
(5,0) : 28
(7,0) : 25
(4,0) : 42
(2,0) : 77
(46,0) : 1
(12,1) : 1
(15,0) : 10
(39,2) : 1
(36,1) : 1
(12,0) : 14
(44,6) : 1
(36,0) : 2
(9,1) : 2
(6,0) : 39
(13,0) : 9
(13,1) : 1
(19,1) : 1
(5,1) : 3
(42,1) : 1
(40,0) : 1
(14,1) : 3
(47,0) : 2
(6,1) : 3
(29,0) : 2
(8,1) : 2
(46,1) : 1
(32,0) : 1
(42,0) : 1
(27,0) : 1
(10,1) : 1
(8,2) : 1
(45,4) : 1
(7,1) : 1
(11,1) : 1
(14,2) : 1
(0,1) : 1
(3,1) : 1
(0,0) : 4
