pop size : 10000, betaG : 0.08500, lambdaH : 0.10000, lambdaW : 0.00100, gamma : 0.12500, Tmax : 150.00, threshold of infected : 0.010
0.37 0.32 0.13 0.12 0.04 0.02 
0.2192 0.12 0.08 0.06 0.05 0.045 0.04 0.035 0.03 0.02 0.02 0.02 0.015 0.015 0.015 0.015 0.001 0.001 0.001 0.001 0.001 0.001 0.001 0.001 0.001 0.001 0.001 0.001 0.001 0.001 0.001 0.001 0.001 0.001 0.001 0.001 0.001 0.001 0.001 0.001 0.001 0.0001 0.0001 0.0001 0.0001 0.0001 0.0001 0.0001 0.0001 0.175 
Proportion of infected at cutoff : 0.0100
Proportion of susceptibles at cutoff : 0.9768
(4,0) : 44
(49,0) : 27
(50,0) : 44
(13,0) : 13
(49,1) : 22
(8,0) : 24
(41,0) : 1
(5,0) : 35
(48,1) : 12
(47,3) : 3
(10,0) : 18
(16,0) : 13
(11,0) : 16
(8,1) : 3
(15,0) : 10
(47,1) : 5
(7,0) : 23
(29,0) : 1
(43,2) : 1
(12,0) : 17
(22,0) : 1
(2,0) : 85
(9,0) : 15
(38,1) : 1
(34,0) : 2
(46,2) : 3
(45,1) : 1
(20,0) : 1
(3,0) : 69
(48,0) : 4
(34,1) : 2
(47,2) : 2
(38,2) : 1
(46,1) : 1
(6,0) : 34
(48,2) : 2
(27,0) : 3
(18,0) : 1
(1,0) : 147
(14,0) : 10
(23,0) : 1
(45,2) : 1
(4,1) : 1
(9,1) : 2
(10,1) : 2
(36,0) : 1
(39,1) : 1
(11,1) : 2
(6,1) : 2
(44,5) : 1
(5,1) : 3
(14,1) : 1
(1,1) : 2
(24,0) : 1
(2,1) : 1
(0,1) : 2
(0,0) : 2
