pop size : 10000, betaG : 0.08500, lambdaH : 0.10000, lambdaW : 0.00100, gamma : 0.12500, Tmax : 150.00, threshold of infected : 0.010
0.37 0.32 0.13 0.12 0.04 0.02 
0.2192 0.12 0.08 0.06 0.05 0.045 0.04 0.035 0.03 0.02 0.02 0.02 0.015 0.015 0.015 0.015 0.001 0.001 0.001 0.001 0.001 0.001 0.001 0.001 0.001 0.001 0.001 0.001 0.001 0.001 0.001 0.001 0.001 0.001 0.001 0.001 0.001 0.001 0.001 0.001 0.001 0.0001 0.0001 0.0001 0.0001 0.0001 0.0001 0.0001 0.0001 0.175 
Proportion of infected at cutoff : 0.0100
Proportion of susceptibles at cutoff : 0.9810
(48,0) : 7
(8,0) : 29
(47,3) : 4
(3,0) : 51
(14,0) : 10
(12,0) : 12
(49,1) : 20
(50,0) : 60
(1,0) : 140
(2,0) : 84
(47,1) : 4
(47,0) : 4
(9,0) : 15
(16,0) : 15
(4,0) : 46
(48,1) : 5
(6,0) : 25
(13,0) : 8
(46,1) : 1
(7,0) : 28
(46,2) : 1
(5,0) : 36
(49,0) : 14
(48,2) : 3
(34,1) : 1
(39,1) : 1
(13,1) : 1
(46,3) : 3
(4,1) : 2
(24,0) : 2
(15,0) : 7
(41,1) : 1
(22,1) : 1
(11,0) : 13
(33,0) : 1
(22,0) : 2
(12,1) : 2
(11,1) : 1
(17,1) : 1
(39,0) : 1
(10,0) : 12
(27,0) : 1
(36,0) : 2
(47,2) : 3
(9,1) : 3
(41,0) : 1
(17,0) : 2
(20,0) : 2
(30,1) : 1
(14,1) : 1
(7,1) : 2
(29,0) : 1
(34,0) : 2
(43,3) : 1
(23,1) : 1
(1,1) : 3
(3,1) : 3
(35,1) : 1
(25,0) : 1
(19,0) : 1
(2,1) : 3
(10,1) : 1
(8,1) : 1
(5,1) : 1
(0,0) : 1
