pop size : 10000, betaG : 0.08500, lambdaH : 0.10000, lambdaW : 0.00100, gamma : 0.12500, Tmax : 150.00, threshold of infected : 0.010
0.37 0.32 0.13 0.12 0.04 0.02 
0.2192 0.12 0.08 0.06 0.05 0.045 0.04 0.035 0.03 0.02 0.02 0.02 0.015 0.015 0.015 0.015 0.001 0.001 0.001 0.001 0.001 0.001 0.001 0.001 0.001 0.001 0.001 0.001 0.001 0.001 0.001 0.001 0.001 0.001 0.001 0.001 0.001 0.001 0.001 0.001 0.001 0.0001 0.0001 0.0001 0.0001 0.0001 0.0001 0.0001 0.0001 0.175 
Proportion of infected at cutoff : 0.0100
Proportion of susceptibles at cutoff : 0.9808
(11,0) : 11
(49,1) : 16
(1,0) : 165
(48,1) : 6
(50,0) : 67
(10,0) : 19
(5,0) : 36
(12,0) : 14
(47,3) : 3
(47,2) : 4
(7,0) : 24
(9,0) : 15
(27,0) : 1
(47,1) : 3
(49,0) : 22
(13,0) : 11
(12,1) : 1
(8,0) : 20
(16,0) : 7
(2,0) : 99
(28,0) : 1
(41,2) : 1
(14,0) : 6
(46,0) : 1
(37,0) : 1
(48,0) : 2
(46,1) : 1
(14,1) : 3
(31,0) : 1
(40,0) : 1
(32,1) : 2
(4,0) : 38
(34,0) : 1
(46,2) : 1
(39,2) : 2
(5,1) : 2
(44,3) : 1
(6,0) : 30
(19,0) : 1
(22,0) : 1
(22,1) : 1
(18,1) : 1
(38,0) : 1
(48,2) : 5
(17,0) : 1
(10,1) : 1
(15,0) : 5
(3,0) : 58
(8,1) : 2
(35,0) : 1
(26,1) : 1
(20,0) : 1
(46,4) : 1
(36,0) : 1
(18,0) : 1
(7,1) : 1
(10,2) : 2
(11,1) : 1
(4,1) : 2
(23,0) : 1
(30,0) : 1
(3,1) : 4
(13,2) : 1
(2,1) : 1
(0,0) : 1
(1,1) : 2
(0,1) : 1
