pop size : 10000, betaG : 0.08500, lambdaH : 0.10000, lambdaW : 0.00100, gamma : 0.12500, Tmax : 150.00, threshold of infected : 0.010
0.37 0.32 0.13 0.12 0.04 0.02 
0.2192 0.12 0.08 0.06 0.05 0.045 0.04 0.035 0.03 0.02 0.02 0.02 0.015 0.015 0.015 0.015 0.001 0.001 0.001 0.001 0.001 0.001 0.001 0.001 0.001 0.001 0.001 0.001 0.001 0.001 0.001 0.001 0.001 0.001 0.001 0.001 0.001 0.001 0.001 0.001 0.001 0.0001 0.0001 0.0001 0.0001 0.0001 0.0001 0.0001 0.0001 0.175 
Proportion of infected at cutoff : 0.0100
Proportion of susceptibles at cutoff : 0.9821
(49,1) : 19
(49,0) : 16
(7,0) : 24
(16,0) : 16
(17,0) : 1
(46,3) : 2
(11,0) : 8
(50,0) : 58
(2,0) : 91
(8,0) : 23
(1,0) : 166
(5,0) : 32
(14,0) : 18
(15,0) : 15
(32,0) : 1
(48,1) : 6
(13,0) : 13
(47,2) : 5
(21,0) : 4
(3,0) : 71
(10,0) : 20
(37,0) : 2
(12,0) : 11
(4,0) : 37
(6,0) : 35
(36,1) : 1
(48,0) : 3
(26,0) : 1
(34,0) : 1
(20,0) : 1
(14,2) : 2
(48,2) : 5
(40,0) : 1
(29,0) : 1
(3,1) : 5
(47,3) : 2
(7,1) : 3
(47,1) : 1
(18,0) : 2
(25,0) : 1
(9,0) : 21
(15,1) : 1
(47,0) : 2
(19,0) : 1
(28,0) : 2
(41,0) : 1
(45,3) : 1
(21,1) : 1
(11,1) : 2
(46,1) : 1
(30,0) : 1
(45,0) : 1
(14,1) : 3
(13,1) : 1
(46,4) : 1
(1,1) : 2
(24,0) : 1
(0,0) : 4
(12,1) : 1
(4,1) : 2
(9,1) : 1
(8,1) : 1
(2,1) : 1
(2,2) : 1
(5,1) : 1
(0,1) : 2
