pop size : 10000, betaG : 0.08500, lambdaH : 0.10000, lambdaW : 0.00100, gamma : 0.12500, Tmax : 150.00, threshold of infected : 0.010
0.37 0.32 0.13 0.12 0.04 0.02 
0.2192 0.12 0.08 0.06 0.05 0.045 0.04 0.035 0.03 0.02 0.02 0.02 0.015 0.015 0.015 0.015 0.001 0.001 0.001 0.001 0.001 0.001 0.001 0.001 0.001 0.001 0.001 0.001 0.001 0.001 0.001 0.001 0.001 0.001 0.001 0.001 0.001 0.001 0.001 0.001 0.001 0.0001 0.0001 0.0001 0.0001 0.0001 0.0001 0.0001 0.0001 0.175 
Proportion of infected at cutoff : 0.0100
Proportion of susceptibles at cutoff : 0.9779
(49,1) : 17
(50,0) : 56
(48,0) : 7
(8,0) : 22
(48,1) : 10
(48,2) : 8
(4,0) : 45
(49,0) : 21
(47,3) : 1
(10,0) : 13
(3,0) : 53
(39,0) : 2
(7,0) : 26
(16,0) : 8
(47,0) : 3
(11,0) : 11
(43,0) : 1
(9,0) : 21
(4,1) : 2
(5,0) : 41
(20,0) : 2
(6,0) : 30
(12,0) : 18
(34,1) : 1
(14,0) : 8
(32,0) : 1
(7,1) : 2
(47,1) : 2
(44,2) : 2
(2,0) : 84
(35,2) : 1
(15,0) : 10
(24,0) : 1
(40,2) : 1
(40,6) : 1
(1,0) : 141
(27,0) : 1
(46,0) : 2
(14,1) : 1
(27,1) : 1
(47,2) : 1
(46,3) : 2
(45,2) : 1
(33,0) : 1
(26,0) : 1
(6,1) : 2
(31,0) : 1
(22,0) : 2
(37,1) : 1
(0,1) : 3
(13,0) : 7
(46,1) : 1
(2,1) : 3
(5,1) : 2
(17,1) : 1
(12,1) : 1
(3,1) : 3
(1,1) : 4
(0,0) : 1
