pop size : 10000, betaG : 0.08500, lambdaH : 0.10000, lambdaW : 0.00100, gamma : 0.12500, Tmax : 150.00, threshold of infected : 0.010
0.37 0.32 0.13 0.12 0.04 0.02 
0.2192 0.12 0.08 0.06 0.05 0.045 0.04 0.035 0.03 0.02 0.02 0.02 0.015 0.015 0.015 0.015 0.001 0.001 0.001 0.001 0.001 0.001 0.001 0.001 0.001 0.001 0.001 0.001 0.001 0.001 0.001 0.001 0.001 0.001 0.001 0.001 0.001 0.001 0.001 0.001 0.001 0.0001 0.0001 0.0001 0.0001 0.0001 0.0001 0.0001 0.0001 0.175 
Proportion of infected at cutoff : 0.0100
Proportion of susceptibles at cutoff : 0.9798
(50,0) : 57
(16,0) : 11
(4,0) : 34
(49,1) : 16
(12,0) : 17
(10,0) : 15
(2,0) : 94
(14,0) : 7
(7,0) : 33
(8,0) : 21
(47,2) : 5
(5,0) : 43
(49,0) : 25
(3,0) : 56
(48,0) : 3
(46,2) : 2
(44,4) : 1
(13,1) : 1
(48,1) : 9
(46,1) : 1
(46,3) : 1
(9,0) : 21
(11,0) : 15
(24,2) : 1
(31,0) : 1
(13,0) : 9
(48,2) : 6
(47,3) : 2
(11,1) : 2
(47,1) : 4
(45,0) : 2
(14,1) : 2
(22,0) : 1
(6,0) : 33
(31,1) : 1
(37,0) : 2
(39,0) : 1
(4,1) : 5
(33,0) : 1
(47,0) : 1
(1,0) : 160
(15,0) : 6
(18,0) : 2
(35,0) : 1
(7,1) : 1
(6,2) : 2
(10,1) : 1
(45,3) : 1
(11,2) : 1
(12,1) : 1
(17,0) : 1
(5,1) : 1
(0,1) : 1
(8,1) : 1
(3,1) : 1
(0,0) : 2
(1,1) : 2
