pop size : 10000, betaG : 0.08500, lambdaH : 0.10000, lambdaW : 0.00100, gamma : 0.12500, Tmax : 150.00, threshold of infected : 0.010
0.37 0.32 0.13 0.12 0.04 0.02 
0.2192 0.12 0.08 0.06 0.05 0.045 0.04 0.035 0.03 0.02 0.02 0.02 0.015 0.015 0.015 0.015 0.001 0.001 0.001 0.001 0.001 0.001 0.001 0.001 0.001 0.001 0.001 0.001 0.001 0.001 0.001 0.001 0.001 0.001 0.001 0.001 0.001 0.001 0.001 0.001 0.001 0.0001 0.0001 0.0001 0.0001 0.0001 0.0001 0.0001 0.0001 0.175 
Proportion of infected at cutoff : 0.0100
Proportion of susceptibles at cutoff : 0.9774
(45,4) : 1
(50,0) : 53
(49,1) : 20
(49,0) : 18
(11,0) : 18
(15,0) : 10
(48,0) : 7
(36,0) : 1
(36,3) : 1
(4,0) : 40
(47,1) : 6
(9,0) : 18
(47,2) : 3
(25,0) : 1
(7,0) : 28
(8,0) : 24
(48,2) : 1
(47,0) : 2
(1,0) : 166
(30,0) : 1
(7,1) : 3
(13,0) : 10
(48,1) : 12
(18,0) : 4
(3,0) : 61
(14,0) : 13
(29,0) : 3
(47,3) : 1
(6,0) : 37
(32,0) : 1
(10,0) : 13
(44,1) : 1
(10,2) : 2
(2,0) : 89
(16,0) : 5
(34,1) : 1
(5,0) : 38
(36,2) : 1
(46,2) : 2
(0,1) : 2
(46,0) : 1
(37,0) : 1
(45,1) : 1
(5,1) : 2
(46,1) : 1
(12,0) : 11
(41,4) : 1
(15,1) : 1
(14,1) : 1
(14,2) : 1
(21,1) : 1
(19,0) : 1
(45,3) : 1
(13,1) : 2
(29,2) : 1
(9,1) : 2
(6,1) : 1
(11,1) : 2
(17,0) : 1
(0,0) : 2
(2,1) : 1
(4,1) : 1
