pop size : 10000, betaG : 0.08500, lambdaH : 0.10000, lambdaW : 0.00100, gamma : 0.12500, Tmax : 150.00, threshold of infected : 0.010
0.37 0.32 0.13 0.12 0.04 0.02 
0.2192 0.12 0.08 0.06 0.05 0.045 0.04 0.035 0.03 0.02 0.02 0.02 0.015 0.015 0.015 0.015 0.001 0.001 0.001 0.001 0.001 0.001 0.001 0.001 0.001 0.001 0.001 0.001 0.001 0.001 0.001 0.001 0.001 0.001 0.001 0.001 0.001 0.001 0.001 0.001 0.001 0.0001 0.0001 0.0001 0.0001 0.0001 0.0001 0.0001 0.0001 0.175 
Proportion of infected at cutoff : 0.0100
Proportion of susceptibles at cutoff : 0.9801
(21,0) : 1
(15,0) : 9
(36,0) : 2
(48,2) : 8
(47,1) : 4
(8,0) : 19
(47,0) : 1
(50,0) : 51
(49,0) : 24
(2,0) : 91
(48,1) : 9
(37,0) : 2
(31,0) : 1
(49,1) : 21
(4,0) : 46
(9,0) : 26
(11,0) : 15
(12,0) : 10
(5,0) : 27
(6,0) : 22
(7,0) : 24
(38,0) : 1
(14,0) : 10
(47,2) : 5
(16,0) : 9
(13,0) : 7
(46,1) : 2
(46,2) : 3
(30,0) : 1
(38,1) : 1
(1,0) : 136
(8,1) : 2
(28,1) : 1
(46,3) : 1
(48,0) : 4
(26,0) : 1
(3,0) : 66
(10,0) : 11
(15,1) : 2
(25,0) : 3
(40,0) : 1
(17,0) : 1
(29,0) : 1
(39,2) : 1
(28,0) : 1
(9,1) : 1
(45,3) : 1
(6,1) : 3
(2,1) : 1
(7,1) : 1
(47,3) : 1
(34,0) : 1
(14,1) : 1
(26,1) : 1
(14,2) : 1
(5,1) : 1
(3,1) : 1
(10,2) : 1
(0,0) : 1
(0,1) : 1
