pop size : 10000, betaG : 0.08500, lambdaH : 0.10000, lambdaW : 0.00100, gamma : 0.12500, Tmax : 150.00, threshold of infected : 0.010
0.37 0.32 0.13 0.12 0.04 0.02 
0.2192 0.12 0.08 0.06 0.05 0.045 0.04 0.035 0.03 0.02 0.02 0.02 0.015 0.015 0.015 0.015 0.001 0.001 0.001 0.001 0.001 0.001 0.001 0.001 0.001 0.001 0.001 0.001 0.001 0.001 0.001 0.001 0.001 0.001 0.001 0.001 0.001 0.001 0.001 0.001 0.001 0.0001 0.0001 0.0001 0.0001 0.0001 0.0001 0.0001 0.0001 0.175 
Proportion of infected at cutoff : 0.0100
Proportion of susceptibles at cutoff : 0.9798
(48,0) : 6
(50,0) : 55
(9,0) : 22
(5,0) : 44
(49,1) : 22
(47,1) : 8
(13,1) : 3
(1,0) : 159
(49,0) : 13
(45,3) : 1
(6,0) : 33
(11,0) : 13
(12,0) : 10
(48,2) : 9
(13,0) : 10
(46,1) : 1
(7,0) : 28
(34,1) : 1
(46,3) : 1
(46,2) : 3
(4,0) : 49
(2,0) : 91
(41,0) : 1
(10,0) : 21
(35,0) : 2
(3,0) : 45
(23,1) : 2
(15,0) : 6
(48,1) : 3
(29,0) : 3
(16,0) : 9
(46,0) : 1
(8,0) : 25
(44,2) : 1
(14,0) : 9
(45,2) : 1
(47,0) : 2
(33,0) : 1
(34,0) : 1
(39,1) : 1
(45,0) : 1
(30,0) : 1
(6,1) : 3
(47,3) : 1
(47,2) : 3
(35,1) : 1
(12,1) : 1
(8,1) : 1
(4,1) : 1
(5,1) : 2
(10,1) : 1
(17,0) : 1
(20,0) : 2
(37,0) : 1
(1,1) : 1
(31,0) : 1
(26,0) : 1
(2,2) : 1
(3,1) : 1
(0,0) : 2
(0,1) : 1
(2,1) : 1
