pop size : 10000, betaG : 0.08500, lambdaH : 0.10000, lambdaW : 0.00100, gamma : 0.12500, Tmax : 150.00, threshold of infected : 0.010
0.37 0.32 0.13 0.12 0.04 0.02 
0.2192 0.12 0.08 0.06 0.05 0.045 0.04 0.035 0.03 0.02 0.02 0.02 0.015 0.015 0.015 0.015 0.001 0.001 0.001 0.001 0.001 0.001 0.001 0.001 0.001 0.001 0.001 0.001 0.001 0.001 0.001 0.001 0.001 0.001 0.001 0.001 0.001 0.001 0.001 0.001 0.001 0.0001 0.0001 0.0001 0.0001 0.0001 0.0001 0.0001 0.0001 0.175 
Proportion of infected at cutoff : 0.0100
Proportion of susceptibles at cutoff : 0.9742
(50,0) : 46
(48,1) : 13
(49,0) : 25
(4,0) : 35
(47,1) : 7
(49,1) : 18
(8,0) : 16
(12,0) : 15
(5,0) : 34
(2,0) : 94
(17,0) : 1
(24,1) : 1
(3,0) : 43
(47,0) : 2
(14,0) : 10
(13,0) : 15
(48,0) : 8
(11,0) : 14
(22,0) : 2
(35,0) : 2
(7,0) : 30
(23,0) : 1
(47,3) : 3
(28,0) : 1
(46,1) : 1
(44,4) : 1
(7,1) : 1
(10,0) : 11
(32,0) : 2
(38,0) : 1
(6,0) : 28
(11,1) : 3
(15,0) : 7
(9,0) : 23
(39,0) : 1
(19,0) : 1
(48,2) : 2
(44,2) : 2
(32,2) : 1
(16,0) : 7
(1,0) : 159
(47,2) : 2
(44,0) : 1
(23,2) : 1
(4,1) : 4
(26,1) : 1
(14,1) : 3
(46,2) : 1
(37,0) : 1
(30,0) : 1
(15,1) : 1
(31,0) : 1
(25,0) : 2
(13,1) : 1
(10,1) : 3
(9,1) : 2
(18,0) : 1
(5,1) : 1
(3,1) : 1
(1,1) : 2
(0,1) : 2
(3,2) : 1
(10,2) : 1
(0,0) : 3
