pop size : 10000, betaG : 0.08500, lambdaH : 0.10000, lambdaW : 0.00100, gamma : 0.12500, Tmax : 150.00, threshold of infected : 0.010
0.37 0.32 0.13 0.12 0.04 0.02 
0.2192 0.12 0.08 0.06 0.05 0.045 0.04 0.035 0.03 0.02 0.02 0.02 0.015 0.015 0.015 0.015 0.001 0.001 0.001 0.001 0.001 0.001 0.001 0.001 0.001 0.001 0.001 0.001 0.001 0.001 0.001 0.001 0.001 0.001 0.001 0.001 0.001 0.001 0.001 0.001 0.001 0.0001 0.0001 0.0001 0.0001 0.0001 0.0001 0.0001 0.0001 0.175 
Proportion of infected at cutoff : 0.0100
Proportion of susceptibles at cutoff : 0.9789
(10,0) : 17
(49,1) : 14
(50,0) : 62
(48,2) : 6
(49,0) : 18
(48,0) : 9
(44,1) : 1
(14,0) : 12
(2,0) : 106
(4,0) : 41
(48,1) : 10
(47,3) : 2
(47,0) : 1
(47,1) : 3
(12,0) : 14
(1,0) : 159
(29,2) : 1
(7,0) : 22
(22,0) : 2
(9,0) : 20
(46,2) : 1
(9,1) : 4
(5,1) : 1
(3,0) : 65
(9,4) : 1
(43,0) : 1
(5,0) : 30
(47,2) : 1
(8,0) : 16
(6,0) : 41
(11,0) : 11
(45,2) : 2
(30,1) : 1
(25,0) : 2
(13,1) : 1
(27,0) : 1
(38,1) : 2
(28,0) : 1
(15,0) : 10
(38,0) : 1
(46,3) : 2
(37,1) : 1
(34,0) : 1
(14,1) : 2
(1,1) : 2
(16,0) : 6
(13,0) : 10
(11,1) : 1
(2,1) : 1
(17,0) : 1
(6,1) : 2
(26,0) : 1
(10,1) : 3
(24,0) : 1
(7,2) : 1
(7,1) : 3
(15,1) : 1
(27,1) : 1
(3,1) : 1
(1,2) : 1
(4,1) : 1
(0,0) : 3
(0,1) : 2
