pop size : 10000, betaG : 0.08500, lambdaH : 0.10000, lambdaW : 0.00100, gamma : 0.12500, Tmax : 150.00, threshold of infected : 0.010
0.37 0.32 0.13 0.12 0.04 0.02 
0.2192 0.12 0.08 0.06 0.05 0.045 0.04 0.035 0.03 0.02 0.02 0.02 0.015 0.015 0.015 0.015 0.001 0.001 0.001 0.001 0.001 0.001 0.001 0.001 0.001 0.001 0.001 0.001 0.001 0.001 0.001 0.001 0.001 0.001 0.001 0.001 0.001 0.001 0.001 0.001 0.001 0.0001 0.0001 0.0001 0.0001 0.0001 0.0001 0.0001 0.0001 0.175 
Proportion of infected at cutoff : 0.0100
Proportion of susceptibles at cutoff : 0.9819
(48,1) : 9
(50,0) : 63
(6,0) : 35
(49,1) : 20
(46,3) : 1
(4,0) : 47
(49,0) : 15
(39,1) : 1
(47,0) : 3
(48,2) : 9
(40,0) : 2
(3,0) : 50
(48,0) : 6
(35,0) : 3
(44,4) : 1
(2,0) : 90
(16,0) : 8
(14,0) : 6
(7,0) : 24
(11,0) : 16
(39,0) : 2
(5,0) : 28
(47,1) : 1
(8,1) : 2
(15,1) : 2
(12,0) : 16
(9,0) : 29
(8,0) : 13
(36,0) : 1
(15,0) : 4
(27,1) : 1
(10,2) : 1
(47,2) : 3
(13,0) : 5
(13,1) : 2
(26,0) : 1
(4,1) : 1
(1,0) : 138
(10,0) : 16
(38,2) : 1
(46,4) : 1
(27,0) : 1
(24,1) : 1
(10,1) : 2
(45,1) : 1
(33,0) : 1
(42,5) : 1
(32,1) : 1
(11,1) : 2
(21,0) : 1
(22,0) : 1
(38,1) : 1
(5,2) : 1
(20,0) : 2
(25,0) : 1
(6,1) : 1
(0,1) : 3
(3,1) : 1
(12,1) : 1
(1,1) : 1
