pop size : 10000, betaG : 0.08500, lambdaH : 0.10000, lambdaW : 0.00100, gamma : 0.12500, Tmax : 150.00, threshold of infected : 0.010
0.37 0.32 0.13 0.12 0.04 0.02 
0.2192 0.12 0.08 0.06 0.05 0.045 0.04 0.035 0.03 0.02 0.02 0.02 0.015 0.015 0.015 0.015 0.001 0.001 0.001 0.001 0.001 0.001 0.001 0.001 0.001 0.001 0.001 0.001 0.001 0.001 0.001 0.001 0.001 0.001 0.001 0.001 0.001 0.001 0.001 0.001 0.001 0.0001 0.0001 0.0001 0.0001 0.0001 0.0001 0.0001 0.0001 0.175 
Proportion of infected at cutoff : 0.0100
Proportion of susceptibles at cutoff : 0.9764
(5,0) : 49
(48,1) : 8
(16,0) : 6
(13,0) : 11
(48,0) : 8
(48,2) : 1
(9,0) : 25
(49,0) : 20
(50,0) : 49
(6,0) : 31
(3,0) : 59
(13,1) : 2
(8,0) : 22
(14,0) : 11
(15,0) : 10
(22,0) : 2
(49,1) : 17
(4,0) : 42
(41,0) : 1
(11,0) : 19
(6,1) : 1
(44,1) : 1
(47,1) : 4
(29,0) : 1
(26,0) : 1
(46,3) : 2
(12,0) : 12
(47,2) : 3
(47,3) : 2
(33,0) : 2
(33,1) : 1
(40,1) : 1
(28,0) : 1
(35,0) : 1
(47,0) : 3
(7,1) : 3
(10,0) : 21
(2,0) : 90
(7,0) : 26
(4,1) : 4
(3,1) : 4
(36,0) : 1
(25,0) : 2
(39,0) : 1
(1,0) : 146
(46,2) : 1
(46,0) : 2
(10,1) : 1
(45,3) : 2
(45,5) : 1
(46,1) : 2
(37,1) : 1
(23,0) : 1
(20,0) : 1
(9,1) : 2
(5,1) : 4
(19,0) : 1
(32,0) : 1
(16,1) : 1
(38,0) : 1
(11,1) : 1
(8,1) : 1
(11,2) : 1
(8,2) : 1
(6,2) : 1
(2,1) : 2
(0,0) : 2
