pop size : 10000, betaG : 0.08500, lambdaH : 0.10000, lambdaW : 0.00100, gamma : 0.12500, Tmax : 150.00, threshold of infected : 0.010
0.37 0.32 0.13 0.12 0.04 0.02 
0.2192 0.12 0.08 0.06 0.05 0.045 0.04 0.035 0.03 0.02 0.02 0.02 0.015 0.015 0.015 0.015 0.001 0.001 0.001 0.001 0.001 0.001 0.001 0.001 0.001 0.001 0.001 0.001 0.001 0.001 0.001 0.001 0.001 0.001 0.001 0.001 0.001 0.001 0.001 0.001 0.001 0.0001 0.0001 0.0001 0.0001 0.0001 0.0001 0.0001 0.0001 0.175 
Proportion of infected at cutoff : 0.0100
Proportion of susceptibles at cutoff : 0.9805
(50,0) : 51
(47,2) : 5
(49,0) : 24
(14,0) : 6
(29,2) : 1
(48,1) : 10
(10,0) : 12
(47,3) : 1
(49,1) : 19
(8,0) : 16
(5,0) : 42
(16,0) : 11
(3,0) : 67
(1,0) : 196
(48,2) : 9
(13,0) : 10
(7,0) : 40
(37,0) : 2
(15,0) : 14
(9,0) : 24
(48,0) : 3
(6,0) : 32
(2,0) : 87
(47,1) : 1
(26,0) : 2
(12,0) : 24
(46,0) : 2
(46,2) : 1
(4,0) : 48
(34,0) : 1
(15,1) : 1
(11,0) : 9
(14,2) : 1
(25,4) : 1
(45,4) : 1
(28,0) : 1
(30,0) : 1
(4,1) : 2
(45,3) : 1
(41,0) : 1
(27,0) : 1
(7,2) : 1
(8,1) : 1
(21,1) : 1
(40,0) : 1
(13,1) : 1
(6,1) : 2
(7,1) : 1
(38,0) : 1
(11,1) : 1
(32,0) : 2
(5,1) : 2
(12,1) : 1
(0,1) : 2
(2,1) : 1
(14,1) : 1
(1,1) : 3
