pop size : 10000, betaG : 0.08500, lambdaH : 0.10000, lambdaW : 0.00100, gamma : 0.12500, Tmax : 150.00, threshold of infected : 0.010
0.37 0.32 0.13 0.12 0.04 0.02 
0.2192 0.12 0.08 0.06 0.05 0.045 0.04 0.035 0.03 0.02 0.02 0.02 0.015 0.015 0.015 0.015 0.001 0.001 0.001 0.001 0.001 0.001 0.001 0.001 0.001 0.001 0.001 0.001 0.001 0.001 0.001 0.001 0.001 0.001 0.001 0.001 0.001 0.001 0.001 0.001 0.001 0.0001 0.0001 0.0001 0.0001 0.0001 0.0001 0.0001 0.0001 0.175 
Proportion of infected at cutoff : 0.0100
Proportion of susceptibles at cutoff : 0.9738
(49,0) : 24
(23,0) : 1
(50,0) : 42
(9,0) : 24
(47,1) : 7
(7,0) : 31
(48,2) : 4
(11,0) : 20
(10,0) : 23
(47,2) : 3
(6,0) : 33
(49,1) : 19
(21,0) : 1
(4,0) : 49
(2,0) : 80
(45,1) : 3
(12,0) : 16
(8,0) : 21
(3,0) : 55
(46,2) : 4
(48,1) : 9
(5,0) : 37
(10,1) : 1
(27,0) : 1
(15,0) : 10
(14,0) : 8
(48,0) : 7
(35,0) : 1
(11,1) : 2
(47,0) : 2
(1,0) : 153
(42,2) : 2
(46,0) : 2
(45,4) : 1
(13,0) : 9
(40,0) : 1
(31,1) : 1
(13,2) : 1
(19,2) : 1
(39,0) : 2
(7,1) : 6
(44,2) : 1
(32,0) : 1
(24,0) : 1
(16,0) : 6
(25,0) : 1
(8,1) : 1
(43,0) : 1
(0,1) : 4
(29,0) : 1
(17,0) : 1
(2,1) : 2
(13,1) : 2
(6,2) : 1
(20,0) : 2
(6,1) : 2
(15,1) : 1
(1,1) : 1
(5,1) : 1
