pop size : 10000, betaG : 0.08500, lambdaH : 0.10000, lambdaW : 0.00100, gamma : 0.12500, Tmax : 150.00, threshold of infected : 0.010
0.37 0.32 0.13 0.12 0.04 0.02 
0.2192 0.12 0.08 0.06 0.05 0.045 0.04 0.035 0.03 0.02 0.02 0.02 0.015 0.015 0.015 0.015 0.001 0.001 0.001 0.001 0.001 0.001 0.001 0.001 0.001 0.001 0.001 0.001 0.001 0.001 0.001 0.001 0.001 0.001 0.001 0.001 0.001 0.001 0.001 0.001 0.001 0.0001 0.0001 0.0001 0.0001 0.0001 0.0001 0.0001 0.0001 0.175 
Proportion of infected at cutoff : 0.0100
Proportion of susceptibles at cutoff : 0.9772
(3,0) : 69
(34,0) : 1
(49,0) : 21
(4,0) : 44
(8,0) : 28
(50,0) : 46
(6,0) : 37
(13,1) : 1
(33,0) : 2
(48,2) : 4
(14,1) : 3
(47,1) : 6
(2,0) : 100
(47,0) : 2
(49,1) : 12
(47,3) : 2
(39,1) : 1
(7,1) : 4
(46,2) : 3
(13,0) : 9
(47,2) : 4
(1,0) : 173
(14,0) : 12
(48,0) : 8
(11,0) : 14
(7,0) : 25
(45,2) : 2
(19,0) : 2
(10,0) : 10
(48,1) : 8
(5,0) : 41
(9,0) : 26
(12,0) : 17
(28,0) : 3
(45,4) : 1
(35,0) : 1
(26,0) : 4
(15,0) : 7
(4,1) : 3
(46,0) : 2
(24,0) : 2
(27,0) : 2
(36,2) : 1
(45,5) : 1
(16,0) : 6
(40,0) : 1
(15,1) : 2
(30,0) : 2
(8,1) : 1
(17,0) : 1
(36,1) : 2
(11,1) : 2
(9,1) : 1
(37,0) : 1
(34,1) : 1
(21,0) : 1
(16,1) : 1
(12,1) : 2
(18,0) : 1
(2,1) : 1
(1,1) : 2
(6,1) : 2
(10,1) : 1
(0,0) : 3
(0,1) : 1
