pop size : 10000, betaG : 0.08500, lambdaH : 0.10000, lambdaW : 0.00100, gamma : 0.12500, Tmax : 150.00, threshold of infected : 0.010
0.37 0.32 0.13 0.12 0.04 0.02 
0.2192 0.12 0.08 0.06 0.05 0.045 0.04 0.035 0.03 0.02 0.02 0.02 0.015 0.015 0.015 0.015 0.001 0.001 0.001 0.001 0.001 0.001 0.001 0.001 0.001 0.001 0.001 0.001 0.001 0.001 0.001 0.001 0.001 0.001 0.001 0.001 0.001 0.001 0.001 0.001 0.001 0.0001 0.0001 0.0001 0.0001 0.0001 0.0001 0.0001 0.0001 0.175 
Proportion of infected at cutoff : 0.0100
Proportion of susceptibles at cutoff : 0.9778
(50,0) : 49
(13,0) : 13
(48,2) : 5
(49,0) : 29
(8,0) : 31
(1,0) : 155
(38,1) : 1
(49,1) : 12
(14,0) : 13
(47,3) : 5
(5,0) : 37
(2,0) : 85
(9,0) : 24
(16,0) : 4
(48,1) : 8
(1,1) : 2
(46,1) : 2
(46,3) : 3
(48,0) : 4
(18,0) : 2
(26,1) : 2
(15,0) : 14
(11,0) : 11
(4,0) : 39
(7,0) : 43
(47,1) : 3
(10,0) : 13
(34,0) : 2
(3,0) : 47
(25,0) : 1
(40,0) : 1
(47,0) : 2
(29,3) : 1
(46,2) : 2
(12,0) : 17
(30,0) : 1
(17,0) : 1
(40,1) : 1
(47,2) : 1
(38,0) : 1
(26,0) : 1
(6,0) : 18
(44,2) : 1
(34,1) : 1
(44,3) : 1
(7,1) : 3
(45,3) : 1
(46,0) : 1
(20,0) : 1
(14,2) : 1
(4,1) : 2
(17,1) : 1
(41,0) : 1
(14,1) : 1
(21,0) : 1
(27,0) : 1
(8,1) : 2
(28,0) : 1
(6,1) : 1
(9,1) : 1
(0,0) : 1
(0,1) : 2
(3,1) : 1
(5,1) : 1
