pop size : 10000, betaG : 0.08500, lambdaH : 0.10000, lambdaW : 0.00100, gamma : 0.12500, Tmax : 150.00, threshold of infected : 0.010
0.37 0.32 0.13 0.12 0.04 0.02 
0.2192 0.12 0.08 0.06 0.05 0.045 0.04 0.035 0.03 0.02 0.02 0.02 0.015 0.015 0.015 0.015 0.001 0.001 0.001 0.001 0.001 0.001 0.001 0.001 0.001 0.001 0.001 0.001 0.001 0.001 0.001 0.001 0.001 0.001 0.001 0.001 0.001 0.001 0.001 0.001 0.001 0.0001 0.0001 0.0001 0.0001 0.0001 0.0001 0.0001 0.0001 0.175 
Proportion of infected at cutoff : 0.0100
Proportion of susceptibles at cutoff : 0.9839
(48,0) : 3
(1,0) : 175
(14,0) : 8
(47,1) : 1
(50,0) : 68
(4,0) : 42
(7,0) : 27
(2,0) : 80
(48,2) : 3
(49,1) : 33
(48,1) : 9
(17,0) : 1
(23,0) : 4
(6,0) : 27
(3,0) : 51
(45,3) : 1
(9,0) : 25
(8,0) : 21
(46,4) : 1
(16,0) : 12
(11,0) : 18
(46,2) : 1
(49,0) : 10
(20,0) : 1
(47,0) : 1
(47,2) : 4
(12,0) : 11
(6,1) : 1
(13,1) : 1
(45,5) : 1
(15,0) : 4
(5,0) : 37
(25,1) : 1
(15,1) : 2
(46,3) : 1
(10,0) : 13
(13,0) : 8
(46,1) : 1
(25,0) : 1
(5,1) : 1
(30,1) : 1
(19,1) : 1
(37,1) : 1
(4,1) : 1
(21,0) : 1
(31,0) : 1
(8,1) : 2
(21,1) : 1
(3,1) : 1
(38,0) : 1
(7,1) : 2
(20,1) : 1
(22,0) : 1
(10,1) : 1
(11,1) : 1
(9,2) : 1
(2,1) : 2
(0,1) : 2
(0,0) : 1
