pop size : 10000, betaG : 0.08500, lambdaH : 0.10000, lambdaW : 0.00100, gamma : 0.12500, Tmax : 150.00, threshold of infected : 0.010
0.37 0.32 0.13 0.12 0.04 0.02 
0.2192 0.12 0.08 0.06 0.05 0.045 0.04 0.035 0.03 0.02 0.02 0.02 0.015 0.015 0.015 0.015 0.001 0.001 0.001 0.001 0.001 0.001 0.001 0.001 0.001 0.001 0.001 0.001 0.001 0.001 0.001 0.001 0.001 0.001 0.001 0.001 0.001 0.001 0.001 0.001 0.001 0.0001 0.0001 0.0001 0.0001 0.0001 0.0001 0.0001 0.0001 0.175 
Proportion of infected at cutoff : 0.0100
Proportion of susceptibles at cutoff : 0.9798
(50,0) : 49
(3,0) : 53
(14,1) : 1
(2,0) : 82
(13,0) : 15
(5,0) : 43
(49,1) : 25
(47,3) : 1
(14,0) : 11
(9,0) : 24
(12,0) : 12
(48,1) : 13
(16,0) : 6
(4,0) : 40
(49,0) : 21
(15,0) : 12
(10,0) : 11
(31,0) : 1
(11,0) : 17
(1,0) : 176
(7,0) : 27
(47,1) : 2
(45,2) : 1
(8,0) : 29
(6,0) : 34
(43,1) : 1
(48,0) : 4
(48,2) : 6
(25,0) : 1
(43,5) : 1
(34,2) : 1
(17,0) : 5
(20,0) : 1
(9,1) : 3
(5,1) : 1
(34,0) : 1
(46,3) : 1
(46,2) : 2
(28,1) : 1
(7,1) : 2
(46,1) : 1
(47,0) : 1
(30,0) : 1
(19,0) : 1
(22,0) : 1
(43,2) : 1
(10,1) : 2
(36,0) : 1
(41,0) : 1
(18,1) : 1
(12,1) : 2
(32,0) : 2
(15,1) : 1
(3,1) : 2
(4,1) : 1
(10,2) : 1
(24,0) : 1
(2,1) : 2
(8,1) : 1
(0,0) : 1
(0,1) : 2
(1,1) : 1
