pop size : 10000, betaG : 0.08500, lambdaH : 0.10000, lambdaW : 0.00100, gamma : 0.12500, Tmax : 150.00, threshold of infected : 0.010
0.37 0.32 0.13 0.12 0.04 0.02 
0.2192 0.12 0.08 0.06 0.05 0.045 0.04 0.035 0.03 0.02 0.02 0.02 0.015 0.015 0.015 0.015 0.001 0.001 0.001 0.001 0.001 0.001 0.001 0.001 0.001 0.001 0.001 0.001 0.001 0.001 0.001 0.001 0.001 0.001 0.001 0.001 0.001 0.001 0.001 0.001 0.001 0.0001 0.0001 0.0001 0.0001 0.0001 0.0001 0.0001 0.0001 0.175 
Proportion of infected at cutoff : 0.0100
Proportion of susceptibles at cutoff : 0.9776
(50,0) : 50
(13,0) : 10
(31,0) : 2
(6,0) : 37
(8,0) : 25
(48,1) : 12
(2,0) : 92
(48,0) : 7
(49,1) : 17
(5,0) : 32
(47,0) : 3
(4,0) : 52
(7,0) : 34
(3,0) : 70
(47,2) : 2
(49,0) : 20
(9,0) : 18
(42,3) : 1
(25,0) : 1
(11,0) : 15
(42,1) : 1
(33,0) : 2
(46,1) : 1
(15,0) : 14
(47,1) : 5
(36,1) : 1
(1,0) : 180
(46,0) : 1
(12,0) : 5
(14,0) : 15
(38,0) : 1
(29,1) : 1
(5,1) : 1
(47,3) : 2
(46,3) : 2
(39,1) : 1
(14,1) : 1
(30,0) : 1
(45,2) : 1
(16,0) : 6
(40,1) : 1
(40,0) : 1
(10,0) : 15
(31,3) : 1
(44,1) : 1
(48,2) : 3
(10,1) : 2
(27,0) : 1
(34,0) : 1
(33,2) : 1
(8,1) : 1
(7,1) : 2
(7,2) : 2
(6,1) : 4
(3,1) : 3
(12,1) : 1
(20,0) : 1
(9,1) : 2
(4,1) : 2
(0,0) : 2
(2,1) : 2
(1,1) : 1
(0,1) : 1
