pop size : 10000, betaG : 0.08500, lambdaH : 0.10000, lambdaW : 0.00100, gamma : 0.12500, Tmax : 150.00, threshold of infected : 0.010
0.37 0.32 0.13 0.12 0.04 0.02 
0.2192 0.12 0.08 0.06 0.05 0.045 0.04 0.035 0.03 0.02 0.02 0.02 0.015 0.015 0.015 0.015 0.001 0.001 0.001 0.001 0.001 0.001 0.001 0.001 0.001 0.001 0.001 0.001 0.001 0.001 0.001 0.001 0.001 0.001 0.001 0.001 0.001 0.001 0.001 0.001 0.001 0.0001 0.0001 0.0001 0.0001 0.0001 0.0001 0.0001 0.0001 0.175 
Proportion of infected at cutoff : 0.0100
Proportion of susceptibles at cutoff : 0.9805
(11,0) : 10
(9,0) : 18
(50,0) : 56
(46,2) : 3
(6,0) : 36
(49,0) : 19
(9,1) : 1
(49,1) : 19
(48,1) : 6
(36,0) : 1
(4,0) : 37
(47,0) : 3
(11,1) : 3
(32,1) : 1
(2,0) : 103
(47,1) : 4
(47,2) : 7
(33,1) : 1
(13,0) : 9
(10,0) : 19
(41,0) : 2
(12,0) : 15
(37,0) : 1
(7,0) : 31
(48,2) : 6
(46,0) : 1
(1,0) : 170
(15,1) : 2
(48,0) : 3
(8,0) : 21
(24,0) : 1
(46,1) : 1
(40,0) : 2
(39,0) : 2
(14,0) : 7
(5,0) : 40
(12,1) : 2
(44,2) : 1
(3,0) : 51
(19,0) : 1
(45,4) : 1
(29,0) : 1
(26,1) : 1
(10,1) : 1
(30,0) : 1
(15,0) : 6
(27,0) : 1
(31,2) : 1
(16,0) : 9
(23,0) : 1
(18,0) : 2
(45,5) : 1
(45,0) : 1
(6,1) : 2
(14,1) : 1
(2,1) : 2
(4,1) : 2
(5,1) : 1
(5,2) : 1
(8,1) : 1
(2,2) : 1
