pop size : 10000, betaG : 0.08500, lambdaH : 0.10000, lambdaW : 0.00100, gamma : 0.12500, Tmax : 150.00, threshold of infected : 0.010
0.37 0.32 0.13 0.12 0.04 0.02 
0.2192 0.12 0.08 0.06 0.05 0.045 0.04 0.035 0.03 0.02 0.02 0.02 0.015 0.015 0.015 0.015 0.001 0.001 0.001 0.001 0.001 0.001 0.001 0.001 0.001 0.001 0.001 0.001 0.001 0.001 0.001 0.001 0.001 0.001 0.001 0.001 0.001 0.001 0.001 0.001 0.001 0.0001 0.0001 0.0001 0.0001 0.0001 0.0001 0.0001 0.0001 0.175 
Proportion of infected at cutoff : 0.0100
Proportion of susceptibles at cutoff : 0.9698
(8,0) : 19
(4,0) : 41
(34,0) : 1
(50,0) : 35
(49,0) : 23
(46,0) : 3
(21,0) : 1
(47,1) : 8
(13,0) : 9
(5,0) : 21
(3,0) : 63
(48,0) : 11
(39,0) : 1
(43,0) : 1
(45,1) : 3
(47,0) : 3
(36,1) : 1
(48,2) : 2
(47,2) : 7
(46,2) : 4
(49,1) : 21
(6,0) : 37
(9,0) : 20
(48,1) : 9
(46,1) : 1
(7,0) : 28
(10,0) : 15
(1,0) : 153
(39,1) : 1
(11,0) : 13
(2,0) : 98
(12,0) : 13
(45,2) : 1
(16,0) : 5
(35,0) : 1
(15,0) : 9
(7,1) : 2
(13,1) : 2
(22,0) : 1
(14,0) : 7
(32,2) : 1
(41,0) : 2
(27,0) : 1
(20,0) : 2
(24,0) : 1
(46,3) : 1
(38,1) : 2
(23,1) : 1
(36,0) : 1
(1,1) : 1
(9,1) : 1
(23,0) : 1
(29,0) : 1
(17,1) : 1
(10,1) : 2
(13,2) : 1
(3,1) : 1
(42,2) : 1
(4,1) : 2
(5,1) : 1
(0,0) : 6
(33,1) : 1
(6,1) : 1
(2,1) : 1
