pop size : 10000, betaG : 0.08500, lambdaH : 0.10000, lambdaW : 0.00100, gamma : 0.12500, Tmax : 150.00, threshold of infected : 0.010
0.37 0.32 0.13 0.12 0.04 0.02 
0.2192 0.12 0.08 0.06 0.05 0.045 0.04 0.035 0.03 0.02 0.02 0.02 0.015 0.015 0.015 0.015 0.001 0.001 0.001 0.001 0.001 0.001 0.001 0.001 0.001 0.001 0.001 0.001 0.001 0.001 0.001 0.001 0.001 0.001 0.001 0.001 0.001 0.001 0.001 0.001 0.001 0.0001 0.0001 0.0001 0.0001 0.0001 0.0001 0.0001 0.0001 0.175 
Proportion of infected at cutoff : 0.0100
Proportion of susceptibles at cutoff : 0.9756
(7,0) : 30
(48,1) : 6
(48,0) : 8
(1,0) : 173
(27,0) : 1
(11,0) : 21
(48,2) : 5
(15,0) : 9
(49,1) : 20
(45,3) : 1
(46,3) : 1
(46,1) : 2
(47,1) : 3
(8,0) : 26
(50,0) : 44
(16,0) : 8
(31,0) : 2
(33,2) : 1
(9,0) : 25
(2,0) : 84
(10,0) : 13
(41,0) : 1
(20,0) : 1
(49,0) : 25
(14,0) : 13
(46,2) : 2
(46,0) : 4
(6,0) : 39
(12,0) : 10
(47,2) : 3
(13,0) : 9
(16,1) : 1
(3,0) : 72
(4,0) : 43
(36,0) : 1
(5,0) : 37
(12,1) : 2
(45,4) : 2
(15,1) : 1
(39,0) : 1
(6,1) : 3
(22,0) : 1
(35,0) : 1
(44,2) : 1
(13,1) : 2
(10,1) : 1
(8,1) : 2
(17,1) : 1
(14,1) : 2
(13,2) : 1
(21,0) : 2
(4,1) : 2
(0,0) : 3
(19,1) : 1
(2,1) : 1
(47,0) : 1
(43,2) : 1
(25,0) : 1
(5,1) : 3
(9,1) : 2
(7,1) : 1
(6,2) : 1
