pop size : 10000, betaG : 0.08500, lambdaH : 0.10000, lambdaW : 0.00100, gamma : 0.12500, Tmax : 150.00, threshold of infected : 0.010
0.37 0.32 0.13 0.12 0.04 0.02 
0.2192 0.12 0.08 0.06 0.05 0.045 0.04 0.035 0.03 0.02 0.02 0.02 0.015 0.015 0.015 0.015 0.001 0.001 0.001 0.001 0.001 0.001 0.001 0.001 0.001 0.001 0.001 0.001 0.001 0.001 0.001 0.001 0.001 0.001 0.001 0.001 0.001 0.001 0.001 0.001 0.001 0.0001 0.0001 0.0001 0.0001 0.0001 0.0001 0.0001 0.0001 0.175 
Proportion of infected at cutoff : 0.0100
Proportion of susceptibles at cutoff : 0.9744
(49,1) : 8
(49,0) : 23
(2,0) : 93
(17,1) : 1
(50,0) : 46
(8,0) : 39
(26,0) : 1
(29,0) : 3
(48,1) : 10
(47,0) : 2
(48,2) : 4
(10,0) : 27
(46,0) : 2
(40,0) : 2
(46,1) : 6
(1,0) : 166
(36,1) : 1
(48,0) : 4
(5,0) : 31
(44,3) : 1
(47,3) : 1
(4,0) : 38
(47,1) : 3
(16,0) : 10
(24,0) : 1
(9,0) : 24
(36,0) : 2
(7,0) : 28
(12,1) : 3
(11,0) : 17
(47,2) : 4
(41,0) : 1
(37,1) : 1
(14,0) : 11
(5,1) : 3
(15,0) : 6
(13,0) : 8
(12,0) : 18
(8,1) : 5
(37,0) : 2
(6,0) : 33
(39,2) : 1
(2,1) : 3
(42,2) : 1
(45,1) : 1
(3,0) : 63
(9,1) : 3
(28,0) : 1
(30,1) : 1
(45,4) : 1
(43,1) : 1
(10,1) : 2
(46,4) : 1
(17,0) : 2
(6,2) : 1
(20,0) : 1
(44,2) : 1
(24,1) : 1
(14,1) : 3
(33,0) : 1
(19,0) : 1
(18,0) : 1
(7,1) : 2
(6,1) : 1
(4,1) : 3
(0,0) : 4
