pop size : 10000, betaG : 0.08500, lambdaH : 0.10000, lambdaW : 0.00100, gamma : 0.12500, Tmax : 150.00, threshold of infected : 0.010
0.37 0.32 0.13 0.12 0.04 0.02 
0.2192 0.12 0.08 0.06 0.05 0.045 0.04 0.035 0.03 0.02 0.02 0.02 0.015 0.015 0.015 0.015 0.001 0.001 0.001 0.001 0.001 0.001 0.001 0.001 0.001 0.001 0.001 0.001 0.001 0.001 0.001 0.001 0.001 0.001 0.001 0.001 0.001 0.001 0.001 0.001 0.001 0.0001 0.0001 0.0001 0.0001 0.0001 0.0001 0.0001 0.0001 0.175 
Proportion of infected at cutoff : 0.0100
Proportion of susceptibles at cutoff : 0.9832
(48,2) : 10
(49,1) : 22
(15,0) : 11
(50,0) : 56
(9,0) : 25
(35,0) : 4
(46,0) : 2
(9,1) : 2
(26,0) : 3
(3,0) : 70
(5,0) : 47
(7,0) : 35
(48,1) : 8
(6,0) : 37
(4,0) : 47
(37,0) : 1
(49,0) : 10
(47,1) : 3
(1,0) : 194
(45,2) : 2
(13,0) : 11
(46,3) : 1
(24,2) : 1
(12,0) : 16
(16,0) : 11
(8,0) : 18
(29,0) : 1
(23,0) : 2
(10,0) : 12
(11,0) : 18
(3,1) : 4
(14,0) : 8
(2,0) : 100
(28,0) : 1
(47,0) : 1
(46,4) : 1
(7,1) : 3
(12,1) : 2
(34,0) : 1
(19,0) : 1
(24,0) : 1
(14,1) : 1
(47,2) : 1
(47,3) : 1
(33,1) : 1
(8,1) : 2
(17,0) : 2
(48,0) : 1
(36,0) : 1
(1,1) : 3
(30,0) : 1
(39,0) : 1
(22,0) : 1
(38,0) : 1
(6,1) : 2
(45,3) : 1
(32,0) : 1
(27,0) : 2
(31,1) : 1
(0,0) : 2
(24,1) : 1
(11,1) : 1
(15,1) : 1
(4,1) : 1
(0,1) : 1
