pop size : 10000, betaG : 0.08500, lambdaH : 0.10000, lambdaW : 0.00100, gamma : 0.12500, Tmax : 150.00, threshold of infected : 0.010
0.37 0.32 0.13 0.12 0.04 0.02 
0.2192 0.12 0.08 0.06 0.05 0.045 0.04 0.035 0.03 0.02 0.02 0.02 0.015 0.015 0.015 0.015 0.001 0.001 0.001 0.001 0.001 0.001 0.001 0.001 0.001 0.001 0.001 0.001 0.001 0.001 0.001 0.001 0.001 0.001 0.001 0.001 0.001 0.001 0.001 0.001 0.001 0.0001 0.0001 0.0001 0.0001 0.0001 0.0001 0.0001 0.0001 0.175 
Proportion of infected at cutoff : 0.0100
Proportion of susceptibles at cutoff : 0.9798
(3,0) : 68
(8,0) : 27
(50,0) : 62
(13,0) : 10
(28,0) : 1
(47,2) : 5
(2,0) : 109
(4,0) : 58
(49,0) : 16
(5,0) : 38
(49,1) : 18
(9,0) : 17
(47,1) : 5
(1,0) : 172
(31,0) : 3
(48,2) : 2
(45,4) : 1
(11,1) : 2
(48,1) : 14
(47,3) : 1
(34,1) : 1
(48,0) : 3
(14,0) : 7
(6,0) : 31
(26,1) : 1
(12,0) : 11
(11,0) : 14
(4,1) : 3
(46,4) : 1
(7,0) : 29
(45,2) : 1
(44,4) : 1
(46,1) : 2
(10,0) : 8
(36,0) : 2
(15,0) : 5
(14,1) : 2
(33,0) : 1
(3,1) : 2
(16,0) : 3
(6,1) : 2
(19,0) : 1
(44,0) : 2
(40,0) : 3
(47,0) : 1
(10,1) : 2
(20,0) : 1
(15,1) : 1
(12,1) : 1
(9,1) : 1
(13,1) : 2
(30,0) : 1
(37,2) : 1
(5,1) : 4
(2,1) : 1
(8,1) : 1
(0,1) : 1
(1,1) : 1
