pop size : 10000, betaG : 0.08500, lambdaH : 0.10000, lambdaW : 0.00100, gamma : 0.12500, Tmax : 150.00, threshold of infected : 0.010
0.37 0.32 0.13 0.12 0.04 0.02 
0.2192 0.12 0.08 0.06 0.05 0.045 0.04 0.035 0.03 0.02 0.02 0.02 0.015 0.015 0.015 0.015 0.001 0.001 0.001 0.001 0.001 0.001 0.001 0.001 0.001 0.001 0.001 0.001 0.001 0.001 0.001 0.001 0.001 0.001 0.001 0.001 0.001 0.001 0.001 0.001 0.001 0.0001 0.0001 0.0001 0.0001 0.0001 0.0001 0.0001 0.0001 0.175 
Proportion of infected at cutoff : 0.0100
Proportion of susceptibles at cutoff : 0.9756
(48,2) : 7
(48,0) : 10
(4,0) : 36
(49,1) : 16
(7,0) : 23
(49,0) : 21
(50,0) : 45
(48,1) : 17
(2,0) : 87
(47,2) : 3
(3,0) : 67
(20,0) : 2
(47,0) : 4
(45,2) : 2
(10,0) : 14
(9,0) : 27
(12,0) : 9
(1,0) : 177
(47,3) : 2
(11,0) : 15
(40,0) : 2
(46,1) : 2
(22,1) : 1
(46,0) : 1
(6,0) : 29
(46,2) : 1
(47,1) : 4
(16,0) : 4
(35,0) : 1
(15,0) : 11
(8,0) : 24
(36,0) : 1
(21,0) : 2
(13,1) : 1
(5,0) : 46
(5,1) : 1
(11,1) : 4
(44,2) : 1
(34,0) : 1
(13,2) : 1
(17,0) : 1
(45,0) : 1
(7,1) : 2
(9,2) : 1
(13,0) : 9
(10,1) : 1
(29,0) : 1
(14,0) : 5
(0,1) : 2
(40,1) : 1
(12,1) : 1
(8,1) : 2
(6,1) : 2
(4,1) : 1
(2,1) : 1
(22,0) : 1
(1,1) : 2
(9,1) : 1
(0,0) : 3
