pop size : 10000, betaG : 0.08500, lambdaH : 0.10000, lambdaW : 0.00100, gamma : 0.12500, Tmax : 150.00, threshold of infected : 0.010
0.37 0.32 0.13 0.12 0.04 0.02 
0.2192 0.12 0.08 0.06 0.05 0.045 0.04 0.035 0.03 0.02 0.02 0.02 0.015 0.015 0.015 0.015 0.001 0.001 0.001 0.001 0.001 0.001 0.001 0.001 0.001 0.001 0.001 0.001 0.001 0.001 0.001 0.001 0.001 0.001 0.001 0.001 0.001 0.001 0.001 0.001 0.001 0.0001 0.0001 0.0001 0.0001 0.0001 0.0001 0.0001 0.0001 0.175 
Proportion of infected at cutoff : 0.0100
Proportion of susceptibles at cutoff : 0.9816
(50,0) : 63
(48,1) : 8
(48,0) : 1
(9,0) : 29
(2,0) : 88
(7,0) : 35
(49,0) : 18
(14,0) : 14
(49,1) : 14
(18,0) : 1
(29,0) : 2
(3,0) : 48
(47,2) : 5
(4,1) : 1
(12,0) : 14
(30,0) : 1
(48,2) : 9
(6,1) : 2
(5,0) : 29
(1,0) : 176
(16,0) : 9
(11,0) : 8
(6,0) : 34
(4,0) : 37
(13,0) : 10
(46,1) : 2
(10,0) : 16
(46,2) : 3
(46,3) : 1
(47,0) : 1
(8,0) : 24
(35,0) : 1
(35,1) : 1
(37,0) : 1
(45,1) : 1
(38,2) : 1
(15,0) : 10
(43,5) : 1
(46,4) : 1
(14,1) : 2
(25,0) : 1
(37,1) : 1
(19,0) : 2
(16,1) : 1
(47,3) : 1
(30,1) : 1
(17,0) : 2
(42,5) : 1
(31,0) : 1
(27,0) : 2
(15,1) : 1
(41,0) : 1
(2,1) : 2
(5,1) : 1
(11,1) : 1
(12,1) : 1
(27,1) : 1
(47,1) : 1
(3,1) : 1
(0,0) : 1
(1,1) : 1
