pop size : 10000, betaG : 0.08500, lambdaH : 0.10000, lambdaW : 0.00100, gamma : 0.12500, Tmax : 150.00, threshold of infected : 0.010
0.37 0.32 0.13 0.12 0.04 0.02 
0.2192 0.12 0.08 0.06 0.05 0.045 0.04 0.035 0.03 0.02 0.02 0.02 0.015 0.015 0.015 0.015 0.001 0.001 0.001 0.001 0.001 0.001 0.001 0.001 0.001 0.001 0.001 0.001 0.001 0.001 0.001 0.001 0.001 0.001 0.001 0.001 0.001 0.001 0.001 0.001 0.001 0.0001 0.0001 0.0001 0.0001 0.0001 0.0001 0.0001 0.0001 0.175 
Proportion of infected at cutoff : 0.0100
Proportion of susceptibles at cutoff : 0.9747
(49,0) : 37
(50,0) : 37
(3,0) : 62
(1,0) : 150
(6,0) : 23
(49,1) : 20
(48,0) : 6
(15,0) : 11
(7,0) : 32
(28,0) : 2
(46,1) : 1
(36,0) : 2
(13,0) : 11
(23,0) : 3
(47,0) : 2
(24,0) : 2
(47,1) : 7
(45,4) : 1
(11,1) : 2
(45,1) : 2
(2,0) : 80
(31,0) : 1
(4,0) : 40
(3,1) : 1
(11,0) : 9
(48,1) : 7
(10,0) : 17
(47,2) : 4
(26,0) : 2
(46,3) : 1
(8,0) : 16
(9,0) : 15
(41,0) : 1
(5,0) : 30
(20,0) : 1
(44,0) : 1
(9,1) : 2
(14,0) : 9
(33,0) : 1
(48,2) : 2
(45,0) : 1
(5,1) : 3
(40,0) : 2
(47,3) : 2
(12,0) : 7
(43,5) : 1
(46,2) : 2
(16,0) : 5
(39,2) : 1
(14,2) : 1
(30,0) : 1
(18,0) : 1
(6,1) : 1
(15,1) : 1
(36,1) : 2
(7,1) : 1
(37,1) : 1
(19,0) : 2
(2,1) : 2
(17,0) : 1
(4,1) : 1
(25,0) : 1
(8,1) : 1
(2,2) : 1
(21,0) : 1
(0,0) : 3
(10,1) : 1
(2,3) : 1
(1,1) : 1
