pop size : 10000, betaG : 0.08500, lambdaH : 0.10000, lambdaW : 0.00100, gamma : 0.12500, Tmax : 150.00, threshold of infected : 0.010
0.37 0.32 0.13 0.12 0.04 0.02 
0.2192 0.12 0.08 0.06 0.05 0.045 0.04 0.035 0.03 0.02 0.02 0.02 0.015 0.015 0.015 0.015 0.001 0.001 0.001 0.001 0.001 0.001 0.001 0.001 0.001 0.001 0.001 0.001 0.001 0.001 0.001 0.001 0.001 0.001 0.001 0.001 0.001 0.001 0.001 0.001 0.001 0.0001 0.0001 0.0001 0.0001 0.0001 0.0001 0.0001 0.0001 0.175 
Proportion of infected at cutoff : 0.0100
Proportion of susceptibles at cutoff : 0.9719
(49,1) : 12
(16,0) : 12
(9,0) : 15
(40,1) : 2
(48,0) : 7
(50,0) : 44
(44,2) : 1
(2,0) : 98
(48,1) : 8
(47,1) : 6
(49,0) : 17
(46,0) : 3
(1,0) : 155
(13,0) : 16
(39,0) : 1
(7,0) : 25
(12,0) : 9
(4,0) : 44
(48,2) : 3
(45,0) : 1
(27,0) : 2
(8,0) : 25
(10,0) : 12
(42,0) : 1
(14,0) : 8
(6,1) : 2
(15,1) : 2
(11,0) : 22
(39,1) : 1
(43,3) : 2
(5,1) : 2
(47,0) : 7
(5,0) : 48
(6,0) : 37
(12,1) : 4
(3,1) : 1
(9,1) : 1
(3,0) : 72
(11,1) : 1
(23,1) : 1
(33,1) : 1
(46,1) : 3
(35,3) : 1
(31,0) : 1
(15,0) : 8
(20,0) : 1
(45,2) : 2
(45,1) : 1
(46,3) : 1
(45,5) : 1
(47,2) : 1
(47,3) : 1
(45,3) : 1
(19,0) : 1
(35,1) : 2
(36,0) : 1
(18,0) : 3
(26,0) : 1
(30,0) : 1
(40,0) : 2
(1,1) : 2
(23,0) : 1
(13,1) : 1
(8,1) : 3
(24,0) : 1
(7,1) : 1
(44,4) : 1
(17,0) : 1
(2,1) : 1
(0,1) : 1
(0,0) : 1
