pop size : 10000, betaG : 0.08500, lambdaH : 0.10000, lambdaW : 0.00100, gamma : 0.12500, Tmax : 150.00, threshold of infected : 0.010
0.37 0.32 0.13 0.12 0.04 0.02 
0.2192 0.12 0.08 0.06 0.05 0.045 0.04 0.035 0.03 0.02 0.02 0.02 0.015 0.015 0.015 0.015 0.001 0.001 0.001 0.001 0.001 0.001 0.001 0.001 0.001 0.001 0.001 0.001 0.001 0.001 0.001 0.001 0.001 0.001 0.001 0.001 0.001 0.001 0.001 0.001 0.001 0.0001 0.0001 0.0001 0.0001 0.0001 0.0001 0.0001 0.0001 0.175 
Proportion of infected at cutoff : 0.0100
Proportion of susceptibles at cutoff : 0.9767
(50,0) : 48
(46,2) : 2
(48,0) : 5
(49,1) : 18
(49,0) : 26
(4,0) : 47
(45,2) : 1
(7,0) : 37
(15,0) : 15
(12,0) : 17
(1,0) : 180
(24,0) : 1
(46,1) : 1
(8,0) : 24
(14,0) : 12
(6,0) : 33
(48,1) : 6
(45,0) : 1
(48,2) : 4
(47,0) : 4
(2,0) : 83
(3,0) : 63
(9,0) : 16
(47,2) : 2
(32,0) : 2
(30,0) : 1
(45,1) : 1
(23,0) : 2
(16,0) : 14
(46,3) : 1
(5,0) : 33
(4,1) : 5
(22,2) : 1
(10,0) : 9
(33,2) : 1
(47,3) : 3
(26,0) : 1
(46,0) : 1
(39,0) : 3
(11,0) : 12
(35,0) : 1
(29,0) : 2
(13,0) : 12
(42,4) : 1
(47,1) : 1
(18,0) : 1
(0,0) : 3
(8,1) : 1
(27,1) : 1
(43,3) : 1
(45,4) : 1
(5,1) : 2
(3,2) : 1
(3,1) : 2
(6,1) : 2
(7,1) : 1
(0,1) : 3
(7,2) : 1
(14,1) : 2
(17,0) : 1
(13,1) : 1
(1,1) : 2
(11,1) : 1
(2,1) : 1
