pop size : 10000, betaG : 0.08500, lambdaH : 0.10000, lambdaW : 0.00100, gamma : 0.12500, Tmax : 150.00, threshold of infected : 0.010
0.37 0.32 0.13 0.12 0.04 0.02 
0.2192 0.12 0.08 0.06 0.05 0.045 0.04 0.035 0.03 0.02 0.02 0.02 0.015 0.015 0.015 0.015 0.001 0.001 0.001 0.001 0.001 0.001 0.001 0.001 0.001 0.001 0.001 0.001 0.001 0.001 0.001 0.001 0.001 0.001 0.001 0.001 0.001 0.001 0.001 0.001 0.001 0.0001 0.0001 0.0001 0.0001 0.0001 0.0001 0.0001 0.0001 0.175 
Proportion of infected at cutoff : 0.0100
Proportion of susceptibles at cutoff : 0.9818
(50,0) : 55
(49,0) : 21
(49,1) : 21
(8,0) : 30
(48,2) : 9
(18,0) : 3
(48,1) : 9
(14,1) : 3
(15,0) : 12
(5,0) : 26
(3,0) : 48
(13,0) : 11
(4,0) : 52
(14,0) : 12
(47,2) : 4
(47,3) : 1
(7,0) : 45
(6,0) : 31
(1,0) : 157
(9,0) : 23
(48,0) : 6
(2,0) : 69
(11,0) : 12
(37,0) : 1
(46,4) : 1
(47,1) : 2
(16,0) : 6
(41,0) : 1
(4,2) : 1
(38,1) : 1
(12,0) : 14
(22,0) : 2
(46,2) : 1
(10,0) : 15
(23,0) : 1
(1,1) : 4
(5,2) : 1
(33,0) : 1
(39,0) : 1
(46,1) : 1
(25,0) : 1
(20,0) : 1
(32,1) : 1
(13,1) : 1
(45,4) : 1
(9,2) : 1
(11,1) : 2
(3,1) : 3
(31,0) : 1
(4,1) : 1
(26,0) : 1
(6,1) : 2
(15,1) : 1
(2,1) : 1
(0,1) : 2
(0,0) : 1
