pop size : 10000, betaG : 0.08500, lambdaH : 0.10000, lambdaW : 0.00100, gamma : 0.12500, Tmax : 150.00, threshold of infected : 0.010
0.37 0.32 0.13 0.12 0.04 0.02 
0.2192 0.12 0.08 0.06 0.05 0.045 0.04 0.035 0.03 0.02 0.02 0.02 0.015 0.015 0.015 0.015 0.001 0.001 0.001 0.001 0.001 0.001 0.001 0.001 0.001 0.001 0.001 0.001 0.001 0.001 0.001 0.001 0.001 0.001 0.001 0.001 0.001 0.001 0.001 0.001 0.001 0.0001 0.0001 0.0001 0.0001 0.0001 0.0001 0.0001 0.0001 0.175 
Proportion of infected at cutoff : 0.0100
Proportion of susceptibles at cutoff : 0.9768
(41,0) : 1
(12,0) : 11
(11,0) : 18
(48,2) : 7
(49,0) : 29
(47,2) : 6
(37,0) : 1
(47,1) : 2
(49,1) : 19
(2,0) : 86
(50,0) : 51
(10,0) : 6
(3,0) : 56
(4,0) : 31
(48,0) : 6
(43,1) : 1
(46,2) : 2
(9,0) : 28
(32,0) : 2
(23,0) : 2
(16,0) : 4
(14,0) : 11
(13,0) : 9
(29,0) : 1
(26,0) : 1
(48,1) : 6
(5,1) : 4
(47,3) : 3
(5,0) : 33
(45,1) : 1
(47,0) : 4
(8,0) : 27
(37,2) : 1
(15,1) : 1
(12,1) : 1
(13,1) : 1
(18,1) : 1
(7,0) : 21
(39,2) : 1
(1,0) : 137
(6,0) : 19
(46,3) : 1
(11,1) : 1
(15,0) : 8
(35,1) : 1
(40,0) : 1
(6,1) : 1
(28,0) : 2
(2,1) : 2
(22,2) : 1
(8,1) : 2
(36,0) : 1
(34,1) : 1
(7,1) : 2
(3,1) : 4
(0,1) : 1
(0,0) : 2
