pop size : 10000, betaG : 0.08500, lambdaH : 0.10000, lambdaW : 0.00100, gamma : 0.12500, Tmax : 150.00, threshold of infected : 0.010
0.37 0.32 0.13 0.12 0.04 0.02 
0.2192 0.12 0.08 0.06 0.05 0.045 0.04 0.035 0.03 0.02 0.02 0.02 0.015 0.015 0.015 0.015 0.001 0.001 0.001 0.001 0.001 0.001 0.001 0.001 0.001 0.001 0.001 0.001 0.001 0.001 0.001 0.001 0.001 0.001 0.001 0.001 0.001 0.001 0.001 0.001 0.001 0.0001 0.0001 0.0001 0.0001 0.0001 0.0001 0.0001 0.0001 0.175 
Proportion of infected at cutoff : 0.0100
Proportion of susceptibles at cutoff : 0.9744
(15,0) : 9
(49,0) : 25
(48,0) : 11
(12,0) : 9
(50,0) : 42
(6,0) : 26
(3,0) : 56
(7,0) : 34
(19,0) : 2
(13,0) : 13
(4,0) : 33
(48,1) : 13
(49,1) : 16
(38,0) : 2
(14,0) : 10
(2,0) : 95
(48,2) : 7
(22,1) : 1
(47,3) : 1
(47,2) : 1
(36,0) : 1
(8,1) : 2
(5,0) : 34
(43,5) : 1
(1,0) : 184
(11,0) : 15
(10,0) : 12
(8,0) : 26
(26,1) : 1
(47,0) : 5
(43,1) : 1
(44,4) : 1
(44,5) : 1
(37,0) : 3
(46,0) : 1
(33,1) : 1
(35,0) : 1
(42,4) : 1
(34,1) : 1
(44,0) : 1
(47,1) : 1
(12,1) : 1
(9,0) : 14
(45,3) : 1
(30,0) : 1
(24,0) : 1
(11,3) : 1
(46,1) : 1
(16,0) : 8
(5,1) : 2
(46,2) : 1
(25,0) : 1
(9,1) : 2
(22,0) : 1
(21,0) : 2
(0,0) : 4
(0,1) : 1
(10,1) : 2
(40,0) : 1
(36,1) : 1
(15,1) : 1
(1,1) : 1
(11,1) : 2
(20,0) : 1
(6,1) : 1
(4,1) : 1
(3,1) : 2
