pop size : 10000, betaG : 0.08500, lambdaH : 0.10000, lambdaW : 0.00100, gamma : 0.12500, Tmax : 150.00, threshold of infected : 0.010
0.37 0.32 0.13 0.12 0.04 0.02 
0.2192 0.12 0.08 0.06 0.05 0.045 0.04 0.035 0.03 0.02 0.02 0.02 0.015 0.015 0.015 0.015 0.001 0.001 0.001 0.001 0.001 0.001 0.001 0.001 0.001 0.001 0.001 0.001 0.001 0.001 0.001 0.001 0.001 0.001 0.001 0.001 0.001 0.001 0.001 0.001 0.001 0.0001 0.0001 0.0001 0.0001 0.0001 0.0001 0.0001 0.0001 0.175 
Proportion of infected at cutoff : 0.0100
Proportion of susceptibles at cutoff : 0.9775
(12,0) : 10
(7,0) : 22
(10,0) : 10
(50,0) : 44
(49,0) : 34
(48,1) : 16
(3,0) : 44
(47,0) : 2
(49,1) : 20
(13,0) : 6
(43,3) : 1
(4,0) : 28
(5,0) : 38
(11,0) : 11
(48,0) : 9
(47,3) : 1
(15,0) : 11
(35,0) : 2
(2,0) : 90
(44,5) : 1
(1,0) : 126
(8,0) : 24
(9,0) : 17
(47,1) : 2
(46,4) : 1
(16,0) : 7
(20,0) : 2
(21,0) : 1
(6,0) : 20
(34,0) : 4
(48,2) : 6
(6,2) : 1
(10,1) : 1
(46,2) : 2
(14,0) : 11
(23,0) : 1
(30,3) : 1
(31,0) : 1
(40,0) : 1
(44,1) : 1
(47,2) : 1
(43,5) : 1
(46,3) : 1
(18,1) : 1
(2,1) : 2
(19,0) : 1
(6,1) : 1
(46,1) : 1
(5,1) : 2
(28,0) : 1
(9,1) : 1
(25,1) : 1
(7,1) : 2
(1,1) : 2
(4,1) : 1
(0,0) : 1
