pop size : 10000, betaG : 0.08500, lambdaH : 0.10000, lambdaW : 0.00100, gamma : 0.12500, Tmax : 150.00, threshold of infected : 0.010
0.37 0.32 0.13 0.12 0.04 0.02 
0.2192 0.12 0.08 0.06 0.05 0.045 0.04 0.035 0.03 0.02 0.02 0.02 0.015 0.015 0.015 0.015 0.001 0.001 0.001 0.001 0.001 0.001 0.001 0.001 0.001 0.001 0.001 0.001 0.001 0.001 0.001 0.001 0.001 0.001 0.001 0.001 0.001 0.001 0.001 0.001 0.001 0.0001 0.0001 0.0001 0.0001 0.0001 0.0001 0.0001 0.0001 0.175 
Proportion of infected at cutoff : 0.0100
Proportion of susceptibles at cutoff : 0.9776
(7,0) : 29
(49,0) : 22
(48,0) : 11
(3,0) : 48
(50,0) : 49
(47,1) : 6
(47,0) : 2
(6,0) : 37
(44,3) : 1
(9,0) : 24
(48,1) : 8
(47,3) : 4
(49,1) : 20
(21,1) : 1
(14,0) : 12
(5,0) : 39
(4,0) : 44
(28,0) : 2
(2,0) : 77
(10,0) : 15
(11,0) : 11
(13,0) : 7
(46,1) : 1
(12,0) : 13
(26,1) : 1
(35,0) : 1
(31,0) : 1
(16,0) : 6
(15,0) : 8
(12,1) : 2
(45,4) : 1
(48,2) : 5
(23,0) : 2
(13,1) : 2
(45,1) : 2
(46,3) : 1
(47,2) : 4
(15,1) : 1
(19,0) : 1
(8,0) : 19
(3,1) : 3
(1,0) : 166
(17,0) : 1
(34,0) : 1
(41,1) : 1
(27,0) : 2
(8,1) : 3
(29,0) : 1
(22,1) : 1
(6,1) : 2
(7,1) : 1
(5,1) : 1
(7,2) : 1
(2,1) : 1
(1,1) : 1
