pop size : 10000, betaG : 0.08500, lambdaH : 0.10000, lambdaW : 0.00100, gamma : 0.12500, Tmax : 150.00, threshold of infected : 0.010
0.37 0.32 0.13 0.12 0.04 0.02 
0.2192 0.12 0.08 0.06 0.05 0.045 0.04 0.035 0.03 0.02 0.02 0.02 0.015 0.015 0.015 0.015 0.001 0.001 0.001 0.001 0.001 0.001 0.001 0.001 0.001 0.001 0.001 0.001 0.001 0.001 0.001 0.001 0.001 0.001 0.001 0.001 0.001 0.001 0.001 0.001 0.001 0.0001 0.0001 0.0001 0.0001 0.0001 0.0001 0.0001 0.0001 0.175 
Proportion of infected at cutoff : 0.0100
Proportion of susceptibles at cutoff : 0.9778
(50,0) : 49
(8,0) : 17
(46,4) : 1
(7,0) : 30
(48,2) : 5
(49,0) : 25
(3,0) : 51
(2,0) : 89
(6,0) : 23
(48,1) : 8
(16,0) : 9
(15,0) : 9
(48,0) : 10
(49,1) : 19
(11,0) : 10
(47,1) : 4
(46,3) : 2
(14,0) : 15
(34,0) : 1
(9,0) : 20
(10,0) : 4
(12,0) : 18
(36,0) : 2
(47,0) : 3
(8,1) : 1
(1,0) : 142
(42,6) : 1
(5,0) : 37
(40,0) : 1
(13,0) : 12
(45,2) : 1
(13,1) : 2
(47,2) : 4
(38,0) : 2
(47,3) : 2
(4,0) : 43
(2,1) : 2
(35,0) : 1
(44,0) : 1
(11,1) : 2
(33,2) : 1
(45,0) : 1
(46,1) : 1
(32,0) : 1
(29,0) : 1
(37,0) : 1
(33,0) : 1
(9,2) : 1
(16,1) : 1
(15,1) : 1
(0,1) : 1
(14,1) : 2
(1,1) : 4
(12,1) : 1
(6,2) : 1
(7,1) : 1
(4,1) : 1
(10,1) : 1
(0,0) : 1
