pop size : 10000, betaG : 0.08500, lambdaH : 0.10000, lambdaW : 0.00100, gamma : 0.12500, Tmax : 150.00, threshold of infected : 0.010
0.37 0.32 0.13 0.12 0.04 0.02 
0.2192 0.12 0.08 0.06 0.05 0.045 0.04 0.035 0.03 0.02 0.02 0.02 0.015 0.015 0.015 0.015 0.001 0.001 0.001 0.001 0.001 0.001 0.001 0.001 0.001 0.001 0.001 0.001 0.001 0.001 0.001 0.001 0.001 0.001 0.001 0.001 0.001 0.001 0.001 0.001 0.001 0.0001 0.0001 0.0001 0.0001 0.0001 0.0001 0.0001 0.0001 0.175 
Proportion of infected at cutoff : 0.0100
Proportion of susceptibles at cutoff : 0.9775
(50,0) : 48
(7,0) : 27
(49,0) : 23
(24,0) : 1
(6,0) : 28
(48,0) : 9
(4,0) : 47
(8,0) : 20
(47,0) : 5
(14,0) : 21
(9,0) : 29
(48,2) : 4
(49,1) : 15
(48,1) : 6
(13,0) : 10
(10,0) : 21
(2,0) : 101
(47,1) : 5
(16,0) : 7
(46,3) : 4
(47,3) : 2
(46,2) : 3
(21,0) : 2
(5,0) : 24
(1,0) : 172
(15,0) : 11
(33,1) : 1
(5,1) : 2
(47,2) : 3
(12,0) : 10
(3,0) : 60
(37,0) : 2
(22,0) : 1
(32,1) : 1
(1,1) : 3
(11,0) : 13
(28,0) : 1
(30,1) : 1
(30,0) : 1
(32,0) : 1
(9,1) : 1
(45,1) : 1
(10,1) : 1
(20,0) : 1
(14,1) : 4
(8,1) : 3
(17,0) : 1
(39,1) : 1
(27,0) : 1
(6,1) : 2
(3,1) : 2
(34,0) : 1
(7,1) : 3
(17,1) : 1
(12,1) : 1
(18,0) : 1
(11,1) : 1
(1,2) : 1
(15,1) : 1
(2,1) : 1
(0,1) : 2
(0,0) : 1
(4,1) : 1
