pop size : 10000, betaG : 0.08500, lambdaH : 0.10000, lambdaW : 0.00100, gamma : 0.12500, Tmax : 150.00, threshold of infected : 0.010
0.37 0.32 0.13 0.12 0.04 0.02 
0.2192 0.12 0.08 0.06 0.05 0.045 0.04 0.035 0.03 0.02 0.02 0.02 0.015 0.015 0.015 0.015 0.001 0.001 0.001 0.001 0.001 0.001 0.001 0.001 0.001 0.001 0.001 0.001 0.001 0.001 0.001 0.001 0.001 0.001 0.001 0.001 0.001 0.001 0.001 0.001 0.001 0.0001 0.0001 0.0001 0.0001 0.0001 0.0001 0.0001 0.0001 0.175 
Proportion of infected at cutoff : 0.0100
Proportion of susceptibles at cutoff : 0.9760
(47,2) : 3
(50,0) : 50
(49,0) : 25
(48,0) : 9
(11,0) : 15
(3,1) : 1
(46,2) : 3
(48,1) : 9
(3,0) : 45
(7,0) : 29
(6,0) : 30
(12,0) : 10
(49,1) : 18
(46,1) : 2
(45,0) : 1
(42,4) : 1
(48,2) : 5
(44,3) : 1
(16,0) : 4
(10,0) : 16
(5,0) : 33
(2,0) : 75
(34,0) : 1
(23,0) : 1
(18,0) : 2
(9,0) : 15
(4,0) : 33
(46,0) : 2
(47,0) : 2
(47,1) : 4
(31,0) : 1
(33,1) : 1
(14,1) : 2
(28,0) : 1
(13,0) : 10
(35,0) : 1
(8,0) : 30
(22,0) : 1
(27,0) : 3
(14,0) : 12
(1,0) : 155
(1,1) : 3
(15,0) : 7
(10,1) : 4
(26,1) : 1
(11,1) : 3
(31,1) : 1
(22,1) : 1
(15,1) : 1
(20,0) : 2
(14,2) : 2
(4,2) : 1
(25,0) : 1
(19,1) : 1
(24,1) : 1
(23,2) : 1
(42,2) : 1
(1,2) : 1
(6,1) : 2
(5,1) : 3
(9,1) : 1
