pop size : 10000, betaG : 0.08500, lambdaH : 0.10000, lambdaW : 0.00100, gamma : 0.12500, Tmax : 150.00, threshold of infected : 0.010
0.37 0.32 0.13 0.12 0.04 0.02 
0.2192 0.12 0.08 0.06 0.05 0.045 0.04 0.035 0.03 0.02 0.02 0.02 0.015 0.015 0.015 0.015 0.001 0.001 0.001 0.001 0.001 0.001 0.001 0.001 0.001 0.001 0.001 0.001 0.001 0.001 0.001 0.001 0.001 0.001 0.001 0.001 0.001 0.001 0.001 0.001 0.001 0.0001 0.0001 0.0001 0.0001 0.0001 0.0001 0.0001 0.0001 0.175 
Proportion of infected at cutoff : 0.0100
Proportion of susceptibles at cutoff : 0.9733
(2,0) : 95
(50,0) : 44
(16,0) : 8
(49,0) : 25
(13,0) : 6
(12,0) : 16
(48,1) : 10
(15,0) : 8
(46,2) : 4
(5,1) : 4
(33,1) : 1
(1,0) : 168
(8,0) : 27
(49,1) : 10
(47,2) : 8
(3,0) : 69
(40,0) : 2
(48,0) : 7
(7,0) : 37
(47,1) : 6
(21,0) : 2
(44,2) : 1
(14,0) : 4
(10,0) : 14
(6,0) : 25
(34,0) : 2
(47,0) : 5
(23,0) : 1
(47,3) : 1
(5,0) : 34
(35,0) : 2
(48,2) : 2
(9,0) : 23
(46,1) : 1
(45,1) : 2
(18,1) : 2
(4,0) : 45
(10,2) : 1
(33,0) : 1
(13,1) : 3
(25,1) : 1
(32,2) : 1
(29,1) : 1
(14,1) : 2
(28,0) : 1
(11,0) : 15
(29,2) : 1
(45,2) : 1
(32,0) : 1
(31,0) : 1
(12,1) : 3
(11,2) : 1
(11,1) : 2
(46,0) : 1
(0,0) : 4
(45,0) : 1
(21,1) : 1
(17,0) : 1
(27,0) : 1
(3,1) : 2
(7,2) : 1
(2,1) : 1
(1,1) : 3
