pop size : 10000, betaG : 0.08500, lambdaH : 0.10000, lambdaW : 0.00100, gamma : 0.12500, Tmax : 150.00, threshold of infected : 0.010
0.37 0.32 0.13 0.12 0.04 0.02 
0.2192 0.12 0.08 0.06 0.05 0.045 0.04 0.035 0.03 0.02 0.02 0.02 0.015 0.015 0.015 0.015 0.001 0.001 0.001 0.001 0.001 0.001 0.001 0.001 0.001 0.001 0.001 0.001 0.001 0.001 0.001 0.001 0.001 0.001 0.001 0.001 0.001 0.001 0.001 0.001 0.001 0.0001 0.0001 0.0001 0.0001 0.0001 0.0001 0.0001 0.0001 0.175 
Proportion of infected at cutoff : 0.0100
Proportion of susceptibles at cutoff : 0.9783
(50,0) : 51
(47,2) : 6
(49,1) : 20
(34,0) : 1
(4,0) : 52
(10,0) : 21
(29,0) : 1
(11,0) : 10
(2,0) : 87
(15,0) : 12
(36,0) : 1
(1,0) : 179
(16,0) : 9
(7,0) : 29
(9,0) : 21
(8,1) : 3
(48,1) : 15
(45,3) : 1
(48,0) : 6
(6,0) : 29
(13,0) : 11
(49,0) : 16
(8,0) : 26
(47,3) : 1
(14,0) : 8
(38,0) : 1
(48,2) : 3
(3,0) : 57
(43,4) : 1
(21,1) : 1
(5,0) : 41
(14,1) : 2
(13,1) : 2
(19,0) : 2
(46,1) : 1
(12,0) : 15
(22,0) : 1
(47,1) : 2
(25,0) : 2
(28,1) : 1
(47,0) : 2
(29,1) : 1
(5,1) : 1
(12,1) : 2
(46,0) : 1
(40,0) : 1
(46,2) : 1
(11,1) : 3
(7,1) : 4
(45,1) : 1
(32,0) : 1
(35,0) : 1
(20,0) : 1
(33,0) : 1
(9,1) : 1
(46,3) : 1
(1,1) : 2
(10,1) : 1
(10,2) : 1
(3,1) : 1
(0,0) : 3
(6,1) : 1
