pop size : 10000, betaG : 0.08500, lambdaH : 0.10000, lambdaW : 0.00100, gamma : 0.12500, Tmax : 150.00, threshold of infected : 0.010
0.37 0.32 0.13 0.12 0.04 0.02 
0.2192 0.12 0.08 0.06 0.05 0.045 0.04 0.035 0.03 0.02 0.02 0.02 0.015 0.015 0.015 0.015 0.001 0.001 0.001 0.001 0.001 0.001 0.001 0.001 0.001 0.001 0.001 0.001 0.001 0.001 0.001 0.001 0.001 0.001 0.001 0.001 0.001 0.001 0.001 0.001 0.001 0.0001 0.0001 0.0001 0.0001 0.0001 0.0001 0.0001 0.0001 0.175 
Proportion of infected at cutoff : 0.0100
Proportion of susceptibles at cutoff : 0.9721
(48,0) : 12
(50,0) : 41
(48,1) : 17
(49,0) : 27
(4,0) : 42
(9,0) : 19
(47,3) : 2
(6,0) : 33
(47,2) : 6
(2,0) : 86
(46,2) : 2
(45,0) : 2
(11,0) : 12
(23,0) : 2
(16,2) : 1
(1,0) : 152
(13,0) : 13
(5,0) : 26
(7,0) : 23
(10,1) : 2
(37,0) : 2
(3,0) : 61
(29,0) : 2
(49,1) : 11
(31,0) : 1
(34,0) : 1
(15,0) : 8
(12,0) : 12
(16,0) : 10
(39,0) : 2
(6,1) : 3
(10,0) : 13
(28,0) : 1
(47,0) : 2
(14,0) : 9
(46,3) : 1
(5,1) : 3
(19,0) : 1
(24,0) : 1
(22,0) : 1
(47,1) : 4
(44,1) : 1
(14,1) : 1
(48,2) : 2
(46,1) : 1
(45,4) : 1
(27,0) : 1
(44,4) : 1
(46,0) : 1
(33,0) : 1
(8,0) : 17
(15,1) : 3
(13,1) : 1
(3,1) : 1
(8,1) : 2
(39,3) : 1
(39,1) : 1
(7,1) : 3
(12,1) : 2
(0,0) : 3
(1,1) : 1
(0,1) : 1
