pop size : 10000, betaG : 0.08500, lambdaH : 0.10000, lambdaW : 0.00100, gamma : 0.12500, Tmax : 150.00, threshold of infected : 0.010
0.37 0.32 0.13 0.12 0.04 0.02 
0.2192 0.12 0.08 0.06 0.05 0.045 0.04 0.035 0.03 0.02 0.02 0.02 0.015 0.015 0.015 0.015 0.001 0.001 0.001 0.001 0.001 0.001 0.001 0.001 0.001 0.001 0.001 0.001 0.001 0.001 0.001 0.001 0.001 0.001 0.001 0.001 0.001 0.001 0.001 0.001 0.001 0.0001 0.0001 0.0001 0.0001 0.0001 0.0001 0.0001 0.0001 0.175 
Proportion of infected at cutoff : 0.0100
Proportion of susceptibles at cutoff : 0.9801
(14,0) : 11
(46,2) : 1
(3,0) : 48
(16,0) : 3
(49,1) : 28
(50,0) : 59
(47,0) : 2
(12,0) : 14
(37,1) : 1
(46,0) : 1
(9,0) : 16
(49,0) : 17
(4,0) : 43
(41,0) : 1
(2,0) : 75
(48,1) : 7
(48,0) : 5
(13,0) : 4
(8,0) : 30
(47,3) : 1
(47,2) : 4
(15,0) : 10
(1,0) : 156
(27,0) : 1
(46,3) : 1
(45,2) : 1
(47,1) : 1
(18,0) : 2
(48,2) : 5
(10,0) : 11
(6,0) : 36
(7,0) : 26
(11,0) : 11
(22,0) : 1
(29,0) : 2
(26,0) : 1
(46,1) : 1
(30,1) : 2
(35,1) : 1
(10,2) : 1
(28,2) : 1
(19,0) : 1
(13,1) : 1
(31,1) : 1
(35,0) : 3
(44,4) : 1
(5,0) : 24
(11,1) : 1
(24,1) : 1
(15,1) : 1
(39,0) : 1
(37,0) : 1
(45,0) : 1
(12,2) : 1
(5,1) : 2
(4,1) : 2
(43,3) : 1
(28,1) : 1
(6,2) : 1
(0,0) : 2
(17,0) : 1
(2,1) : 2
(3,1) : 2
(0,1) : 1
(1,1) : 1
