pop size : 10000, betaG : 0.08500, lambdaH : 0.10000, lambdaW : 0.00100, gamma : 0.12500, Tmax : 150.00, threshold of infected : 0.010
0.37 0.32 0.13 0.12 0.04 0.02 
0.2192 0.12 0.08 0.06 0.05 0.045 0.04 0.035 0.03 0.02 0.02 0.02 0.015 0.015 0.015 0.015 0.001 0.001 0.001 0.001 0.001 0.001 0.001 0.001 0.001 0.001 0.001 0.001 0.001 0.001 0.001 0.001 0.001 0.001 0.001 0.001 0.001 0.001 0.001 0.001 0.001 0.0001 0.0001 0.0001 0.0001 0.0001 0.0001 0.0001 0.0001 0.175 
Proportion of infected at cutoff : 0.0100
Proportion of susceptibles at cutoff : 0.9710
(10,0) : 9
(23,0) : 3
(49,0) : 29
(48,0) : 16
(7,0) : 30
(21,0) : 2
(13,0) : 13
(49,1) : 16
(6,0) : 30
(50,0) : 28
(47,3) : 2
(47,0) : 7
(8,0) : 27
(3,0) : 65
(35,0) : 2
(14,1) : 4
(43,1) : 1
(12,0) : 17
(47,1) : 8
(48,1) : 9
(15,0) : 13
(4,0) : 48
(46,2) : 2
(18,0) : 1
(1,0) : 169
(28,0) : 3
(48,2) : 2
(12,1) : 2
(5,0) : 34
(45,0) : 1
(11,0) : 12
(45,1) : 1
(46,0) : 1
(32,2) : 2
(46,1) : 1
(14,0) : 14
(39,0) : 1
(5,1) : 3
(9,0) : 18
(47,2) : 1
(7,1) : 2
(2,0) : 87
(26,1) : 1
(33,0) : 1
(13,1) : 3
(46,3) : 2
(24,0) : 1
(37,0) : 1
(10,1) : 3
(17,0) : 1
(34,4) : 1
(21,2) : 1
(45,4) : 1
(16,0) : 2
(9,1) : 1
(0,1) : 1
(20,0) : 1
(0,0) : 1
(2,1) : 2
(6,1) : 2
(8,1) : 2
(3,1) : 2
