pop size : 10000, betaG : 0.08500, lambdaH : 0.10000, lambdaW : 0.00100, gamma : 0.12500, Tmax : 150.00, threshold of infected : 0.010
0.37 0.32 0.13 0.12 0.04 0.02 
0.2192 0.12 0.08 0.06 0.05 0.045 0.04 0.035 0.03 0.02 0.02 0.02 0.015 0.015 0.015 0.015 0.001 0.001 0.001 0.001 0.001 0.001 0.001 0.001 0.001 0.001 0.001 0.001 0.001 0.001 0.001 0.001 0.001 0.001 0.001 0.001 0.001 0.001 0.001 0.001 0.001 0.0001 0.0001 0.0001 0.0001 0.0001 0.0001 0.0001 0.0001 0.175 
Proportion of infected at cutoff : 0.0100
Proportion of susceptibles at cutoff : 0.9826
(7,0) : 31
(50,0) : 67
(49,0) : 14
(27,1) : 2
(5,0) : 35
(4,0) : 46
(6,0) : 41
(46,1) : 2
(15,0) : 10
(48,1) : 4
(47,1) : 1
(9,0) : 17
(47,2) : 2
(49,1) : 24
(1,0) : 176
(3,0) : 63
(48,0) : 2
(2,1) : 2
(47,3) : 4
(48,2) : 5
(12,0) : 16
(41,0) : 1
(11,0) : 16
(45,2) : 2
(2,0) : 108
(28,0) : 1
(13,0) : 6
(16,0) : 6
(37,0) : 1
(40,0) : 1
(9,1) : 2
(13,1) : 2
(10,0) : 10
(8,0) : 23
(44,2) : 1
(43,3) : 1
(44,4) : 1
(19,0) : 1
(14,0) : 9
(16,1) : 2
(7,2) : 1
(7,1) : 2
(14,1) : 1
(3,1) : 2
(11,2) : 1
(25,0) : 1
(13,2) : 1
(5,1) : 1
(8,1) : 3
(47,0) : 1
(34,0) : 2
(17,0) : 1
(31,0) : 1
(6,2) : 1
(32,0) : 1
(35,0) : 2
(24,0) : 1
(18,0) : 1
(38,0) : 1
(10,1) : 1
(6,1) : 1
(1,1) : 1
(0,0) : 4
