pop size : 10000, betaG : 0.08500, lambdaH : 0.10000, lambdaW : 0.00100, gamma : 0.12500, Tmax : 150.00, threshold of infected : 0.010
0.37 0.32 0.13 0.12 0.04 0.02 
0.2192 0.12 0.08 0.06 0.05 0.045 0.04 0.035 0.03 0.02 0.02 0.02 0.015 0.015 0.015 0.015 0.001 0.001 0.001 0.001 0.001 0.001 0.001 0.001 0.001 0.001 0.001 0.001 0.001 0.001 0.001 0.001 0.001 0.001 0.001 0.001 0.001 0.001 0.001 0.001 0.001 0.0001 0.0001 0.0001 0.0001 0.0001 0.0001 0.0001 0.0001 0.175 
Proportion of infected at cutoff : 0.0100
Proportion of susceptibles at cutoff : 0.9793
(47,0) : 1
(50,0) : 47
(47,1) : 10
(48,1) : 7
(9,0) : 19
(7,0) : 31
(46,2) : 3
(49,0) : 23
(5,0) : 37
(49,1) : 26
(29,1) : 1
(6,0) : 28
(14,0) : 9
(1,0) : 157
(22,0) : 1
(13,1) : 3
(8,0) : 22
(19,0) : 2
(3,0) : 65
(48,2) : 3
(47,2) : 3
(37,1) : 2
(10,0) : 11
(16,0) : 6
(45,3) : 1
(13,0) : 12
(4,0) : 35
(12,0) : 8
(5,1) : 3
(48,0) : 7
(36,0) : 1
(25,0) : 2
(11,0) : 23
(15,0) : 7
(47,3) : 1
(2,0) : 79
(41,0) : 1
(9,1) : 3
(8,1) : 2
(21,0) : 1
(15,1) : 2
(30,1) : 1
(23,0) : 1
(30,0) : 1
(17,0) : 1
(7,1) : 2
(24,1) : 1
(31,0) : 1
(32,0) : 1
(14,1) : 3
(37,0) : 1
(3,1) : 3
(2,2) : 1
(28,0) : 2
(18,0) : 1
(10,1) : 1
(0,0) : 1
(6,1) : 2
(4,1) : 1
(0,1) : 1
