pop size : 10000, betaG : 0.08500, lambdaH : 0.10000, lambdaW : 0.00100, gamma : 0.12500, Tmax : 150.00, threshold of infected : 0.010
0.37 0.32 0.13 0.12 0.04 0.02 
0.2192 0.12 0.08 0.06 0.05 0.045 0.04 0.035 0.03 0.02 0.02 0.02 0.015 0.015 0.015 0.015 0.001 0.001 0.001 0.001 0.001 0.001 0.001 0.001 0.001 0.001 0.001 0.001 0.001 0.001 0.001 0.001 0.001 0.001 0.001 0.001 0.001 0.001 0.001 0.001 0.001 0.0001 0.0001 0.0001 0.0001 0.0001 0.0001 0.0001 0.0001 0.175 
Proportion of infected at cutoff : 0.0100
Proportion of susceptibles at cutoff : 0.9744
(48,0) : 8
(6,0) : 32
(47,1) : 3
(50,0) : 47
(49,0) : 25
(2,0) : 89
(42,2) : 1
(8,0) : 24
(5,0) : 31
(38,0) : 2
(47,0) : 5
(1,0) : 161
(39,0) : 1
(23,0) : 1
(3,0) : 53
(48,1) : 17
(11,1) : 2
(4,0) : 48
(32,1) : 1
(44,1) : 1
(7,0) : 16
(48,2) : 4
(49,1) : 18
(9,0) : 22
(13,0) : 13
(28,0) : 1
(16,0) : 3
(1,1) : 4
(41,2) : 1
(14,0) : 8
(12,0) : 6
(10,0) : 14
(6,1) : 2
(45,2) : 2
(41,4) : 1
(46,0) : 1
(47,2) : 1
(15,0) : 7
(46,1) : 3
(4,1) : 2
(47,3) : 2
(11,0) : 11
(45,1) : 1
(35,0) : 1
(10,1) : 2
(7,1) : 2
(15,1) : 1
(0,2) : 1
(24,0) : 2
(31,0) : 1
(31,1) : 1
(5,1) : 1
(31,2) : 1
(17,0) : 1
(14,1) : 1
(0,0) : 1
(46,3) : 1
(19,0) : 1
(13,1) : 1
(2,2) : 1
