pop size : 10000, betaG : 0.08500, lambdaH : 0.10000, lambdaW : 0.00100, gamma : 0.12500, Tmax : 150.00, threshold of infected : 0.010
0.37 0.32 0.13 0.12 0.04 0.02 
0.2192 0.12 0.08 0.06 0.05 0.045 0.04 0.035 0.03 0.02 0.02 0.02 0.015 0.015 0.015 0.015 0.001 0.001 0.001 0.001 0.001 0.001 0.001 0.001 0.001 0.001 0.001 0.001 0.001 0.001 0.001 0.001 0.001 0.001 0.001 0.001 0.001 0.001 0.001 0.001 0.001 0.0001 0.0001 0.0001 0.0001 0.0001 0.0001 0.0001 0.0001 0.175 
Proportion of infected at cutoff : 0.0100
Proportion of susceptibles at cutoff : 0.9790
(49,0) : 18
(47,2) : 3
(49,1) : 21
(50,0) : 53
(46,1) : 3
(3,0) : 74
(12,0) : 19
(4,0) : 49
(8,0) : 20
(48,1) : 13
(7,0) : 25
(14,0) : 9
(1,0) : 158
(6,0) : 40
(19,0) : 1
(10,0) : 17
(2,0) : 90
(48,0) : 8
(15,1) : 1
(46,2) : 1
(7,1) : 7
(47,0) : 2
(9,0) : 28
(48,2) : 4
(44,1) : 2
(5,0) : 36
(23,0) : 1
(13,0) : 11
(46,4) : 1
(11,1) : 1
(22,0) : 2
(47,3) : 1
(35,0) : 1
(30,0) : 1
(39,1) : 1
(32,0) : 1
(13,1) : 1
(11,0) : 7
(8,1) : 3
(29,1) : 1
(6,1) : 2
(16,0) : 7
(15,0) : 6
(40,0) : 1
(4,1) : 3
(26,1) : 1
(47,1) : 1
(25,1) : 1
(21,1) : 1
(12,1) : 1
(20,1) : 1
(42,5) : 1
(10,1) : 1
(28,0) : 1
(35,1) : 1
(18,0) : 1
(3,1) : 1
(3,2) : 1
(2,1) : 1
(1,1) : 1
(0,0) : 1
