pop size : 10000, betaG : 0.08500, lambdaH : 0.10000, lambdaW : 0.00100, gamma : 0.12500, Tmax : 150.00, threshold of infected : 0.010
0.37 0.32 0.13 0.12 0.04 0.02 
0.2192 0.12 0.08 0.06 0.05 0.045 0.04 0.035 0.03 0.02 0.02 0.02 0.015 0.015 0.015 0.015 0.001 0.001 0.001 0.001 0.001 0.001 0.001 0.001 0.001 0.001 0.001 0.001 0.001 0.001 0.001 0.001 0.001 0.001 0.001 0.001 0.001 0.001 0.001 0.001 0.001 0.0001 0.0001 0.0001 0.0001 0.0001 0.0001 0.0001 0.0001 0.175 
Proportion of infected at cutoff : 0.0100
Proportion of susceptibles at cutoff : 0.9765
(50,0) : 51
(49,0) : 19
(14,0) : 10
(12,0) : 16
(42,1) : 1
(48,0) : 8
(46,2) : 2
(35,0) : 1
(45,1) : 1
(49,1) : 16
(10,0) : 20
(48,1) : 10
(7,0) : 25
(45,0) : 1
(2,0) : 83
(1,0) : 183
(11,0) : 16
(47,2) : 4
(30,0) : 2
(7,1) : 4
(9,0) : 21
(47,0) : 3
(6,0) : 29
(40,1) : 1
(41,0) : 1
(5,0) : 40
(8,0) : 22
(3,0) : 62
(4,0) : 41
(35,1) : 1
(41,8) : 1
(33,0) : 2
(48,2) : 4
(11,1) : 2
(9,2) : 1
(18,0) : 1
(16,0) : 8
(47,1) : 2
(38,0) : 3
(15,0) : 14
(13,0) : 11
(15,1) : 1
(6,1) : 1
(23,0) : 1
(26,1) : 1
(8,1) : 4
(46,1) : 1
(33,1) : 1
(29,0) : 1
(14,1) : 1
(46,3) : 1
(37,0) : 1
(4,1) : 3
(25,2) : 1
(8,2) : 1
(36,3) : 1
(13,1) : 2
(39,2) : 1
(26,0) : 1
(1,1) : 2
(3,1) : 1
(0,0) : 2
(0,1) : 1
(2,1) : 1
