pop size : 10000, betaG : 0.08500, lambdaH : 0.10000, lambdaW : 0.00100, gamma : 0.12500, Tmax : 150.00, threshold of infected : 0.010
0.37 0.32 0.13 0.12 0.04 0.02 
0.2192 0.12 0.08 0.06 0.05 0.045 0.04 0.035 0.03 0.02 0.02 0.02 0.015 0.015 0.015 0.015 0.001 0.001 0.001 0.001 0.001 0.001 0.001 0.001 0.001 0.001 0.001 0.001 0.001 0.001 0.001 0.001 0.001 0.001 0.001 0.001 0.001 0.001 0.001 0.001 0.001 0.0001 0.0001 0.0001 0.0001 0.0001 0.0001 0.0001 0.0001 0.175 
Proportion of infected at cutoff : 0.0100
Proportion of susceptibles at cutoff : 0.9773
(49,0) : 20
(7,1) : 3
(16,0) : 10
(49,1) : 18
(50,0) : 58
(46,3) : 2
(44,0) : 1
(9,0) : 23
(48,0) : 12
(15,0) : 12
(47,2) : 3
(11,0) : 8
(18,0) : 1
(47,0) : 2
(47,1) : 4
(28,2) : 1
(10,0) : 13
(1,0) : 137
(7,0) : 32
(14,0) : 7
(8,0) : 23
(4,0) : 48
(48,1) : 7
(9,1) : 1
(6,0) : 21
(44,5) : 1
(39,1) : 1
(48,2) : 8
(5,0) : 22
(46,4) : 2
(46,0) : 2
(41,0) : 1
(13,0) : 7
(46,2) : 1
(20,0) : 1
(10,1) : 1
(12,0) : 5
(3,0) : 45
(14,1) : 3
(2,0) : 88
(31,0) : 1
(36,0) : 1
(46,1) : 1
(12,1) : 2
(37,0) : 2
(6,1) : 2
(13,1) : 2
(2,1) : 1
(5,1) : 2
(15,1) : 2
(11,1) : 1
(23,0) : 1
(1,1) : 2
(26,0) : 1
(3,1) : 1
(0,1) : 1
