pop size : 10000, betaG : 0.08500, lambdaH : 0.10000, lambdaW : 0.00100, gamma : 0.12500, Tmax : 150.00, threshold of infected : 0.010
0.37 0.32 0.13 0.12 0.04 0.02 
0.2192 0.12 0.08 0.06 0.05 0.045 0.04 0.035 0.03 0.02 0.02 0.02 0.015 0.015 0.015 0.015 0.001 0.001 0.001 0.001 0.001 0.001 0.001 0.001 0.001 0.001 0.001 0.001 0.001 0.001 0.001 0.001 0.001 0.001 0.001 0.001 0.001 0.001 0.001 0.001 0.001 0.0001 0.0001 0.0001 0.0001 0.0001 0.0001 0.0001 0.0001 0.175 
Proportion of infected at cutoff : 0.0100
Proportion of susceptibles at cutoff : 0.9724
(6,0) : 26
(2,0) : 94
(49,1) : 10
(50,0) : 51
(5,0) : 27
(47,1) : 8
(4,0) : 33
(49,0) : 18
(35,0) : 1
(3,0) : 58
(24,1) : 1
(48,0) : 18
(48,2) : 4
(48,1) : 9
(47,3) : 2
(1,0) : 152
(24,0) : 1
(47,2) : 2
(6,1) : 2
(13,0) : 19
(12,0) : 9
(7,0) : 31
(15,0) : 9
(21,0) : 2
(10,0) : 16
(12,2) : 1
(46,2) : 1
(47,0) : 2
(9,1) : 3
(11,0) : 7
(42,5) : 1
(44,0) : 1
(8,0) : 22
(33,1) : 1
(9,0) : 24
(28,1) : 1
(14,0) : 12
(43,5) : 1
(11,1) : 2
(46,1) : 3
(45,5) : 1
(34,2) : 1
(16,0) : 8
(35,5) : 1
(14,1) : 2
(46,3) : 1
(23,0) : 1
(25,0) : 2
(27,0) : 1
(11,2) : 1
(28,0) : 1
(2,1) : 1
(38,0) : 1
(46,0) : 2
(3,2) : 1
(13,1) : 1
(17,0) : 1
(8,1) : 1
(0,0) : 6
(4,1) : 1
(10,1) : 1
(1,1) : 1
(0,1) : 1
