pop size : 10000, betaG : 0.08500, lambdaH : 0.10000, lambdaW : 0.00100, gamma : 0.12500, Tmax : 150.00, threshold of infected : 0.010
0.37 0.32 0.13 0.12 0.04 0.02 
0.2192 0.12 0.08 0.06 0.05 0.045 0.04 0.035 0.03 0.02 0.02 0.02 0.015 0.015 0.015 0.015 0.001 0.001 0.001 0.001 0.001 0.001 0.001 0.001 0.001 0.001 0.001 0.001 0.001 0.001 0.001 0.001 0.001 0.001 0.001 0.001 0.001 0.001 0.001 0.001 0.001 0.0001 0.0001 0.0001 0.0001 0.0001 0.0001 0.0001 0.0001 0.175 
Proportion of infected at cutoff : 0.0100
Proportion of susceptibles at cutoff : 0.9715
(49,1) : 15
(49,0) : 31
(50,0) : 38
(48,0) : 7
(46,1) : 3
(2,0) : 102
(5,0) : 38
(44,4) : 1
(48,2) : 1
(16,0) : 13
(3,0) : 58
(4,0) : 54
(14,0) : 8
(2,1) : 2
(6,0) : 30
(46,3) : 1
(47,3) : 2
(45,0) : 3
(13,0) : 12
(8,0) : 25
(42,2) : 1
(45,1) : 1
(9,0) : 14
(31,0) : 1
(19,0) : 1
(1,0) : 142
(11,0) : 8
(12,0) : 11
(47,0) : 5
(10,0) : 15
(7,0) : 28
(48,1) : 9
(40,0) : 2
(13,1) : 2
(45,2) : 1
(47,1) : 6
(36,1) : 1
(43,0) : 1
(20,0) : 1
(40,1) : 1
(46,2) : 2
(17,0) : 1
(45,3) : 1
(47,2) : 3
(36,0) : 1
(14,1) : 3
(8,1) : 3
(44,2) : 1
(41,0) : 1
(9,1) : 2
(18,0) : 1
(29,0) : 1
(25,0) : 2
(24,0) : 1
(15,0) : 4
(35,2) : 1
(11,1) : 2
(7,1) : 2
(15,1) : 1
(12,1) : 1
(6,1) : 1
(9,2) : 2
(10,1) : 2
(3,1) : 3
(34,0) : 1
(0,0) : 1
