pop size : 10000, betaG : 0.08500, lambdaH : 0.10000, lambdaW : 0.00100, gamma : 0.12500, Tmax : 150.00, threshold of infected : 0.010
0.37 0.32 0.13 0.12 0.04 0.02 
0.2192 0.12 0.08 0.06 0.05 0.045 0.04 0.035 0.03 0.02 0.02 0.02 0.015 0.015 0.015 0.015 0.001 0.001 0.001 0.001 0.001 0.001 0.001 0.001 0.001 0.001 0.001 0.001 0.001 0.001 0.001 0.001 0.001 0.001 0.001 0.001 0.001 0.001 0.001 0.001 0.001 0.0001 0.0001 0.0001 0.0001 0.0001 0.0001 0.0001 0.0001 0.175 
Proportion of infected at cutoff : 0.0100
Proportion of susceptibles at cutoff : 0.9776
(50,0) : 50
(47,1) : 6
(6,0) : 35
(49,1) : 18
(46,1) : 2
(35,1) : 1
(12,1) : 5
(49,0) : 21
(48,2) : 4
(47,2) : 3
(3,0) : 68
(7,0) : 25
(14,0) : 13
(9,0) : 33
(48,0) : 6
(1,0) : 152
(47,3) : 2
(48,1) : 10
(12,0) : 12
(16,0) : 9
(10,0) : 11
(2,0) : 88
(11,0) : 14
(20,0) : 3
(28,0) : 3
(8,0) : 20
(39,0) : 1
(47,0) : 2
(15,0) : 9
(23,0) : 1
(21,1) : 1
(44,4) : 2
(4,0) : 45
(32,0) : 3
(23,1) : 1
(5,0) : 34
(26,0) : 1
(20,1) : 1
(46,0) : 2
(5,1) : 2
(34,1) : 1
(8,2) : 1
(9,1) : 2
(13,0) : 4
(10,1) : 2
(38,0) : 1
(6,2) : 1
(27,0) : 2
(18,1) : 1
(13,1) : 1
(34,0) : 2
(3,1) : 1
(8,1) : 1
(39,4) : 1
(22,1) : 1
(6,1) : 2
(14,1) : 1
(1,1) : 3
(2,1) : 1
