pop size : 10000, betaG : 0.08500, lambdaH : 0.10000, lambdaW : 0.00100, gamma : 0.12500, Tmax : 150.00, threshold of infected : 0.010
0.37 0.32 0.13 0.12 0.04 0.02 
0.2192 0.12 0.08 0.06 0.05 0.045 0.04 0.035 0.03 0.02 0.02 0.02 0.015 0.015 0.015 0.015 0.001 0.001 0.001 0.001 0.001 0.001 0.001 0.001 0.001 0.001 0.001 0.001 0.001 0.001 0.001 0.001 0.001 0.001 0.001 0.001 0.001 0.001 0.001 0.001 0.001 0.0001 0.0001 0.0001 0.0001 0.0001 0.0001 0.0001 0.0001 0.175 
Proportion of infected at cutoff : 0.0100
Proportion of susceptibles at cutoff : 0.9761
(49,0) : 23
(50,0) : 45
(13,0) : 12
(14,0) : 14
(44,4) : 1
(5,0) : 23
(31,1) : 1
(48,1) : 13
(48,0) : 7
(15,0) : 10
(46,1) : 3
(4,0) : 45
(48,2) : 4
(49,1) : 15
(3,0) : 52
(2,0) : 86
(47,1) : 7
(16,0) : 10
(45,1) : 1
(9,0) : 15
(46,2) : 3
(11,0) : 10
(1,0) : 109
(12,0) : 15
(7,0) : 21
(24,0) : 1
(40,0) : 2
(26,0) : 2
(45,5) : 1
(6,0) : 31
(29,0) : 1
(47,2) : 2
(10,0) : 19
(12,1) : 2
(28,0) : 1
(15,1) : 1
(5,1) : 2
(21,0) : 1
(36,1) : 1
(47,3) : 1
(43,2) : 1
(11,1) : 1
(8,0) : 29
(8,1) : 2
(47,0) : 4
(25,1) : 1
(20,0) : 2
(0,0) : 1
(17,0) : 1
(31,0) : 1
(45,0) : 1
(4,1) : 4
(25,0) : 1
(7,1) : 2
(36,0) : 1
(32,0) : 1
(13,1) : 1
(39,0) : 1
(10,1) : 2
(42,5) : 1
(27,0) : 1
(10,2) : 1
(1,1) : 1
(2,1) : 1
