pop size : 10000, betaG : 0.08500, lambdaH : 0.10000, lambdaW : 0.00100, gamma : 0.12500, Tmax : 150.00, threshold of infected : 0.010
0.37 0.32 0.13 0.12 0.04 0.02 
0.2192 0.12 0.08 0.06 0.05 0.045 0.04 0.035 0.03 0.02 0.02 0.02 0.015 0.015 0.015 0.015 0.001 0.001 0.001 0.001 0.001 0.001 0.001 0.001 0.001 0.001 0.001 0.001 0.001 0.001 0.001 0.001 0.001 0.001 0.001 0.001 0.001 0.001 0.001 0.001 0.001 0.0001 0.0001 0.0001 0.0001 0.0001 0.0001 0.0001 0.0001 0.175 
Proportion of infected at cutoff : 0.0100
Proportion of susceptibles at cutoff : 0.9825
(50,0) : 72
(7,0) : 15
(44,2) : 1
(48,0) : 8
(49,0) : 17
(15,0) : 7
(49,1) : 21
(5,0) : 35
(14,0) : 11
(3,0) : 57
(48,2) : 7
(26,2) : 1
(13,0) : 4
(23,0) : 1
(48,1) : 7
(6,0) : 29
(47,1) : 2
(17,0) : 2
(12,0) : 14
(10,0) : 16
(2,0) : 75
(16,0) : 8
(4,0) : 43
(8,0) : 23
(1,0) : 134
(11,0) : 8
(22,0) : 1
(47,2) : 1
(9,0) : 16
(47,3) : 2
(47,0) : 1
(45,4) : 2
(27,0) : 3
(33,0) : 1
(26,0) : 1
(19,0) : 1
(30,1) : 1
(6,1) : 4
(9,1) : 2
(39,2) : 1
(30,0) : 1
(42,8) : 1
(11,1) : 1
(13,1) : 3
(20,0) : 1
(14,1) : 1
(7,1) : 2
(5,1) : 2
(26,1) : 1
(10,1) : 1
(8,1) : 2
(0,1) : 1
(1,1) : 2
(4,1) : 1
(12,1) : 1
(2,1) : 1
(0,0) : 1
