pop size : 10000, betaG : 0.08500, lambdaH : 0.10000, lambdaW : 0.00100, gamma : 0.12500, Tmax : 150.00, threshold of infected : 0.010
0.37 0.32 0.13 0.12 0.04 0.02 
0.2192 0.12 0.08 0.06 0.05 0.045 0.04 0.035 0.03 0.02 0.02 0.02 0.015 0.015 0.015 0.015 0.001 0.001 0.001 0.001 0.001 0.001 0.001 0.001 0.001 0.001 0.001 0.001 0.001 0.001 0.001 0.001 0.001 0.001 0.001 0.001 0.001 0.001 0.001 0.001 0.001 0.0001 0.0001 0.0001 0.0001 0.0001 0.0001 0.0001 0.0001 0.175 
Proportion of infected at cutoff : 0.0100
Proportion of susceptibles at cutoff : 0.9735
(49,0) : 31
(10,0) : 16
(13,0) : 10
(19,0) : 1
(48,2) : 4
(28,1) : 1
(48,0) : 11
(4,0) : 40
(50,0) : 36
(49,1) : 14
(5,0) : 42
(37,0) : 2
(3,0) : 65
(1,0) : 175
(6,1) : 4
(22,0) : 1
(44,0) : 1
(11,0) : 20
(47,1) : 3
(47,0) : 6
(9,0) : 30
(7,0) : 23
(16,0) : 10
(15,0) : 7
(6,0) : 28
(14,0) : 10
(46,2) : 3
(1,2) : 1
(47,3) : 3
(48,1) : 7
(46,1) : 1
(31,0) : 1
(27,0) : 2
(24,0) : 2
(2,0) : 75
(8,0) : 28
(12,1) : 2
(45,3) : 1
(4,1) : 2
(45,4) : 2
(47,2) : 2
(12,0) : 12
(39,1) : 1
(33,1) : 1
(46,0) : 1
(1,1) : 2
(11,1) : 4
(10,2) : 2
(45,1) : 1
(30,0) : 1
(45,0) : 1
(39,0) : 1
(17,0) : 1
(25,0) : 1
(41,0) : 1
(8,1) : 1
(15,1) : 1
(7,1) : 4
(46,3) : 1
(10,1) : 2
(2,1) : 1
(0,0) : 4
(3,1) : 1
