pop size : 10000, betaG : 0.08500, lambdaH : 0.10000, lambdaW : 0.00100, gamma : 0.12500, Tmax : 150.00, threshold of infected : 0.010
0.37 0.32 0.13 0.12 0.04 0.02 
0.2192 0.12 0.08 0.06 0.05 0.045 0.04 0.035 0.03 0.02 0.02 0.02 0.015 0.015 0.015 0.015 0.001 0.001 0.001 0.001 0.001 0.001 0.001 0.001 0.001 0.001 0.001 0.001 0.001 0.001 0.001 0.001 0.001 0.001 0.001 0.001 0.001 0.001 0.001 0.001 0.001 0.0001 0.0001 0.0001 0.0001 0.0001 0.0001 0.0001 0.0001 0.175 
Proportion of infected at cutoff : 0.0100
Proportion of susceptibles at cutoff : 0.9811
(49,0) : 18
(10,1) : 4
(8,0) : 18
(45,3) : 1
(2,0) : 79
(50,0) : 69
(48,0) : 5
(4,0) : 35
(48,1) : 6
(7,0) : 32
(5,0) : 39
(47,2) : 5
(16,0) : 7
(1,0) : 164
(3,0) : 64
(48,2) : 3
(6,0) : 33
(43,0) : 1
(47,3) : 3
(49,1) : 18
(12,1) : 1
(24,0) : 2
(45,5) : 1
(11,0) : 15
(15,0) : 8
(22,0) : 1
(44,5) : 1
(31,0) : 1
(34,1) : 1
(47,0) : 2
(14,0) : 4
(4,1) : 4
(35,1) : 1
(41,0) : 1
(9,0) : 22
(28,4) : 1
(39,0) : 1
(19,0) : 1
(46,2) : 1
(14,1) : 2
(32,0) : 1
(46,3) : 1
(47,1) : 1
(12,0) : 9
(33,0) : 1
(29,0) : 2
(36,1) : 1
(2,1) : 2
(10,0) : 13
(9,1) : 2
(20,0) : 1
(13,0) : 8
(23,0) : 1
(21,0) : 2
(5,1) : 1
(0,0) : 3
(1,1) : 3
(37,1) : 1
(11,1) : 1
(3,1) : 1
(13,1) : 1
(0,1) : 2
