pop size : 10000, betaG : 0.08500, lambdaH : 0.10000, lambdaW : 0.00100, gamma : 0.12500, Tmax : 150.00, threshold of infected : 0.010
0.37 0.32 0.13 0.12 0.04 0.02 
0.2192 0.12 0.08 0.06 0.05 0.045 0.04 0.035 0.03 0.02 0.02 0.02 0.015 0.015 0.015 0.015 0.001 0.001 0.001 0.001 0.001 0.001 0.001 0.001 0.001 0.001 0.001 0.001 0.001 0.001 0.001 0.001 0.001 0.001 0.001 0.001 0.001 0.001 0.001 0.001 0.001 0.0001 0.0001 0.0001 0.0001 0.0001 0.0001 0.0001 0.0001 0.175 
Proportion of infected at cutoff : 0.0100
Proportion of susceptibles at cutoff : 0.9741
(4,0) : 45
(8,0) : 26
(50,0) : 40
(47,0) : 4
(9,0) : 17
(49,0) : 31
(49,1) : 15
(11,1) : 2
(48,2) : 3
(7,0) : 35
(48,0) : 8
(32,0) : 1
(47,2) : 3
(14,0) : 4
(12,1) : 1
(6,0) : 26
(30,1) : 2
(37,0) : 1
(44,2) : 1
(12,0) : 19
(10,0) : 18
(35,0) : 3
(11,0) : 18
(5,0) : 39
(47,3) : 3
(15,0) : 9
(46,2) : 1
(47,1) : 2
(7,1) : 2
(20,0) : 1
(48,1) : 12
(16,0) : 5
(3,0) : 61
(45,4) : 1
(36,0) : 1
(33,0) : 3
(46,3) : 1
(2,0) : 94
(30,0) : 1
(23,0) : 1
(3,1) : 4
(1,0) : 150
(13,0) : 9
(13,1) : 1
(41,0) : 1
(0,1) : 3
(27,0) : 1
(46,0) : 2
(46,1) : 1
(9,1) : 2
(41,6) : 1
(8,1) : 1
(14,1) : 2
(26,0) : 1
(15,1) : 2
(40,0) : 1
(10,1) : 2
(22,0) : 1
(0,0) : 6
(6,1) : 1
(5,1) : 1
(12,2) : 1
(4,1) : 1
(2,1) : 2
(1,1) : 1
