pop size : 10000, betaG : 0.08500, lambdaH : 0.10000, lambdaW : 0.00100, gamma : 0.12500, Tmax : 150.00, threshold of infected : 0.010
0.37 0.32 0.13 0.12 0.04 0.02 
0.2192 0.12 0.08 0.06 0.05 0.045 0.04 0.035 0.03 0.02 0.02 0.02 0.015 0.015 0.015 0.015 0.001 0.001 0.001 0.001 0.001 0.001 0.001 0.001 0.001 0.001 0.001 0.001 0.001 0.001 0.001 0.001 0.001 0.001 0.001 0.001 0.001 0.001 0.001 0.001 0.001 0.0001 0.0001 0.0001 0.0001 0.0001 0.0001 0.0001 0.0001 0.175 
Proportion of infected at cutoff : 0.0100
Proportion of susceptibles at cutoff : 0.9805
(7,1) : 2
(50,0) : 57
(8,0) : 24
(49,0) : 18
(21,0) : 2
(4,0) : 45
(49,1) : 21
(33,1) : 1
(14,1) : 1
(5,0) : 40
(11,0) : 11
(9,0) : 21
(12,0) : 15
(10,0) : 17
(48,0) : 5
(47,3) : 1
(6,0) : 35
(13,0) : 14
(44,1) : 1
(12,1) : 1
(45,4) : 2
(38,0) : 1
(43,2) : 1
(48,1) : 7
(15,0) : 7
(48,2) : 5
(18,1) : 1
(23,1) : 1
(1,0) : 173
(45,1) : 1
(16,0) : 9
(47,0) : 1
(7,0) : 26
(44,0) : 1
(45,0) : 1
(26,0) : 1
(32,0) : 1
(2,0) : 94
(39,0) : 3
(14,0) : 6
(28,0) : 2
(35,0) : 1
(3,0) : 66
(20,1) : 1
(44,5) : 1
(47,2) : 2
(24,0) : 1
(43,0) : 1
(20,0) : 2
(22,0) : 1
(1,1) : 5
(39,1) : 1
(19,0) : 1
(34,0) : 1
(4,1) : 4
(47,1) : 1
(35,1) : 1
(8,1) : 2
(6,1) : 3
(5,1) : 2
(2,1) : 2
(9,1) : 2
(23,0) : 1
(25,3) : 1
(11,1) : 1
(29,0) : 1
(26,1) : 1
(0,0) : 3
(3,1) : 1
(0,1) : 1
