pop size : 10000, betaG : 0.08500, lambdaH : 0.10000, lambdaW : 0.00100, gamma : 0.12500, Tmax : 150.00, threshold of infected : 0.010
0.37 0.32 0.13 0.12 0.04 0.02 
0.2192 0.12 0.08 0.06 0.05 0.045 0.04 0.035 0.03 0.02 0.02 0.02 0.015 0.015 0.015 0.015 0.001 0.001 0.001 0.001 0.001 0.001 0.001 0.001 0.001 0.001 0.001 0.001 0.001 0.001 0.001 0.001 0.001 0.001 0.001 0.001 0.001 0.001 0.001 0.001 0.001 0.0001 0.0001 0.0001 0.0001 0.0001 0.0001 0.0001 0.0001 0.175 
Proportion of infected at cutoff : 0.0100
Proportion of susceptibles at cutoff : 0.9793
(50,0) : 65
(49,1) : 24
(14,0) : 9
(49,0) : 22
(10,0) : 11
(43,1) : 1
(46,1) : 1
(47,2) : 4
(48,2) : 6
(43,2) : 1
(24,0) : 3
(47,1) : 2
(23,0) : 2
(7,0) : 19
(10,1) : 2
(1,0) : 152
(2,0) : 69
(48,0) : 6
(12,0) : 5
(48,1) : 5
(8,0) : 31
(25,2) : 1
(4,0) : 42
(16,0) : 6
(39,1) : 1
(5,0) : 28
(35,0) : 1
(15,0) : 7
(6,0) : 37
(9,1) : 2
(47,3) : 2
(46,3) : 1
(3,0) : 42
(47,0) : 1
(11,0) : 8
(39,0) : 2
(13,0) : 7
(42,0) : 1
(6,1) : 3
(45,3) : 1
(18,0) : 1
(25,0) : 1
(12,1) : 2
(9,0) : 13
(6,2) : 1
(30,1) : 1
(8,1) : 1
(19,0) : 1
(27,0) : 1
(2,1) : 2
(44,4) : 1
(12,2) : 1
(14,1) : 1
(1,1) : 2
(29,1) : 1
(30,0) : 1
(3,1) : 1
(7,1) : 2
(5,1) : 1
(0,1) : 1
