pop size : 10000, betaG : 0.08500, lambdaH : 0.10000, lambdaW : 0.00100, gamma : 0.12500, Tmax : 150.00, threshold of infected : 0.010
0.37 0.32 0.13 0.12 0.04 0.02 
0.2192 0.12 0.08 0.06 0.05 0.045 0.04 0.035 0.03 0.02 0.02 0.02 0.015 0.015 0.015 0.015 0.001 0.001 0.001 0.001 0.001 0.001 0.001 0.001 0.001 0.001 0.001 0.001 0.001 0.001 0.001 0.001 0.001 0.001 0.001 0.001 0.001 0.001 0.001 0.001 0.001 0.0001 0.0001 0.0001 0.0001 0.0001 0.0001 0.0001 0.0001 0.175 
Proportion of infected at cutoff : 0.0100
Proportion of susceptibles at cutoff : 0.9835
(50,0) : 63
(49,0) : 17
(47,2) : 2
(21,0) : 1
(48,0) : 3
(16,0) : 5
(12,0) : 17
(10,0) : 12
(8,0) : 29
(7,0) : 40
(11,0) : 13
(49,1) : 20
(14,0) : 5
(4,0) : 50
(47,1) : 1
(47,3) : 3
(37,0) : 1
(15,0) : 8
(5,0) : 39
(46,3) : 3
(6,0) : 31
(2,0) : 88
(20,1) : 1
(48,2) : 7
(1,0) : 175
(8,1) : 2
(13,1) : 2
(36,0) : 2
(48,1) : 12
(19,1) : 2
(9,0) : 14
(3,0) : 66
(40,1) : 1
(2,1) : 2
(13,0) : 9
(30,0) : 2
(46,1) : 1
(42,2) : 1
(9,1) : 1
(37,1) : 1
(33,0) : 1
(41,0) : 1
(3,1) : 4
(20,0) : 2
(24,0) : 1
(40,0) : 1
(0,0) : 1
(19,0) : 1
(6,1) : 1
(5,1) : 3
(12,1) : 1
(14,1) : 1
(4,1) : 2
(22,0) : 1
(10,1) : 2
(0,1) : 2
