pop size : 10000, betaG : 0.08500, lambdaH : 0.10000, lambdaW : 0.00100, gamma : 0.12500, Tmax : 150.00, threshold of infected : 0.010
0.37 0.32 0.13 0.12 0.04 0.02 
0.2192 0.12 0.08 0.06 0.05 0.045 0.04 0.035 0.03 0.02 0.02 0.02 0.015 0.015 0.015 0.015 0.001 0.001 0.001 0.001 0.001 0.001 0.001 0.001 0.001 0.001 0.001 0.001 0.001 0.001 0.001 0.001 0.001 0.001 0.001 0.001 0.001 0.001 0.001 0.001 0.001 0.0001 0.0001 0.0001 0.0001 0.0001 0.0001 0.0001 0.0001 0.175 
Proportion of infected at cutoff : 0.0100
Proportion of susceptibles at cutoff : 0.9785
(47,2) : 3
(3,0) : 49
(50,0) : 58
(48,2) : 4
(44,2) : 1
(49,1) : 22
(46,1) : 1
(45,2) : 1
(48,1) : 5
(27,0) : 3
(49,0) : 20
(32,0) : 1
(9,0) : 17
(38,0) : 1
(47,1) : 6
(11,0) : 16
(48,0) : 6
(4,0) : 52
(13,0) : 6
(47,3) : 4
(3,1) : 2
(2,0) : 70
(16,0) : 8
(47,0) : 2
(45,3) : 1
(5,0) : 29
(38,1) : 1
(15,0) : 15
(7,0) : 18
(12,0) : 11
(17,1) : 1
(6,0) : 32
(30,0) : 2
(14,0) : 10
(7,1) : 2
(36,0) : 1
(10,0) : 10
(29,0) : 1
(35,0) : 1
(1,0) : 145
(28,0) : 2
(8,0) : 16
(34,0) : 1
(26,1) : 1
(45,0) : 1
(37,1) : 1
(45,5) : 1
(13,1) : 2
(24,0) : 1
(37,0) : 1
(10,1) : 1
(23,0) : 1
(41,5) : 1
(5,1) : 1
(9,1) : 1
(6,1) : 2
(2,1) : 1
(0,1) : 2
(4,1) : 1
(20,0) : 1
(14,1) : 1
(2,2) : 1
(1,1) : 1
(0,0) : 2
