pop size : 10000, betaG : 0.08500, lambdaH : 0.10000, lambdaW : 0.00100, gamma : 0.12500, Tmax : 150.00, threshold of infected : 0.010
0.37 0.32 0.13 0.12 0.04 0.02 
0.2192 0.12 0.08 0.06 0.05 0.045 0.04 0.035 0.03 0.02 0.02 0.02 0.015 0.015 0.015 0.015 0.001 0.001 0.001 0.001 0.001 0.001 0.001 0.001 0.001 0.001 0.001 0.001 0.001 0.001 0.001 0.001 0.001 0.001 0.001 0.001 0.001 0.001 0.001 0.001 0.001 0.0001 0.0001 0.0001 0.0001 0.0001 0.0001 0.0001 0.0001 0.175 
Proportion of infected at cutoff : 0.0100
Proportion of susceptibles at cutoff : 0.9840
(50,0) : 60
(49,1) : 31
(48,1) : 7
(6,0) : 42
(3,0) : 66
(25,0) : 2
(11,0) : 21
(10,0) : 17
(26,0) : 2
(1,0) : 189
(47,3) : 3
(5,0) : 38
(36,1) : 1
(49,0) : 16
(46,1) : 1
(8,0) : 29
(2,0) : 85
(13,0) : 9
(12,0) : 16
(36,0) : 1
(33,0) : 1
(8,1) : 2
(37,0) : 1
(16,0) : 6
(15,0) : 6
(4,0) : 56
(7,0) : 28
(39,0) : 1
(34,1) : 1
(47,1) : 1
(48,2) : 5
(9,0) : 18
(14,0) : 4
(48,0) : 1
(46,3) : 1
(46,2) : 2
(32,0) : 2
(4,2) : 1
(1,1) : 3
(26,2) : 1
(7,1) : 3
(20,0) : 1
(14,1) : 1
(9,1) : 1
(2,1) : 4
(47,2) : 1
(25,1) : 1
(13,1) : 2
(47,0) : 1
(17,0) : 1
(6,1) : 1
(15,1) : 1
(40,0) : 1
(19,0) : 1
(11,1) : 2
(0,1) : 2
(0,0) : 3
(4,1) : 1
(6,2) : 1
