pop size : 10000, betaG : 0.08500, lambdaH : 0.10000, lambdaW : 0.00100, gamma : 0.12500, Tmax : 150.00, threshold of infected : 0.010
0.37 0.32 0.13 0.12 0.04 0.02 
0.2192 0.12 0.08 0.06 0.05 0.045 0.04 0.035 0.03 0.02 0.02 0.02 0.015 0.015 0.015 0.015 0.001 0.001 0.001 0.001 0.001 0.001 0.001 0.001 0.001 0.001 0.001 0.001 0.001 0.001 0.001 0.001 0.001 0.001 0.001 0.001 0.001 0.001 0.001 0.001 0.001 0.0001 0.0001 0.0001 0.0001 0.0001 0.0001 0.0001 0.0001 0.175 
Proportion of infected at cutoff : 0.0100
Proportion of susceptibles at cutoff : 0.9806
(50,0) : 53
(5,0) : 41
(49,1) : 21
(8,0) : 24
(47,2) : 5
(11,0) : 13
(12,0) : 12
(49,0) : 23
(47,1) : 6
(42,0) : 1
(46,3) : 1
(4,0) : 50
(7,0) : 31
(15,0) : 17
(6,0) : 30
(48,0) : 7
(20,0) : 2
(38,0) : 2
(1,0) : 182
(32,1) : 1
(42,2) : 1
(30,0) : 1
(41,0) : 1
(38,2) : 1
(9,0) : 22
(48,2) : 5
(14,0) : 13
(10,1) : 4
(22,0) : 1
(3,0) : 59
(2,0) : 78
(16,0) : 9
(37,0) : 1
(13,0) : 6
(46,2) : 4
(21,0) : 1
(7,1) : 3
(47,3) : 1
(46,1) : 1
(24,1) : 1
(47,0) : 1
(23,0) : 1
(10,0) : 10
(14,1) : 2
(18,0) : 1
(34,0) : 1
(5,1) : 3
(4,1) : 2
(15,1) : 1
(17,0) : 1
(11,1) : 2
(39,0) : 1
(32,5) : 1
(3,1) : 2
(6,1) : 1
(9,1) : 1
(2,1) : 2
(1,1) : 2
(0,1) : 2
