pop size : 10000, betaG : 0.08500, lambdaH : 0.10000, lambdaW : 0.00100, gamma : 0.12500, Tmax : 150.00, threshold of infected : 0.010
0.37 0.32 0.13 0.12 0.04 0.02 
0.2192 0.12 0.08 0.06 0.05 0.045 0.04 0.035 0.03 0.02 0.02 0.02 0.015 0.015 0.015 0.015 0.001 0.001 0.001 0.001 0.001 0.001 0.001 0.001 0.001 0.001 0.001 0.001 0.001 0.001 0.001 0.001 0.001 0.001 0.001 0.001 0.001 0.001 0.001 0.001 0.001 0.0001 0.0001 0.0001 0.0001 0.0001 0.0001 0.0001 0.0001 0.175 
Proportion of infected at cutoff : 0.0100
Proportion of susceptibles at cutoff : 0.9793
(49,0) : 21
(45,2) : 1
(49,1) : 25
(5,0) : 36
(35,0) : 1
(50,0) : 48
(3,0) : 75
(48,1) : 11
(6,1) : 1
(2,0) : 83
(10,0) : 14
(11,0) : 26
(8,1) : 1
(48,2) : 4
(4,0) : 56
(36,0) : 1
(32,0) : 1
(9,1) : 2
(8,0) : 31
(47,2) : 1
(46,3) : 1
(46,0) : 1
(1,0) : 174
(14,0) : 7
(13,0) : 11
(48,0) : 4
(33,0) : 1
(16,0) : 12
(6,0) : 28
(47,0) : 3
(9,0) : 25
(7,0) : 26
(47,1) : 4
(44,3) : 1
(25,0) : 1
(15,0) : 6
(12,1) : 3
(37,0) : 1
(14,1) : 3
(42,3) : 1
(46,2) : 1
(19,0) : 1
(29,0) : 1
(12,0) : 7
(8,2) : 1
(22,0) : 1
(15,1) : 2
(27,0) : 3
(28,0) : 1
(17,0) : 2
(41,0) : 1
(31,1) : 1
(0,0) : 1
(9,2) : 1
(10,1) : 1
(4,1) : 2
(19,2) : 1
(26,0) : 1
(1,1) : 1
(11,3) : 1
(13,1) : 1
(3,1) : 3
(7,1) : 1
(2,1) : 4
(0,1) : 1
(5,1) : 1
