pop size : 10000, betaG : 0.08500, lambdaH : 0.10000, lambdaW : 0.00100, gamma : 0.12500, Tmax : 150.00, threshold of infected : 0.010
0.37 0.32 0.13 0.12 0.04 0.02 
0.2192 0.12 0.08 0.06 0.05 0.045 0.04 0.035 0.03 0.02 0.02 0.02 0.015 0.015 0.015 0.015 0.001 0.001 0.001 0.001 0.001 0.001 0.001 0.001 0.001 0.001 0.001 0.001 0.001 0.001 0.001 0.001 0.001 0.001 0.001 0.001 0.001 0.001 0.001 0.001 0.001 0.0001 0.0001 0.0001 0.0001 0.0001 0.0001 0.0001 0.0001 0.175 
Proportion of infected at cutoff : 0.0100
Proportion of susceptibles at cutoff : 0.9718
(49,0) : 20
(50,0) : 51
(49,1) : 14
(47,2) : 3
(7,0) : 21
(12,0) : 11
(48,1) : 11
(48,0) : 12
(11,0) : 12
(18,0) : 2
(15,0) : 8
(4,0) : 40
(42,1) : 1
(3,0) : 60
(1,0) : 156
(8,0) : 28
(48,2) : 4
(43,0) : 1
(4,1) : 4
(2,0) : 84
(25,0) : 3
(47,1) : 5
(6,0) : 34
(42,3) : 1
(32,0) : 1
(9,0) : 24
(45,2) : 2
(47,0) : 3
(17,1) : 1
(13,0) : 6
(46,2) : 2
(46,1) : 1
(2,1) : 2
(10,0) : 11
(13,1) : 1
(31,1) : 1
(14,0) : 9
(27,1) : 1
(42,2) : 1
(14,1) : 1
(37,0) : 2
(40,0) : 1
(34,0) : 2
(45,1) : 1
(10,1) : 3
(16,0) : 5
(5,0) : 21
(36,0) : 1
(41,4) : 1
(42,0) : 1
(11,1) : 2
(38,0) : 1
(27,0) : 2
(7,1) : 2
(28,1) : 1
(5,1) : 2
(43,2) : 1
(21,1) : 1
(3,1) : 3
(35,1) : 1
(15,1) : 2
(0,1) : 2
(6,1) : 1
(1,1) : 3
(0,0) : 1
