pop size : 10000, betaG : 0.08500, lambdaH : 0.10000, lambdaW : 0.00100, gamma : 0.12500, Tmax : 150.00, threshold of infected : 0.010
0.37 0.32 0.13 0.12 0.04 0.02 
0.2192 0.12 0.08 0.06 0.05 0.045 0.04 0.035 0.03 0.02 0.02 0.02 0.015 0.015 0.015 0.015 0.001 0.001 0.001 0.001 0.001 0.001 0.001 0.001 0.001 0.001 0.001 0.001 0.001 0.001 0.001 0.001 0.001 0.001 0.001 0.001 0.001 0.001 0.001 0.001 0.001 0.0001 0.0001 0.0001 0.0001 0.0001 0.0001 0.0001 0.0001 0.175 
Proportion of infected at cutoff : 0.0100
Proportion of susceptibles at cutoff : 0.9742
(47,0) : 3
(50,0) : 42
(49,1) : 12
(49,0) : 27
(3,0) : 71
(9,0) : 26
(44,2) : 1
(10,0) : 19
(14,0) : 10
(13,0) : 8
(46,3) : 2
(48,1) : 8
(33,0) : 2
(39,1) : 2
(41,0) : 2
(7,0) : 27
(4,0) : 31
(42,2) : 1
(15,0) : 13
(47,2) : 4
(12,0) : 15
(2,0) : 112
(47,3) : 3
(36,0) : 1
(8,0) : 28
(48,2) : 4
(16,0) : 13
(11,1) : 2
(45,3) : 2
(1,0) : 173
(11,0) : 11
(48,0) : 5
(47,1) : 4
(46,0) : 1
(10,1) : 1
(5,0) : 38
(46,1) : 2
(24,0) : 1
(34,0) : 1
(34,1) : 1
(27,1) : 1
(31,1) : 1
(26,0) : 2
(15,1) : 1
(27,0) : 1
(6,0) : 26
(42,0) : 1
(16,1) : 1
(45,1) : 1
(7,1) : 2
(46,2) : 1
(25,0) : 1
(35,0) : 1
(13,2) : 1
(1,1) : 1
(14,1) : 3
(22,0) : 1
(31,0) : 2
(6,1) : 2
(26,3) : 1
(0,0) : 4
(8,1) : 1
(31,2) : 1
(4,1) : 1
(2,1) : 2
(0,1) : 1
