pop size : 10000, betaG : 0.08500, lambdaH : 0.10000, lambdaW : 0.00100, gamma : 0.12500, Tmax : 150.00, threshold of infected : 0.010
0.37 0.32 0.13 0.12 0.04 0.02 
0.2192 0.12 0.08 0.06 0.05 0.045 0.04 0.035 0.03 0.02 0.02 0.02 0.015 0.015 0.015 0.015 0.001 0.001 0.001 0.001 0.001 0.001 0.001 0.001 0.001 0.001 0.001 0.001 0.001 0.001 0.001 0.001 0.001 0.001 0.001 0.001 0.001 0.001 0.001 0.001 0.001 0.0001 0.0001 0.0001 0.0001 0.0001 0.0001 0.0001 0.0001 0.175 
Proportion of infected at cutoff : 0.0100
Proportion of susceptibles at cutoff : 0.9771
(7,0) : 30
(50,0) : 51
(47,1) : 3
(49,1) : 16
(49,0) : 26
(48,0) : 9
(47,3) : 3
(47,0) : 5
(48,1) : 6
(10,0) : 6
(5,0) : 47
(48,2) : 11
(11,0) : 15
(33,0) : 2
(4,0) : 49
(37,0) : 1
(1,0) : 159
(16,0) : 9
(15,0) : 13
(9,0) : 19
(3,0) : 59
(8,0) : 26
(13,0) : 7
(14,0) : 9
(6,0) : 38
(36,0) : 1
(47,2) : 2
(2,0) : 89
(45,4) : 1
(11,1) : 2
(44,4) : 1
(42,3) : 1
(24,0) : 1
(12,1) : 3
(0,0) : 3
(15,1) : 2
(32,0) : 2
(12,0) : 11
(3,1) : 3
(20,0) : 1
(16,1) : 1
(43,4) : 1
(8,1) : 2
(10,1) : 1
(29,0) : 1
(4,1) : 3
(1,1) : 3
(5,1) : 2
(6,1) : 1
(7,1) : 1
(2,1) : 1
