pop size : 10000, betaG : 0.08500, lambdaH : 0.10000, lambdaW : 0.00100, gamma : 0.12500, Tmax : 150.00, threshold of infected : 0.010
0.37 0.32 0.13 0.12 0.04 0.02 
0.2192 0.12 0.08 0.06 0.05 0.045 0.04 0.035 0.03 0.02 0.02 0.02 0.015 0.015 0.015 0.015 0.001 0.001 0.001 0.001 0.001 0.001 0.001 0.001 0.001 0.001 0.001 0.001 0.001 0.001 0.001 0.001 0.001 0.001 0.001 0.001 0.001 0.001 0.001 0.001 0.001 0.0001 0.0001 0.0001 0.0001 0.0001 0.0001 0.0001 0.0001 0.175 
Proportion of infected at cutoff : 0.0100
Proportion of susceptibles at cutoff : 0.9783
(1,0) : 189
(50,0) : 51
(11,0) : 16
(48,0) : 6
(9,0) : 15
(47,2) : 4
(48,2) : 4
(5,0) : 33
(47,0) : 3
(39,2) : 1
(49,0) : 22
(32,0) : 1
(49,1) : 21
(48,1) : 9
(9,1) : 1
(13,0) : 7
(31,0) : 2
(4,0) : 45
(39,0) : 1
(14,0) : 10
(3,0) : 70
(7,0) : 24
(47,3) : 2
(23,0) : 2
(2,0) : 89
(28,0) : 3
(43,5) : 1
(8,0) : 16
(13,1) : 2
(12,0) : 16
(30,0) : 1
(15,0) : 5
(16,0) : 10
(38,3) : 1
(40,0) : 1
(37,0) : 1
(10,1) : 1
(17,0) : 2
(22,0) : 2
(44,3) : 1
(35,0) : 1
(6,0) : 25
(23,1) : 1
(47,1) : 2
(46,0) : 1
(14,1) : 2
(10,0) : 11
(12,1) : 1
(36,0) : 1
(46,3) : 1
(34,0) : 1
(33,1) : 1
(38,1) : 1
(45,3) : 1
(46,1) : 2
(0,1) : 4
(11,1) : 2
(19,0) : 1
(3,1) : 2
(26,0) : 1
(8,1) : 1
(7,1) : 3
(4,1) : 1
(17,1) : 1
(2,1) : 1
(0,0) : 1
