pop size : 10000, betaG : 0.08500, lambdaH : 0.10000, lambdaW : 0.00100, gamma : 0.12500, Tmax : 150.00, threshold of infected : 0.010
0.37 0.32 0.13 0.12 0.04 0.02 
0.2192 0.12 0.08 0.06 0.05 0.045 0.04 0.035 0.03 0.02 0.02 0.02 0.015 0.015 0.015 0.015 0.001 0.001 0.001 0.001 0.001 0.001 0.001 0.001 0.001 0.001 0.001 0.001 0.001 0.001 0.001 0.001 0.001 0.001 0.001 0.001 0.001 0.001 0.001 0.001 0.001 0.0001 0.0001 0.0001 0.0001 0.0001 0.0001 0.0001 0.0001 0.175 
Proportion of infected at cutoff : 0.0100
Proportion of susceptibles at cutoff : 0.9751
(50,0) : 48
(6,0) : 36
(38,0) : 1
(11,0) : 17
(25,0) : 1
(48,0) : 8
(49,0) : 18
(1,0) : 186
(12,1) : 1
(5,0) : 34
(49,1) : 17
(14,0) : 12
(12,0) : 12
(33,0) : 3
(8,0) : 28
(13,2) : 1
(46,3) : 3
(36,0) : 1
(46,2) : 3
(47,1) : 5
(26,1) : 2
(7,0) : 30
(48,1) : 11
(47,0) : 4
(4,0) : 56
(9,0) : 23
(14,1) : 1
(3,0) : 62
(15,0) : 10
(45,3) : 1
(13,0) : 10
(10,0) : 23
(46,4) : 1
(2,0) : 84
(35,0) : 1
(22,0) : 1
(46,1) : 2
(7,2) : 1
(43,2) : 1
(8,1) : 3
(46,0) : 1
(8,2) : 1
(48,2) : 2
(16,0) : 9
(45,0) : 1
(20,0) : 1
(4,1) : 3
(13,1) : 2
(24,0) : 1
(44,3) : 1
(9,1) : 2
(38,1) : 1
(7,1) : 2
(31,0) : 1
(3,1) : 4
(6,1) : 4
(19,0) : 1
(0,0) : 1
(0,1) : 2
(1,1) : 1
