pop size : 10000, betaG : 0.08500, lambdaH : 0.10000, lambdaW : 0.00100, gamma : 0.12500, Tmax : 150.00, threshold of infected : 0.010
0.37 0.32 0.13 0.12 0.04 0.02 
0.2192 0.12 0.08 0.06 0.05 0.045 0.04 0.035 0.03 0.02 0.02 0.02 0.015 0.015 0.015 0.015 0.001 0.001 0.001 0.001 0.001 0.001 0.001 0.001 0.001 0.001 0.001 0.001 0.001 0.001 0.001 0.001 0.001 0.001 0.001 0.001 0.001 0.001 0.001 0.001 0.001 0.0001 0.0001 0.0001 0.0001 0.0001 0.0001 0.0001 0.0001 0.175 
Proportion of infected at cutoff : 0.0100
Proportion of susceptibles at cutoff : 0.9788
(49,1) : 29
(47,1) : 8
(50,0) : 49
(47,2) : 3
(4,0) : 43
(13,0) : 7
(46,2) : 2
(15,0) : 6
(49,0) : 18
(8,0) : 21
(48,0) : 4
(48,2) : 4
(14,0) : 13
(40,0) : 2
(44,2) : 2
(9,0) : 18
(1,0) : 140
(48,1) : 6
(3,0) : 53
(7,0) : 33
(36,0) : 1
(2,0) : 84
(47,3) : 2
(27,0) : 2
(11,0) : 8
(47,0) : 3
(5,0) : 33
(46,1) : 3
(16,0) : 7
(12,0) : 9
(6,0) : 28
(6,1) : 2
(14,2) : 1
(10,0) : 15
(45,0) : 1
(30,0) : 1
(32,2) : 1
(33,0) : 6
(3,1) : 2
(28,0) : 1
(0,0) : 1
(20,0) : 3
(7,1) : 1
(5,1) : 1
(22,0) : 1
(25,0) : 1
(37,2) : 1
(38,2) : 1
(32,0) : 1
(21,0) : 1
(35,0) : 2
(19,0) : 1
(13,1) : 1
(12,1) : 2
(13,3) : 1
(9,1) : 1
(4,1) : 1
(2,1) : 2
(1,1) : 1
(0,1) : 1
