pop size : 10000, betaG : 0.08500, lambdaH : 0.10000, lambdaW : 0.00100, gamma : 0.12500, Tmax : 150.00, threshold of infected : 0.010
0.37 0.32 0.13 0.12 0.04 0.02 
0.2192 0.12 0.08 0.06 0.05 0.045 0.04 0.035 0.03 0.02 0.02 0.02 0.015 0.015 0.015 0.015 0.001 0.001 0.001 0.001 0.001 0.001 0.001 0.001 0.001 0.001 0.001 0.001 0.001 0.001 0.001 0.001 0.001 0.001 0.001 0.001 0.001 0.001 0.001 0.001 0.001 0.0001 0.0001 0.0001 0.0001 0.0001 0.0001 0.0001 0.0001 0.175 
Proportion of infected at cutoff : 0.0100
Proportion of susceptibles at cutoff : 0.9783
(48,1) : 14
(50,0) : 52
(10,0) : 10
(48,0) : 10
(49,0) : 18
(46,1) : 3
(49,1) : 21
(28,1) : 2
(8,0) : 24
(44,1) : 1
(48,2) : 3
(14,0) : 12
(29,0) : 1
(39,0) : 2
(5,0) : 41
(13,1) : 4
(9,0) : 17
(45,4) : 1
(33,0) : 1
(11,0) : 11
(2,0) : 77
(46,3) : 1
(15,1) : 4
(7,0) : 28
(12,0) : 14
(1,0) : 178
(4,0) : 41
(3,0) : 43
(19,0) : 1
(47,1) : 1
(32,0) : 2
(20,1) : 1
(15,0) : 13
(45,1) : 1
(6,1) : 2
(6,0) : 34
(47,2) : 2
(13,0) : 9
(34,0) : 1
(16,0) : 4
(45,2) : 1
(17,0) : 2
(4,1) : 1
(27,0) : 1
(19,1) : 1
(32,1) : 1
(46,4) : 1
(23,0) : 1
(45,3) : 1
(21,0) : 2
(24,0) : 1
(30,1) : 1
(37,1) : 1
(31,0) : 1
(8,1) : 3
(9,1) : 2
(26,0) : 1
(1,1) : 4
(11,1) : 1
(5,1) : 2
(3,1) : 2
(14,1) : 1
