pop size : 10000, betaG : 0.08500, lambdaH : 0.10000, lambdaW : 0.00100, gamma : 0.12500, Tmax : 150.00, threshold of infected : 0.010
0.37 0.32 0.13 0.12 0.04 0.02 
0.2192 0.12 0.08 0.06 0.05 0.045 0.04 0.035 0.03 0.02 0.02 0.02 0.015 0.015 0.015 0.015 0.001 0.001 0.001 0.001 0.001 0.001 0.001 0.001 0.001 0.001 0.001 0.001 0.001 0.001 0.001 0.001 0.001 0.001 0.001 0.001 0.001 0.001 0.001 0.001 0.001 0.0001 0.0001 0.0001 0.0001 0.0001 0.0001 0.0001 0.0001 0.175 
Proportion of infected at cutoff : 0.0100
Proportion of susceptibles at cutoff : 0.9700
(48,1) : 11
(5,0) : 38
(50,0) : 37
(25,0) : 3
(47,1) : 9
(4,0) : 47
(12,0) : 12
(15,0) : 8
(8,0) : 36
(49,0) : 27
(49,1) : 10
(1,0) : 167
(48,0) : 12
(6,0) : 34
(10,0) : 19
(45,1) : 1
(36,0) : 1
(47,3) : 1
(37,0) : 1
(31,0) : 3
(23,0) : 1
(43,3) : 1
(3,0) : 69
(13,0) : 12
(28,0) : 1
(7,0) : 22
(47,0) : 5
(9,0) : 16
(45,4) : 2
(47,2) : 3
(29,1) : 1
(16,0) : 8
(2,0) : 101
(11,0) : 8
(14,0) : 5
(46,0) : 1
(29,0) : 1
(46,2) : 3
(43,0) : 2
(27,0) : 1
(6,1) : 1
(34,0) : 2
(45,3) : 1
(37,1) : 1
(41,0) : 1
(41,4) : 1
(12,1) : 1
(45,2) : 1
(26,1) : 1
(3,1) : 2
(27,1) : 1
(5,1) : 1
(46,1) : 1
(8,1) : 2
(44,2) : 1
(18,1) : 1
(4,1) : 1
(20,2) : 1
(9,1) : 2
(22,0) : 1
(24,0) : 1
(7,1) : 3
(13,2) : 1
(10,1) : 1
(2,1) : 1
(3,2) : 1
(0,1) : 3
(0,0) : 2
(1,1) : 2
