pop size : 10000, betaG : 0.08500, lambdaH : 0.10000, lambdaW : 0.00100, gamma : 0.12500, Tmax : 150.00, threshold of infected : 0.010
0.37 0.32 0.13 0.12 0.04 0.02 
0.2192 0.12 0.08 0.06 0.05 0.045 0.04 0.035 0.03 0.02 0.02 0.02 0.015 0.015 0.015 0.015 0.001 0.001 0.001 0.001 0.001 0.001 0.001 0.001 0.001 0.001 0.001 0.001 0.001 0.001 0.001 0.001 0.001 0.001 0.001 0.001 0.001 0.001 0.001 0.001 0.001 0.0001 0.0001 0.0001 0.0001 0.0001 0.0001 0.0001 0.0001 0.175 
Proportion of infected at cutoff : 0.0100
Proportion of susceptibles at cutoff : 0.9780
(8,0) : 20
(49,1) : 14
(48,1) : 8
(46,1) : 2
(44,4) : 2
(45,2) : 1
(40,0) : 1
(36,0) : 1
(14,0) : 12
(48,2) : 4
(5,0) : 53
(46,3) : 2
(1,0) : 174
(49,0) : 25
(46,4) : 1
(47,2) : 4
(4,0) : 36
(50,0) : 52
(9,0) : 20
(27,0) : 2
(12,0) : 16
(7,0) : 31
(13,0) : 8
(2,0) : 101
(47,3) : 1
(38,0) : 1
(6,1) : 4
(16,0) : 6
(6,0) : 46
(36,1) : 1
(3,0) : 66
(34,2) : 1
(48,0) : 8
(10,0) : 9
(35,0) : 2
(11,0) : 12
(35,2) : 1
(30,0) : 1
(26,0) : 1
(46,0) : 1
(23,0) : 1
(13,2) : 1
(15,0) : 7
(5,1) : 3
(14,1) : 5
(7,1) : 2
(11,1) : 1
(29,0) : 1
(31,0) : 1
(25,0) : 1
(34,0) : 1
(37,0) : 1
(43,5) : 1
(22,0) : 1
(17,0) : 1
(12,1) : 1
(21,0) : 1
(39,0) : 1
(20,0) : 1
(47,1) : 1
(1,1) : 2
(4,1) : 1
(0,0) : 5
(4,2) : 1
(2,1) : 3
