pop size : 10000, betaG : 0.08500, lambdaH : 0.10000, lambdaW : 0.00100, gamma : 0.12500, Tmax : 150.00, threshold of infected : 0.010
0.37 0.32 0.13 0.12 0.04 0.02 
0.2192 0.12 0.08 0.06 0.05 0.045 0.04 0.035 0.03 0.02 0.02 0.02 0.015 0.015 0.015 0.015 0.001 0.001 0.001 0.001 0.001 0.001 0.001 0.001 0.001 0.001 0.001 0.001 0.001 0.001 0.001 0.001 0.001 0.001 0.001 0.001 0.001 0.001 0.001 0.001 0.001 0.0001 0.0001 0.0001 0.0001 0.0001 0.0001 0.0001 0.0001 0.175 
Proportion of infected at cutoff : 0.0100
Proportion of susceptibles at cutoff : 0.9781
(48,0) : 6
(50,0) : 57
(49,1) : 23
(49,0) : 19
(46,1) : 5
(4,0) : 41
(3,0) : 44
(6,0) : 29
(5,0) : 34
(1,0) : 167
(47,1) : 5
(14,0) : 12
(47,2) : 4
(46,3) : 1
(12,0) : 8
(47,0) : 1
(30,0) : 2
(24,0) : 3
(48,1) : 8
(15,1) : 2
(8,0) : 26
(16,0) : 10
(30,2) : 1
(45,2) : 1
(0,1) : 3
(10,0) : 10
(48,2) : 3
(15,0) : 8
(7,0) : 22
(34,0) : 1
(13,0) : 11
(43,1) : 1
(27,0) : 1
(9,0) : 25
(9,1) : 2
(2,0) : 82
(29,0) : 1
(42,0) : 2
(12,2) : 1
(13,1) : 2
(5,1) : 1
(19,0) : 1
(10,1) : 1
(11,1) : 1
(45,4) : 1
(47,3) : 1
(26,0) : 1
(40,1) : 1
(11,0) : 8
(37,0) : 1
(12,1) : 2
(1,1) : 3
(28,0) : 1
(27,2) : 1
(21,0) : 1
(2,1) : 3
(4,1) : 1
(6,1) : 1
(6,2) : 1
(0,0) : 2
(3,1) : 1
