pop size : 10000, betaG : 0.08500, lambdaH : 0.10000, lambdaW : 0.00100, gamma : 0.12500, Tmax : 150.00, threshold of infected : 0.010
0.37 0.32 0.13 0.12 0.04 0.02 
0.2192 0.12 0.08 0.06 0.05 0.045 0.04 0.035 0.03 0.02 0.02 0.02 0.015 0.015 0.015 0.015 0.001 0.001 0.001 0.001 0.001 0.001 0.001 0.001 0.001 0.001 0.001 0.001 0.001 0.001 0.001 0.001 0.001 0.001 0.001 0.001 0.001 0.001 0.001 0.001 0.001 0.0001 0.0001 0.0001 0.0001 0.0001 0.0001 0.0001 0.0001 0.175 
Proportion of infected at cutoff : 0.0100
Proportion of susceptibles at cutoff : 0.9790
(48,1) : 12
(48,2) : 4
(6,0) : 28
(47,3) : 2
(50,0) : 55
(8,0) : 22
(49,0) : 16
(11,0) : 17
(49,1) : 21
(48,0) : 6
(47,1) : 4
(12,0) : 17
(15,0) : 12
(1,0) : 164
(39,0) : 1
(37,0) : 2
(13,0) : 5
(44,3) : 3
(9,1) : 1
(28,0) : 1
(5,0) : 40
(30,1) : 2
(7,0) : 35
(14,1) : 2
(3,0) : 65
(10,0) : 14
(26,0) : 1
(45,4) : 1
(9,0) : 26
(46,2) : 2
(47,0) : 2
(4,0) : 37
(16,0) : 8
(2,0) : 70
(26,1) : 1
(24,1) : 1
(14,0) : 7
(5,1) : 1
(45,0) : 1
(47,2) : 1
(35,0) : 1
(21,0) : 1
(34,2) : 1
(27,0) : 2
(31,4) : 1
(18,0) : 2
(9,2) : 1
(6,1) : 5
(19,0) : 2
(34,0) : 1
(46,0) : 1
(17,0) : 2
(0,1) : 3
(15,1) : 1
(0,0) : 1
(2,1) : 1
(12,1) : 1
(8,1) : 1
(1,1) : 1
(3,1) : 1
