pop size : 10000, betaG : 0.08500, lambdaH : 0.10000, lambdaW : 0.00100, gamma : 0.12500, Tmax : 150.00, threshold of infected : 0.010
0.37 0.32 0.13 0.12 0.04 0.02 
0.2192 0.12 0.08 0.06 0.05 0.045 0.04 0.035 0.03 0.02 0.02 0.02 0.015 0.015 0.015 0.015 0.001 0.001 0.001 0.001 0.001 0.001 0.001 0.001 0.001 0.001 0.001 0.001 0.001 0.001 0.001 0.001 0.001 0.001 0.001 0.001 0.001 0.001 0.001 0.001 0.001 0.0001 0.0001 0.0001 0.0001 0.0001 0.0001 0.0001 0.0001 0.175 
Proportion of infected at cutoff : 0.0100
Proportion of susceptibles at cutoff : 0.9756
(47,2) : 2
(47,1) : 4
(15,0) : 14
(50,0) : 49
(48,1) : 10
(48,0) : 11
(38,0) : 1
(49,1) : 9
(2,0) : 89
(46,0) : 2
(12,0) : 15
(47,0) : 2
(8,0) : 28
(6,0) : 38
(4,0) : 48
(5,0) : 43
(44,0) : 1
(49,0) : 22
(3,0) : 67
(1,0) : 165
(46,2) : 2
(28,1) : 1
(45,4) : 1
(9,0) : 19
(11,0) : 15
(9,1) : 3
(6,1) : 4
(17,1) : 1
(16,0) : 7
(14,0) : 4
(33,0) : 3
(18,1) : 1
(13,0) : 17
(7,1) : 1
(10,0) : 6
(46,3) : 4
(38,1) : 1
(5,1) : 2
(31,0) : 1
(22,0) : 2
(48,2) : 4
(4,1) : 1
(29,0) : 2
(34,2) : 1
(0,0) : 4
(45,3) : 1
(12,1) : 1
(28,0) : 1
(43,3) : 1
(7,0) : 34
(10,1) : 6
(13,1) : 3
(30,0) : 1
(26,0) : 1
(23,0) : 1
(21,1) : 1
(14,1) : 2
(39,0) : 1
(2,1) : 4
(21,0) : 2
(5,2) : 1
(11,1) : 1
(0,1) : 1
(1,1) : 1
