pop size : 10000, betaG : 0.08500, lambdaH : 0.10000, lambdaW : 0.00100, gamma : 0.12500, Tmax : 150.00, threshold of infected : 0.010
0.37 0.32 0.13 0.12 0.04 0.02 
0.2192 0.12 0.08 0.06 0.05 0.045 0.04 0.035 0.03 0.02 0.02 0.02 0.015 0.015 0.015 0.015 0.001 0.001 0.001 0.001 0.001 0.001 0.001 0.001 0.001 0.001 0.001 0.001 0.001 0.001 0.001 0.001 0.001 0.001 0.001 0.001 0.001 0.001 0.001 0.001 0.001 0.0001 0.0001 0.0001 0.0001 0.0001 0.0001 0.0001 0.0001 0.175 
Proportion of infected at cutoff : 0.0100
Proportion of susceptibles at cutoff : 0.9773
(47,3) : 3
(50,0) : 57
(49,1) : 16
(8,0) : 25
(6,0) : 30
(49,0) : 20
(10,0) : 14
(48,1) : 9
(4,0) : 35
(16,0) : 12
(44,1) : 1
(2,0) : 96
(48,2) : 6
(46,3) : 1
(9,0) : 19
(47,2) : 7
(47,1) : 5
(7,0) : 40
(13,0) : 16
(33,0) : 1
(15,0) : 7
(46,0) : 2
(14,1) : 1
(47,0) : 3
(3,0) : 47
(48,0) : 2
(7,1) : 3
(31,0) : 1
(45,4) : 1
(14,0) : 8
(12,0) : 17
(1,0) : 137
(36,1) : 1
(44,2) : 1
(41,0) : 1
(38,0) : 1
(45,1) : 1
(5,0) : 19
(33,3) : 1
(8,1) : 2
(11,0) : 7
(27,0) : 2
(43,2) : 1
(11,1) : 2
(10,1) : 2
(43,1) : 1
(22,0) : 1
(17,0) : 1
(25,0) : 1
(36,0) : 1
(17,1) : 1
(20,0) : 1
(4,1) : 1
(15,1) : 1
(0,0) : 2
(3,1) : 2
(0,1) : 2
