pop size : 10000, betaG : 0.08500, lambdaH : 0.10000, lambdaW : 0.00100, gamma : 0.12500, Tmax : 150.00, threshold of infected : 0.010
0.37 0.32 0.13 0.12 0.04 0.02 
0.2192 0.12 0.08 0.06 0.05 0.045 0.04 0.035 0.03 0.02 0.02 0.02 0.015 0.015 0.015 0.015 0.001 0.001 0.001 0.001 0.001 0.001 0.001 0.001 0.001 0.001 0.001 0.001 0.001 0.001 0.001 0.001 0.001 0.001 0.001 0.001 0.001 0.001 0.001 0.001 0.001 0.0001 0.0001 0.0001 0.0001 0.0001 0.0001 0.0001 0.0001 0.175 
Proportion of infected at cutoff : 0.0100
Proportion of susceptibles at cutoff : 0.9742
(48,1) : 14
(48,0) : 10
(44,2) : 1
(1,0) : 175
(19,0) : 2
(47,2) : 6
(2,0) : 93
(49,0) : 29
(50,0) : 42
(10,0) : 12
(14,1) : 1
(48,2) : 4
(49,1) : 14
(36,0) : 2
(15,0) : 5
(15,1) : 2
(8,0) : 31
(7,0) : 34
(17,0) : 2
(9,0) : 21
(3,0) : 57
(46,1) : 3
(12,0) : 19
(42,4) : 1
(33,0) : 1
(13,0) : 7
(47,1) : 2
(47,3) : 1
(5,0) : 38
(6,0) : 37
(4,0) : 39
(14,0) : 11
(11,0) : 7
(28,0) : 2
(43,3) : 2
(45,4) : 1
(16,0) : 9
(4,1) : 1
(13,1) : 3
(25,0) : 1
(43,5) : 1
(47,0) : 1
(42,2) : 1
(9,1) : 3
(33,1) : 1
(37,0) : 1
(35,1) : 1
(11,1) : 1
(34,0) : 1
(29,0) : 1
(0,0) : 4
(10,1) : 1
(26,0) : 1
(7,1) : 1
(2,1) : 2
(8,1) : 1
(3,1) : 2
(5,1) : 1
