pop size : 10000, betaG : 0.08500, lambdaH : 0.10000, lambdaW : 0.00100, gamma : 0.12500, Tmax : 150.00, threshold of infected : 0.010
0.37 0.32 0.13 0.12 0.04 0.02 
0.2192 0.12 0.08 0.06 0.05 0.045 0.04 0.035 0.03 0.02 0.02 0.02 0.015 0.015 0.015 0.015 0.001 0.001 0.001 0.001 0.001 0.001 0.001 0.001 0.001 0.001 0.001 0.001 0.001 0.001 0.001 0.001 0.001 0.001 0.001 0.001 0.001 0.001 0.001 0.001 0.001 0.0001 0.0001 0.0001 0.0001 0.0001 0.0001 0.0001 0.0001 0.175 
Proportion of infected at cutoff : 0.0100
Proportion of susceptibles at cutoff : 0.9718
(1,0) : 167
(49,0) : 22
(2,0) : 101
(48,0) : 12
(8,0) : 24
(30,0) : 1
(50,0) : 30
(49,1) : 21
(46,0) : 4
(10,0) : 9
(47,3) : 2
(46,1) : 3
(7,0) : 31
(9,0) : 24
(48,1) : 15
(13,0) : 10
(46,4) : 1
(42,0) : 1
(12,0) : 13
(47,1) : 4
(48,2) : 2
(15,0) : 18
(3,0) : 62
(21,0) : 3
(14,1) : 3
(5,0) : 35
(35,0) : 1
(32,1) : 1
(33,1) : 1
(11,0) : 15
(4,0) : 45
(6,1) : 5
(14,0) : 13
(45,0) : 1
(25,0) : 1
(6,0) : 21
(20,0) : 3
(47,0) : 5
(37,0) : 1
(47,2) : 4
(35,1) : 1
(34,0) : 1
(22,1) : 2
(10,1) : 1
(11,1) : 1
(16,0) : 3
(23,0) : 1
(36,2) : 1
(9,1) : 1
(26,0) : 3
(31,0) : 1
(8,1) : 3
(18,0) : 1
(46,3) : 1
(42,2) : 1
(4,1) : 1
(2,1) : 1
(3,1) : 1
(4,2) : 1
(0,0) : 3
(15,1) : 1
(0,1) : 2
(1,1) : 1
