pop size : 10000, betaG : 0.08500, lambdaH : 0.10000, lambdaW : 0.00100, gamma : 0.12500, Tmax : 150.00, threshold of infected : 0.010
0.37 0.32 0.13 0.12 0.04 0.02 
0.2192 0.12 0.08 0.06 0.05 0.045 0.04 0.035 0.03 0.02 0.02 0.02 0.015 0.015 0.015 0.015 0.001 0.001 0.001 0.001 0.001 0.001 0.001 0.001 0.001 0.001 0.001 0.001 0.001 0.001 0.001 0.001 0.001 0.001 0.001 0.001 0.001 0.001 0.001 0.001 0.001 0.0001 0.0001 0.0001 0.0001 0.0001 0.0001 0.0001 0.0001 0.175 
Proportion of infected at cutoff : 0.0100
Proportion of susceptibles at cutoff : 0.9822
(4,0) : 40
(50,0) : 72
(47,2) : 2
(48,1) : 8
(9,0) : 27
(49,1) : 17
(11,0) : 15
(14,1) : 1
(1,0) : 130
(34,0) : 1
(46,1) : 2
(12,0) : 8
(48,2) : 9
(37,0) : 1
(2,0) : 80
(3,0) : 46
(49,0) : 12
(14,0) : 8
(48,0) : 4
(6,0) : 27
(10,0) : 12
(8,0) : 20
(22,0) : 1
(16,0) : 11
(46,3) : 2
(45,5) : 1
(5,0) : 28
(47,1) : 5
(27,0) : 2
(15,0) : 7
(13,2) : 1
(36,0) : 2
(9,1) : 1
(39,5) : 1
(7,0) : 27
(47,3) : 3
(33,0) : 1
(44,2) : 1
(21,0) : 2
(30,1) : 1
(13,0) : 5
(39,0) : 2
(41,0) : 1
(29,0) : 1
(31,0) : 1
(18,0) : 1
(45,0) : 1
(31,1) : 1
(2,1) : 4
(7,1) : 1
(13,1) : 1
(8,1) : 1
(10,1) : 1
(6,1) : 1
(0,1) : 1
(3,1) : 1
(1,1) : 2
(0,0) : 1
