pop size : 10000, betaG : 0.08500, lambdaH : 0.10000, lambdaW : 0.00100, gamma : 0.12500, Tmax : 150.00, threshold of infected : 0.010
0.37 0.32 0.13 0.12 0.04 0.02 
0.2192 0.12 0.08 0.06 0.05 0.045 0.04 0.035 0.03 0.02 0.02 0.02 0.015 0.015 0.015 0.015 0.001 0.001 0.001 0.001 0.001 0.001 0.001 0.001 0.001 0.001 0.001 0.001 0.001 0.001 0.001 0.001 0.001 0.001 0.001 0.001 0.001 0.001 0.001 0.001 0.001 0.0001 0.0001 0.0001 0.0001 0.0001 0.0001 0.0001 0.0001 0.175 
Proportion of infected at cutoff : 0.0100
Proportion of susceptibles at cutoff : 0.9784
(48,2) : 6
(50,0) : 48
(49,0) : 24
(47,1) : 2
(3,0) : 67
(1,0) : 171
(49,1) : 21
(45,2) : 1
(16,0) : 12
(12,0) : 15
(2,0) : 95
(48,0) : 6
(44,4) : 1
(48,1) : 8
(46,1) : 4
(21,0) : 2
(6,0) : 24
(7,1) : 4
(4,0) : 48
(15,0) : 10
(7,0) : 33
(13,0) : 13
(14,0) : 12
(9,0) : 18
(29,1) : 1
(11,0) : 17
(5,0) : 35
(10,0) : 11
(45,3) : 2
(42,3) : 1
(43,2) : 1
(39,0) : 2
(8,0) : 20
(47,2) : 4
(6,1) : 4
(35,0) : 1
(20,0) : 2
(46,2) : 3
(28,0) : 1
(22,0) : 2
(8,1) : 2
(9,1) : 2
(3,1) : 1
(19,0) : 1
(4,1) : 1
(14,1) : 1
(10,1) : 1
(24,0) : 1
(17,0) : 1
(23,0) : 1
(34,0) : 1
(31,0) : 1
(0,1) : 2
(5,1) : 1
(2,1) : 1
(1,1) : 1
