pop size : 10000, betaG : 0.08500, lambdaH : 0.10000, lambdaW : 0.00100, gamma : 0.12500, Tmax : 150.00, threshold of infected : 0.010
0.37 0.32 0.13 0.12 0.04 0.02 
0.2192 0.12 0.08 0.06 0.05 0.045 0.04 0.035 0.03 0.02 0.02 0.02 0.015 0.015 0.015 0.015 0.001 0.001 0.001 0.001 0.001 0.001 0.001 0.001 0.001 0.001 0.001 0.001 0.001 0.001 0.001 0.001 0.001 0.001 0.001 0.001 0.001 0.001 0.001 0.001 0.001 0.0001 0.0001 0.0001 0.0001 0.0001 0.0001 0.0001 0.0001 0.175 
Proportion of infected at cutoff : 0.0100
Proportion of susceptibles at cutoff : 0.9781
(46,1) : 4
(1,0) : 161
(12,0) : 15
(48,1) : 4
(45,0) : 1
(3,0) : 46
(4,0) : 43
(31,0) : 1
(50,0) : 56
(10,0) : 16
(49,1) : 17
(14,0) : 12
(15,0) : 8
(47,1) : 8
(47,2) : 5
(6,1) : 4
(7,0) : 25
(49,0) : 20
(11,0) : 12
(5,1) : 4
(44,1) : 1
(16,0) : 12
(4,1) : 1
(44,4) : 1
(35,1) : 1
(21,0) : 1
(8,0) : 18
(48,0) : 4
(9,0) : 26
(28,0) : 2
(6,0) : 30
(45,1) : 1
(48,2) : 4
(18,0) : 3
(46,2) : 1
(8,1) : 2
(26,1) : 1
(42,1) : 1
(46,3) : 1
(5,0) : 38
(13,0) : 7
(13,1) : 1
(25,0) : 2
(17,0) : 1
(38,0) : 2
(44,0) : 1
(2,0) : 77
(7,1) : 1
(23,0) : 2
(35,0) : 1
(15,1) : 3
(36,0) : 1
(10,1) : 2
(2,1) : 2
(12,1) : 1
(20,0) : 2
(36,1) : 1
(43,4) : 1
(30,0) : 1
(14,1) : 1
(20,1) : 1
(3,2) : 1
(0,0) : 1
(11,1) : 1
(2,2) : 1
(3,1) : 1
(0,1) : 1
