pop size : 10000, betaG : 0.08500, lambdaH : 0.10000, lambdaW : 0.00100, gamma : 0.12500, Tmax : 150.00, threshold of infected : 0.010
0.37 0.32 0.13 0.12 0.04 0.02 
0.2192 0.12 0.08 0.06 0.05 0.045 0.04 0.035 0.03 0.02 0.02 0.02 0.015 0.015 0.015 0.015 0.001 0.001 0.001 0.001 0.001 0.001 0.001 0.001 0.001 0.001 0.001 0.001 0.001 0.001 0.001 0.001 0.001 0.001 0.001 0.001 0.001 0.001 0.001 0.001 0.001 0.0001 0.0001 0.0001 0.0001 0.0001 0.0001 0.0001 0.0001 0.175 
Proportion of infected at cutoff : 0.0100
Proportion of susceptibles at cutoff : 0.9857
(50,0) : 78
(49,1) : 27
(49,0) : 7
(42,6) : 1
(12,0) : 13
(7,0) : 32
(4,0) : 42
(11,0) : 15
(9,0) : 25
(6,0) : 31
(5,0) : 35
(3,0) : 44
(47,2) : 5
(14,1) : 1
(48,1) : 8
(15,0) : 11
(8,0) : 33
(14,0) : 9
(8,1) : 1
(48,2) : 4
(45,3) : 1
(47,1) : 1
(16,0) : 5
(24,0) : 1
(43,3) : 1
(45,1) : 1
(15,1) : 2
(10,0) : 10
(22,0) : 2
(17,1) : 1
(9,1) : 2
(1,0) : 176
(36,1) : 1
(13,1) : 1
(31,0) : 1
(18,0) : 1
(11,1) : 2
(17,0) : 3
(2,0) : 112
(12,1) : 3
(29,1) : 1
(7,1) : 3
(40,0) : 1
(13,0) : 7
(46,3) : 1
(30,0) : 1
(19,1) : 1
(10,1) : 1
(5,1) : 3
(6,1) : 4
(3,1) : 1
(1,1) : 2
