pop size : 10000, betaG : 0.08500, lambdaH : 0.10000, lambdaW : 0.00100, gamma : 0.12500, Tmax : 150.00, threshold of infected : 0.010
0.37 0.32 0.13 0.12 0.04 0.02 
0.2192 0.12 0.08 0.06 0.05 0.045 0.04 0.035 0.03 0.02 0.02 0.02 0.015 0.015 0.015 0.015 0.001 0.001 0.001 0.001 0.001 0.001 0.001 0.001 0.001 0.001 0.001 0.001 0.001 0.001 0.001 0.001 0.001 0.001 0.001 0.001 0.001 0.001 0.001 0.001 0.001 0.0001 0.0001 0.0001 0.0001 0.0001 0.0001 0.0001 0.0001 0.175 
Proportion of infected at cutoff : 0.0100
Proportion of susceptibles at cutoff : 0.9677
(1,0) : 147
(45,0) : 1
(50,0) : 30
(7,0) : 30
(49,0) : 34
(6,0) : 20
(46,1) : 5
(12,0) : 16
(13,0) : 10
(47,2) : 6
(46,2) : 2
(44,3) : 2
(49,1) : 11
(4,0) : 23
(47,0) : 7
(11,0) : 15
(48,0) : 14
(47,1) : 7
(2,0) : 96
(5,0) : 38
(45,1) : 2
(48,1) : 10
(3,0) : 42
(10,0) : 9
(23,0) : 2
(8,0) : 23
(14,0) : 9
(46,0) : 1
(9,0) : 19
(15,1) : 1
(33,0) : 1
(48,2) : 2
(15,0) : 9
(45,2) : 1
(2,1) : 2
(8,2) : 1
(18,0) : 1
(46,3) : 1
(26,1) : 1
(38,0) : 1
(17,0) : 1
(10,1) : 4
(39,0) : 2
(40,0) : 1
(41,0) : 1
(16,0) : 9
(34,0) : 1
(22,0) : 1
(8,1) : 4
(45,3) : 1
(9,1) : 1
(13,2) : 1
(5,1) : 3
(37,0) : 1
(20,0) : 1
(12,1) : 2
(7,1) : 1
(6,1) : 3
(0,1) : 2
(4,1) : 1
(1,1) : 1
(3,1) : 1
(0,0) : 1
