pop size : 10000, betaG : 0.08500, lambdaH : 0.10000, lambdaW : 0.00100, gamma : 0.12500, Tmax : 150.00, threshold of infected : 0.010
0.37 0.32 0.13 0.12 0.04 0.02 
0.2192 0.12 0.08 0.06 0.05 0.045 0.04 0.035 0.03 0.02 0.02 0.02 0.015 0.015 0.015 0.015 0.001 0.001 0.001 0.001 0.001 0.001 0.001 0.001 0.001 0.001 0.001 0.001 0.001 0.001 0.001 0.001 0.001 0.001 0.001 0.001 0.001 0.001 0.001 0.001 0.001 0.0001 0.0001 0.0001 0.0001 0.0001 0.0001 0.0001 0.0001 0.175 
Proportion of infected at cutoff : 0.0100
Proportion of susceptibles at cutoff : 0.9784
(50,0) : 56
(48,0) : 11
(49,1) : 16
(49,0) : 21
(16,0) : 9
(6,0) : 20
(13,1) : 3
(18,0) : 1
(48,1) : 14
(48,2) : 7
(10,1) : 2
(45,4) : 2
(13,0) : 6
(5,0) : 32
(2,0) : 88
(10,0) : 17
(3,0) : 47
(8,0) : 26
(12,1) : 2
(11,0) : 17
(46,0) : 1
(7,0) : 28
(4,0) : 41
(12,0) : 17
(33,4) : 1
(46,2) : 1
(1,0) : 158
(9,0) : 16
(36,0) : 1
(47,2) : 2
(9,1) : 3
(32,1) : 1
(39,0) : 1
(11,1) : 2
(44,4) : 1
(14,0) : 11
(15,0) : 7
(46,1) : 1
(47,1) : 1
(32,0) : 2
(36,1) : 1
(20,0) : 1
(47,0) : 1
(5,1) : 1
(28,1) : 1
(39,1) : 1
(7,1) : 3
(23,1) : 1
(31,1) : 1
(19,0) : 1
(31,0) : 1
(5,2) : 1
(24,0) : 1
(2,1) : 2
(6,1) : 2
(1,1) : 2
(0,0) : 3
(8,1) : 1
(4,1) : 1
