pop size : 10000, betaG : 0.08500, lambdaH : 0.10000, lambdaW : 0.00100, gamma : 0.12500, Tmax : 150.00, threshold of infected : 0.010
0.37 0.32 0.13 0.12 0.04 0.02 
0.2192 0.12 0.08 0.06 0.05 0.045 0.04 0.035 0.03 0.02 0.02 0.02 0.015 0.015 0.015 0.015 0.001 0.001 0.001 0.001 0.001 0.001 0.001 0.001 0.001 0.001 0.001 0.001 0.001 0.001 0.001 0.001 0.001 0.001 0.001 0.001 0.001 0.001 0.001 0.001 0.001 0.0001 0.0001 0.0001 0.0001 0.0001 0.0001 0.0001 0.0001 0.175 
Proportion of infected at cutoff : 0.0100
Proportion of susceptibles at cutoff : 0.9795
(49,1) : 18
(50,0) : 61
(46,2) : 2
(7,0) : 23
(12,0) : 12
(3,0) : 69
(1,0) : 147
(49,0) : 19
(14,0) : 7
(9,0) : 23
(5,0) : 37
(11,1) : 1
(35,1) : 1
(47,0) : 3
(48,1) : 11
(15,0) : 12
(11,0) : 14
(2,0) : 82
(37,0) : 1
(48,2) : 9
(34,0) : 1
(4,0) : 40
(6,0) : 28
(47,2) : 3
(8,0) : 22
(10,0) : 9
(47,1) : 4
(7,1) : 2
(16,0) : 5
(47,3) : 1
(6,1) : 3
(48,0) : 3
(30,2) : 1
(31,0) : 1
(46,1) : 2
(17,0) : 1
(13,0) : 13
(30,0) : 1
(9,1) : 2
(15,1) : 1
(33,1) : 1
(28,0) : 2
(18,0) : 1
(45,5) : 1
(10,3) : 1
(20,1) : 1
(23,0) : 1
(36,0) : 1
(25,0) : 1
(44,4) : 1
(19,0) : 1
(1,1) : 3
(10,1) : 1
(0,1) : 3
(5,1) : 1
