pop size : 10000, betaG : 0.08500, lambdaH : 0.10000, lambdaW : 0.00100, gamma : 0.12500, Tmax : 150.00, threshold of infected : 0.010
0.37 0.32 0.13 0.12 0.04 0.02 
0.2192 0.12 0.08 0.06 0.05 0.045 0.04 0.035 0.03 0.02 0.02 0.02 0.015 0.015 0.015 0.015 0.001 0.001 0.001 0.001 0.001 0.001 0.001 0.001 0.001 0.001 0.001 0.001 0.001 0.001 0.001 0.001 0.001 0.001 0.001 0.001 0.001 0.001 0.001 0.001 0.001 0.0001 0.0001 0.0001 0.0001 0.0001 0.0001 0.0001 0.0001 0.175 
Proportion of infected at cutoff : 0.0100
Proportion of susceptibles at cutoff : 0.9772
(10,0) : 11
(8,0) : 20
(3,0) : 65
(48,0) : 8
(50,0) : 56
(48,1) : 8
(7,1) : 4
(7,0) : 27
(47,1) : 7
(49,1) : 17
(32,1) : 1
(9,0) : 15
(49,0) : 23
(2,0) : 88
(16,0) : 7
(9,1) : 1
(48,2) : 4
(18,0) : 1
(45,1) : 2
(47,3) : 3
(14,0) : 10
(19,0) : 2
(6,0) : 27
(5,0) : 30
(12,0) : 13
(47,2) : 3
(4,0) : 43
(31,0) : 1
(46,1) : 1
(13,0) : 6
(46,3) : 2
(11,1) : 2
(11,0) : 9
(46,2) : 3
(12,1) : 5
(20,0) : 1
(15,0) : 14
(43,0) : 1
(23,1) : 1
(1,0) : 154
(47,0) : 2
(42,0) : 1
(29,1) : 1
(46,0) : 1
(10,1) : 1
(25,0) : 1
(33,1) : 1
(5,1) : 4
(0,1) : 1
(27,0) : 1
(13,1) : 1
(4,2) : 2
(1,1) : 1
(3,1) : 1
(2,1) : 1
(0,0) : 2
