pop size : 10000, betaG : 0.08500, lambdaH : 0.10000, lambdaW : 0.00100, gamma : 0.12500, Tmax : 150.00, threshold of infected : 0.010
0.37 0.32 0.13 0.12 0.04 0.02 
0.2192 0.12 0.08 0.06 0.05 0.045 0.04 0.035 0.03 0.02 0.02 0.02 0.015 0.015 0.015 0.015 0.001 0.001 0.001 0.001 0.001 0.001 0.001 0.001 0.001 0.001 0.001 0.001 0.001 0.001 0.001 0.001 0.001 0.001 0.001 0.001 0.001 0.001 0.001 0.001 0.001 0.0001 0.0001 0.0001 0.0001 0.0001 0.0001 0.0001 0.0001 0.175 
Proportion of infected at cutoff : 0.0100
Proportion of susceptibles at cutoff : 0.9830
(49,0) : 20
(50,0) : 62
(8,0) : 23
(49,1) : 27
(6,0) : 30
(5,0) : 25
(47,2) : 3
(11,0) : 13
(3,0) : 58
(1,0) : 142
(48,0) : 2
(13,0) : 11
(15,1) : 1
(4,0) : 46
(10,0) : 12
(7,0) : 24
(11,1) : 3
(9,0) : 24
(35,0) : 1
(47,0) : 4
(31,1) : 1
(45,4) : 2
(48,1) : 6
(22,1) : 1
(10,1) : 5
(30,0) : 2
(2,0) : 62
(15,0) : 11
(46,0) : 1
(44,0) : 1
(9,1) : 1
(43,3) : 1
(26,0) : 2
(37,0) : 1
(48,2) : 5
(32,1) : 1
(12,0) : 11
(17,1) : 1
(18,0) : 1
(14,0) : 7
(46,1) : 1
(34,1) : 1
(39,0) : 1
(39,1) : 1
(27,0) : 1
(33,0) : 1
(16,0) : 4
(45,3) : 1
(21,0) : 1
(3,1) : 3
(5,1) : 1
(7,1) : 3
(6,1) : 1
(46,4) : 1
(40,0) : 1
(2,1) : 1
(8,1) : 1
(39,2) : 1
(13,1) : 1
(1,1) : 1
(0,1) : 1
(4,1) : 1
