pop size : 10000, betaG : 0.08500, lambdaH : 0.10000, lambdaW : 0.00100, gamma : 0.12500, Tmax : 150.00, threshold of infected : 0.010
0.37 0.32 0.13 0.12 0.04 0.02 
0.2192 0.12 0.08 0.06 0.05 0.045 0.04 0.035 0.03 0.02 0.02 0.02 0.015 0.015 0.015 0.015 0.001 0.001 0.001 0.001 0.001 0.001 0.001 0.001 0.001 0.001 0.001 0.001 0.001 0.001 0.001 0.001 0.001 0.001 0.001 0.001 0.001 0.001 0.001 0.001 0.001 0.0001 0.0001 0.0001 0.0001 0.0001 0.0001 0.0001 0.0001 0.175 
Proportion of infected at cutoff : 0.0100
Proportion of susceptibles at cutoff : 0.9823
(13,0) : 17
(50,0) : 62
(48,0) : 5
(14,0) : 9
(49,0) : 11
(47,1) : 3
(49,1) : 21
(3,0) : 61
(9,0) : 21
(48,1) : 7
(47,2) : 4
(26,0) : 1
(8,0) : 29
(48,2) : 7
(10,0) : 18
(17,1) : 1
(11,0) : 15
(7,0) : 26
(37,0) : 1
(15,0) : 10
(27,2) : 1
(2,0) : 91
(38,0) : 1
(39,1) : 1
(16,0) : 15
(12,0) : 14
(37,2) : 1
(32,0) : 1
(33,0) : 2
(6,0) : 33
(47,3) : 2
(15,1) : 1
(1,0) : 181
(24,0) : 2
(18,0) : 1
(27,0) : 1
(5,0) : 44
(5,1) : 1
(14,1) : 1
(13,1) : 1
(47,0) : 2
(4,0) : 42
(4,1) : 4
(46,2) : 1
(12,1) : 2
(18,1) : 1
(8,1) : 3
(9,1) : 1
(45,5) : 1
(36,0) : 1
(0,1) : 3
(2,1) : 3
(6,1) : 1
(34,0) : 1
(0,0) : 3
(3,1) : 2
(10,2) : 1
(1,1) : 2
