pop size : 10000, betaG : 0.08500, lambdaH : 0.10000, lambdaW : 0.00100, gamma : 0.12500, Tmax : 150.00, threshold of infected : 0.010
0.37 0.32 0.13 0.12 0.04 0.02 
0.2192 0.12 0.08 0.06 0.05 0.045 0.04 0.035 0.03 0.02 0.02 0.02 0.015 0.015 0.015 0.015 0.001 0.001 0.001 0.001 0.001 0.001 0.001 0.001 0.001 0.001 0.001 0.001 0.001 0.001 0.001 0.001 0.001 0.001 0.001 0.001 0.001 0.001 0.001 0.001 0.001 0.0001 0.0001 0.0001 0.0001 0.0001 0.0001 0.0001 0.0001 0.175 
Proportion of infected at cutoff : 0.0100
Proportion of susceptibles at cutoff : 0.9806
(50,0) : 63
(7,0) : 31
(49,1) : 16
(21,0) : 1
(3,0) : 63
(19,1) : 1
(48,1) : 7
(49,0) : 17
(25,0) : 1
(4,0) : 41
(36,0) : 1
(6,0) : 35
(14,0) : 4
(46,4) : 1
(47,2) : 3
(10,1) : 2
(12,0) : 16
(9,0) : 22
(10,0) : 14
(44,1) : 1
(13,0) : 10
(48,0) : 5
(5,0) : 36
(15,0) : 10
(46,3) : 2
(26,0) : 1
(11,0) : 15
(16,0) : 14
(41,7) : 1
(48,2) : 5
(1,0) : 172
(8,0) : 28
(2,0) : 106
(27,0) : 3
(4,1) : 2
(46,1) : 2
(30,0) : 1
(47,0) : 1
(38,1) : 1
(41,0) : 1
(29,0) : 1
(14,1) : 1
(35,0) : 2
(0,1) : 2
(12,1) : 3
(44,3) : 1
(22,0) : 1
(7,1) : 4
(17,0) : 1
(28,0) : 1
(11,1) : 1
(13,2) : 1
(45,3) : 1
(46,2) : 1
(38,0) : 1
(41,5) : 1
(18,0) : 1
(8,1) : 1
(14,2) : 1
(13,1) : 1
(5,1) : 1
(3,1) : 1
(6,1) : 1
(2,1) : 1
(1,1) : 1
