pop size : 10000, betaG : 0.08500, lambdaH : 0.10000, lambdaW : 0.00100, gamma : 0.12500, Tmax : 150.00, threshold of infected : 0.010
0.37 0.32 0.13 0.12 0.04 0.02 
0.2192 0.12 0.08 0.06 0.05 0.045 0.04 0.035 0.03 0.02 0.02 0.02 0.015 0.015 0.015 0.015 0.001 0.001 0.001 0.001 0.001 0.001 0.001 0.001 0.001 0.001 0.001 0.001 0.001 0.001 0.001 0.001 0.001 0.001 0.001 0.001 0.001 0.001 0.001 0.001 0.001 0.0001 0.0001 0.0001 0.0001 0.0001 0.0001 0.0001 0.0001 0.175 
Proportion of infected at cutoff : 0.0100
Proportion of susceptibles at cutoff : 0.9799
(49,1) : 20
(49,0) : 21
(9,0) : 24
(50,0) : 53
(47,1) : 2
(7,0) : 27
(48,0) : 6
(27,0) : 1
(47,0) : 2
(39,1) : 2
(5,0) : 34
(16,0) : 11
(46,0) : 1
(15,0) : 9
(48,1) : 5
(20,0) : 1
(6,0) : 35
(28,0) : 1
(4,0) : 42
(8,0) : 20
(11,0) : 15
(1,0) : 142
(12,0) : 15
(35,1) : 1
(14,0) : 9
(47,2) : 3
(47,3) : 2
(44,1) : 1
(4,1) : 3
(44,5) : 1
(10,1) : 1
(32,1) : 2
(3,0) : 69
(34,0) : 1
(2,0) : 105
(39,0) : 1
(13,0) : 6
(7,1) : 2
(10,0) : 9
(38,0) : 2
(8,1) : 1
(48,2) : 5
(19,0) : 1
(12,2) : 1
(46,3) : 1
(25,0) : 2
(6,1) : 6
(3,1) : 2
(46,1) : 3
(26,0) : 1
(45,1) : 1
(33,1) : 1
(30,0) : 1
(37,0) : 1
(21,0) : 1
(12,1) : 2
(29,0) : 1
(45,4) : 1
(44,3) : 1
(5,2) : 1
(41,0) : 1
(32,0) : 1
(5,1) : 1
(11,1) : 1
(13,1) : 1
(0,0) : 3
(0,1) : 1
