pop size : 10000, betaG : 0.08500, lambdaH : 0.10000, lambdaW : 0.00100, gamma : 0.12500, Tmax : 150.00, threshold of infected : 0.010
0.37 0.32 0.13 0.12 0.04 0.02 
0.2192 0.12 0.08 0.06 0.05 0.045 0.04 0.035 0.03 0.02 0.02 0.02 0.015 0.015 0.015 0.015 0.001 0.001 0.001 0.001 0.001 0.001 0.001 0.001 0.001 0.001 0.001 0.001 0.001 0.001 0.001 0.001 0.001 0.001 0.001 0.001 0.001 0.001 0.001 0.001 0.001 0.0001 0.0001 0.0001 0.0001 0.0001 0.0001 0.0001 0.0001 0.175 
Proportion of infected at cutoff : 0.0100
Proportion of susceptibles at cutoff : 0.9755
(49,1) : 19
(45,3) : 1
(11,0) : 17
(49,0) : 30
(44,2) : 1
(7,0) : 28
(46,1) : 2
(37,3) : 1
(50,0) : 44
(9,0) : 13
(48,1) : 13
(3,0) : 61
(5,0) : 40
(15,0) : 13
(48,0) : 8
(35,0) : 1
(45,2) : 1
(13,0) : 10
(46,3) : 1
(6,0) : 27
(4,0) : 45
(13,1) : 1
(48,2) : 4
(39,0) : 1
(47,0) : 1
(47,2) : 3
(1,0) : 159
(14,1) : 2
(12,1) : 4
(16,0) : 5
(24,0) : 1
(1,1) : 4
(2,0) : 91
(8,0) : 21
(46,0) : 1
(10,0) : 18
(13,2) : 1
(12,0) : 11
(34,0) : 2
(9,1) : 1
(37,0) : 1
(14,0) : 4
(0,1) : 3
(44,4) : 1
(29,1) : 1
(32,1) : 1
(36,0) : 1
(23,0) : 1
(47,1) : 1
(7,1) : 3
(40,0) : 1
(33,0) : 3
(5,1) : 3
(22,1) : 1
(28,0) : 1
(44,3) : 1
(10,1) : 1
(0,0) : 6
(21,0) : 1
(19,0) : 1
(29,0) : 1
(11,1) : 2
(2,1) : 1
(3,1) : 1
