pop size : 10000, betaG : 0.08500, lambdaH : 0.10000, lambdaW : 0.00100, gamma : 0.12500, Tmax : 150.00, threshold of infected : 0.010
0.37 0.32 0.13 0.12 0.04 0.02 
0.2192 0.12 0.08 0.06 0.05 0.045 0.04 0.035 0.03 0.02 0.02 0.02 0.015 0.015 0.015 0.015 0.001 0.001 0.001 0.001 0.001 0.001 0.001 0.001 0.001 0.001 0.001 0.001 0.001 0.001 0.001 0.001 0.001 0.001 0.001 0.001 0.001 0.001 0.001 0.001 0.001 0.0001 0.0001 0.0001 0.0001 0.0001 0.0001 0.0001 0.0001 0.175 
Proportion of infected at cutoff : 0.0100
Proportion of susceptibles at cutoff : 0.9808
(47,1) : 4
(14,0) : 11
(49,1) : 16
(49,0) : 18
(50,0) : 68
(9,0) : 17
(45,4) : 2
(3,0) : 52
(8,0) : 30
(48,1) : 7
(5,0) : 34
(10,0) : 14
(12,0) : 13
(46,2) : 1
(40,0) : 1
(11,0) : 14
(48,2) : 3
(2,0) : 80
(22,0) : 1
(15,1) : 1
(1,0) : 172
(48,0) : 4
(46,3) : 1
(47,2) : 5
(7,1) : 3
(30,2) : 1
(19,0) : 1
(16,0) : 12
(15,0) : 11
(12,1) : 1
(7,0) : 29
(11,1) : 2
(28,0) : 2
(22,2) : 1
(4,0) : 39
(10,1) : 2
(6,0) : 25
(37,0) : 2
(47,3) : 1
(13,0) : 7
(30,1) : 1
(2,1) : 2
(44,4) : 1
(42,1) : 1
(33,0) : 1
(46,1) : 1
(37,1) : 1
(14,1) : 1
(0,0) : 4
(40,1) : 1
(6,1) : 3
(3,1) : 4
(13,1) : 1
(30,0) : 1
(25,0) : 1
(24,1) : 1
(27,1) : 1
(1,1) : 1
(0,1) : 3
(9,1) : 1
(4,1) : 1
