pop size : 10000, betaG : 0.08500, lambdaH : 0.10000, lambdaW : 0.00100, gamma : 0.12500, Tmax : 150.00, threshold of infected : 0.010
0.37 0.32 0.13 0.12 0.04 0.02 
0.2192 0.12 0.08 0.06 0.05 0.045 0.04 0.035 0.03 0.02 0.02 0.02 0.015 0.015 0.015 0.015 0.001 0.001 0.001 0.001 0.001 0.001 0.001 0.001 0.001 0.001 0.001 0.001 0.001 0.001 0.001 0.001 0.001 0.001 0.001 0.001 0.001 0.001 0.001 0.001 0.001 0.0001 0.0001 0.0001 0.0001 0.0001 0.0001 0.0001 0.0001 0.175 
Proportion of infected at cutoff : 0.0100
Proportion of susceptibles at cutoff : 0.9800
(46,2) : 3
(5,0) : 35
(48,0) : 6
(36,2) : 1
(50,0) : 55
(49,1) : 32
(46,3) : 1
(1,0) : 166
(49,0) : 17
(3,0) : 47
(48,2) : 5
(11,0) : 9
(2,0) : 79
(12,0) : 14
(16,0) : 9
(15,0) : 10
(36,0) : 1
(8,0) : 31
(6,0) : 24
(9,0) : 16
(48,1) : 10
(23,2) : 1
(24,0) : 1
(47,1) : 2
(10,0) : 9
(14,0) : 13
(45,4) : 1
(32,0) : 3
(47,2) : 1
(4,0) : 43
(13,0) : 7
(20,0) : 2
(32,1) : 1
(7,0) : 23
(42,3) : 1
(41,0) : 1
(29,1) : 1
(7,1) : 3
(45,2) : 1
(21,1) : 1
(40,0) : 1
(42,1) : 1
(25,0) : 2
(0,1) : 2
(14,1) : 2
(27,0) : 1
(17,0) : 1
(47,3) : 1
(12,1) : 1
(18,0) : 1
(13,1) : 2
(22,0) : 1
(2,2) : 1
(11,1) : 1
(9,1) : 1
(1,1) : 1
