pop size : 10000, betaG : 0.08500, lambdaH : 0.10000, lambdaW : 0.00100, gamma : 0.12500, Tmax : 150.00, threshold of infected : 0.010
0.37 0.32 0.13 0.12 0.04 0.02 
0.2192 0.12 0.08 0.06 0.05 0.045 0.04 0.035 0.03 0.02 0.02 0.02 0.015 0.015 0.015 0.015 0.001 0.001 0.001 0.001 0.001 0.001 0.001 0.001 0.001 0.001 0.001 0.001 0.001 0.001 0.001 0.001 0.001 0.001 0.001 0.001 0.001 0.001 0.001 0.001 0.001 0.0001 0.0001 0.0001 0.0001 0.0001 0.0001 0.0001 0.0001 0.175 
Proportion of infected at cutoff : 0.0100
Proportion of susceptibles at cutoff : 0.9678
(48,1) : 10
(15,1) : 3
(36,0) : 2
(48,0) : 12
(50,0) : 45
(49,0) : 25
(24,1) : 1
(49,1) : 7
(4,0) : 35
(38,1) : 1
(45,1) : 1
(41,0) : 1
(6,0) : 30
(47,2) : 3
(5,0) : 35
(44,1) : 1
(8,0) : 34
(3,0) : 57
(47,1) : 8
(2,0) : 82
(46,0) : 1
(46,2) : 2
(16,0) : 8
(32,0) : 2
(44,2) : 1
(1,0) : 175
(7,0) : 23
(46,3) : 2
(47,0) : 3
(10,0) : 13
(14,0) : 9
(6,1) : 2
(3,1) : 4
(17,0) : 4
(13,1) : 1
(12,0) : 8
(33,0) : 1
(9,0) : 16
(31,0) : 1
(46,1) : 3
(15,0) : 8
(27,0) : 1
(11,0) : 12
(45,3) : 1
(45,0) : 3
(19,0) : 1
(43,2) : 1
(42,6) : 1
(7,1) : 1
(20,0) : 1
(2,2) : 1
(30,0) : 1
(45,2) : 1
(2,1) : 3
(13,0) : 10
(24,0) : 1
(2,3) : 1
(5,1) : 3
(22,0) : 1
(29,0) : 1
(48,2) : 1
(43,1) : 1
(1,1) : 2
(12,1) : 1
(28,1) : 1
(29,1) : 1
(10,1) : 3
(8,1) : 1
(26,0) : 1
(0,1) : 2
(0,0) : 2
(9,1) : 1
