pop size : 10000, betaG : 0.08500, lambdaH : 0.10000, lambdaW : 0.00100, gamma : 0.12500, Tmax : 150.00, threshold of infected : 0.010
0.37 0.32 0.13 0.12 0.04 0.02 
0.2192 0.12 0.08 0.06 0.05 0.045 0.04 0.035 0.03 0.02 0.02 0.02 0.015 0.015 0.015 0.015 0.001 0.001 0.001 0.001 0.001 0.001 0.001 0.001 0.001 0.001 0.001 0.001 0.001 0.001 0.001 0.001 0.001 0.001 0.001 0.001 0.001 0.001 0.001 0.001 0.001 0.0001 0.0001 0.0001 0.0001 0.0001 0.0001 0.0001 0.0001 0.175 
Proportion of infected at cutoff : 0.0100
Proportion of susceptibles at cutoff : 0.9761
(50,0) : 53
(3,0) : 54
(49,0) : 25
(44,2) : 4
(48,2) : 3
(12,0) : 12
(2,0) : 93
(48,0) : 8
(48,1) : 10
(30,0) : 1
(46,2) : 1
(47,1) : 3
(45,1) : 2
(6,0) : 29
(7,1) : 3
(11,0) : 13
(15,0) : 7
(14,0) : 15
(49,1) : 19
(9,1) : 1
(47,2) : 2
(13,0) : 11
(10,0) : 11
(8,0) : 22
(14,1) : 3
(24,0) : 1
(5,0) : 27
(27,1) : 1
(9,0) : 18
(13,1) : 1
(7,0) : 33
(18,0) : 1
(1,0) : 136
(16,0) : 10
(37,0) : 1
(40,0) : 1
(30,1) : 1
(47,0) : 2
(45,3) : 2
(29,0) : 1
(12,1) : 1
(47,3) : 2
(4,0) : 29
(17,3) : 1
(8,1) : 1
(38,0) : 1
(3,1) : 1
(46,4) : 1
(11,1) : 2
(17,0) : 1
(23,1) : 1
(31,0) : 1
(46,1) : 1
(11,2) : 1
(19,0) : 1
(0,1) : 2
(5,1) : 2
(2,1) : 2
(1,1) : 2
(0,0) : 3
