pop size : 10000, betaG : 0.08500, lambdaH : 0.10000, lambdaW : 0.00100, gamma : 0.12500, Tmax : 150.00, threshold of infected : 0.010
0.37 0.32 0.13 0.12 0.04 0.02 
0.2192 0.12 0.08 0.06 0.05 0.045 0.04 0.035 0.03 0.02 0.02 0.02 0.015 0.015 0.015 0.015 0.001 0.001 0.001 0.001 0.001 0.001 0.001 0.001 0.001 0.001 0.001 0.001 0.001 0.001 0.001 0.001 0.001 0.001 0.001 0.001 0.001 0.001 0.001 0.001 0.001 0.0001 0.0001 0.0001 0.0001 0.0001 0.0001 0.0001 0.0001 0.175 
Proportion of infected at cutoff : 0.0100
Proportion of susceptibles at cutoff : 0.9845
(49,1) : 17
(50,0) : 73
(47,3) : 2
(49,0) : 16
(7,0) : 22
(47,1) : 3
(48,2) : 4
(48,1) : 5
(8,0) : 32
(15,0) : 12
(3,0) : 78
(2,0) : 109
(12,0) : 14
(41,0) : 1
(36,0) : 2
(22,1) : 1
(6,0) : 31
(5,0) : 41
(13,0) : 9
(6,1) : 3
(14,0) : 9
(1,0) : 197
(40,0) : 1
(16,0) : 11
(11,0) : 14
(4,0) : 43
(18,1) : 1
(10,0) : 9
(11,1) : 3
(35,2) : 1
(9,0) : 19
(17,0) : 1
(20,0) : 1
(31,2) : 1
(47,2) : 2
(32,1) : 2
(15,1) : 1
(36,2) : 1
(29,0) : 1
(13,1) : 1
(47,0) : 1
(25,0) : 3
(44,5) : 2
(24,0) : 1
(2,1) : 3
(9,1) : 1
(45,2) : 1
(39,2) : 1
(12,1) : 1
(46,4) : 1
(4,1) : 4
(13,2) : 1
(8,1) : 1
(19,1) : 1
(21,1) : 1
(21,0) : 1
(7,1) : 2
(5,1) : 1
(1,1) : 1
(0,0) : 1
(0,1) : 3
