pop size : 10000, betaG : 0.08500, lambdaH : 0.10000, lambdaW : 0.00100, gamma : 0.12500, Tmax : 150.00, threshold of infected : 0.010
0.37 0.32 0.13 0.12 0.04 0.02 
0.2192 0.12 0.08 0.06 0.05 0.045 0.04 0.035 0.03 0.02 0.02 0.02 0.015 0.015 0.015 0.015 0.001 0.001 0.001 0.001 0.001 0.001 0.001 0.001 0.001 0.001 0.001 0.001 0.001 0.001 0.001 0.001 0.001 0.001 0.001 0.001 0.001 0.001 0.001 0.001 0.001 0.0001 0.0001 0.0001 0.0001 0.0001 0.0001 0.0001 0.0001 0.175 
Proportion of infected at cutoff : 0.0100
Proportion of susceptibles at cutoff : 0.9663
(45,3) : 2
(49,0) : 25
(48,1) : 15
(50,0) : 28
(46,1) : 3
(47,1) : 9
(9,0) : 21
(14,0) : 11
(35,0) : 1
(49,1) : 10
(1,0) : 152
(48,0) : 16
(11,0) : 17
(2,0) : 104
(12,0) : 13
(45,1) : 2
(10,0) : 19
(28,0) : 3
(45,2) : 2
(26,0) : 2
(41,0) : 1
(46,2) : 1
(46,0) : 1
(5,0) : 29
(32,0) : 1
(46,3) : 1
(13,0) : 8
(43,3) : 1
(11,2) : 1
(47,0) : 5
(6,0) : 25
(36,1) : 1
(14,1) : 3
(7,0) : 37
(29,0) : 1
(16,0) : 8
(38,1) : 1
(45,0) : 1
(4,0) : 47
(8,0) : 20
(3,0) : 64
(47,2) : 1
(48,2) : 1
(34,0) : 2
(40,0) : 2
(15,0) : 11
(47,3) : 1
(25,0) : 1
(43,2) : 1
(24,0) : 1
(10,1) : 1
(45,5) : 1
(3,1) : 4
(36,0) : 2
(6,3) : 1
(32,1) : 1
(2,1) : 4
(12,1) : 2
(33,0) : 1
(5,1) : 1
(6,1) : 1
(1,1) : 2
(4,1) : 1
(0,1) : 2
(0,0) : 5
