pop size : 10000, betaG : 0.08500, lambdaH : 0.10000, lambdaW : 0.00100, gamma : 0.12500, Tmax : 150.00, threshold of infected : 0.010
0.37 0.32 0.13 0.12 0.04 0.02 
0.2192 0.12 0.08 0.06 0.05 0.045 0.04 0.035 0.03 0.02 0.02 0.02 0.015 0.015 0.015 0.015 0.001 0.001 0.001 0.001 0.001 0.001 0.001 0.001 0.001 0.001 0.001 0.001 0.001 0.001 0.001 0.001 0.001 0.001 0.001 0.001 0.001 0.001 0.001 0.001 0.001 0.0001 0.0001 0.0001 0.0001 0.0001 0.0001 0.0001 0.0001 0.175 
Proportion of infected at cutoff : 0.0100
Proportion of susceptibles at cutoff : 0.9715
(8,0) : 25
(1,0) : 199
(49,0) : 24
(3,0) : 70
(8,1) : 4
(45,1) : 2
(48,0) : 8
(47,2) : 4
(49,1) : 10
(11,0) : 18
(10,0) : 16
(50,0) : 34
(44,1) : 1
(4,0) : 51
(47,3) : 3
(29,0) : 2
(6,0) : 36
(48,1) : 8
(48,2) : 4
(13,0) : 18
(47,0) : 5
(41,0) : 1
(5,0) : 37
(47,1) : 6
(15,0) : 14
(14,0) : 13
(32,0) : 1
(46,0) : 2
(9,0) : 22
(9,1) : 1
(16,0) : 12
(42,4) : 1
(27,0) : 1
(30,0) : 1
(22,0) : 1
(45,2) : 2
(41,1) : 1
(13,1) : 4
(28,1) : 1
(7,0) : 28
(22,1) : 1
(46,2) : 1
(2,0) : 111
(12,0) : 11
(39,0) : 1
(14,1) : 1
(44,3) : 1
(36,0) : 1
(29,1) : 1
(46,1) : 1
(38,1) : 1
(6,1) : 1
(24,0) : 2
(20,0) : 2
(37,0) : 1
(25,0) : 1
(0,1) : 2
(46,3) : 1
(11,2) : 1
(2,1) : 1
(4,1) : 1
(28,0) : 1
(17,0) : 1
(45,3) : 1
(5,1) : 2
(21,2) : 1
(19,0) : 1
(1,1) : 2
(0,0) : 2
