pop size : 10000, betaG : 0.08500, lambdaH : 0.10000, lambdaW : 0.00100, gamma : 0.12500, Tmax : 150.00, threshold of infected : 0.010
0.37 0.32 0.13 0.12 0.04 0.02 
0.2192 0.12 0.08 0.06 0.05 0.045 0.04 0.035 0.03 0.02 0.02 0.02 0.015 0.015 0.015 0.015 0.001 0.001 0.001 0.001 0.001 0.001 0.001 0.001 0.001 0.001 0.001 0.001 0.001 0.001 0.001 0.001 0.001 0.001 0.001 0.001 0.001 0.001 0.001 0.001 0.001 0.0001 0.0001 0.0001 0.0001 0.0001 0.0001 0.0001 0.0001 0.175 
Proportion of infected at cutoff : 0.0100
Proportion of susceptibles at cutoff : 0.9736
(50,0) : 46
(3,0) : 60
(40,0) : 2
(6,0) : 32
(49,1) : 11
(48,1) : 12
(11,0) : 21
(6,1) : 2
(47,0) : 3
(4,0) : 42
(2,0) : 79
(46,2) : 1
(7,0) : 24
(34,0) : 1
(47,1) : 6
(49,0) : 21
(13,0) : 10
(16,0) : 10
(45,1) : 4
(14,0) : 9
(9,0) : 20
(35,0) : 1
(8,0) : 26
(28,0) : 1
(46,0) : 4
(1,0) : 159
(48,2) : 4
(12,0) : 13
(47,3) : 1
(15,1) : 1
(22,0) : 2
(10,0) : 14
(15,0) : 11
(7,1) : 4
(46,3) : 3
(31,0) : 3
(45,3) : 2
(45,2) : 1
(48,0) : 5
(5,0) : 37
(26,0) : 1
(47,2) : 2
(44,1) : 1
(38,1) : 1
(3,1) : 1
(43,2) : 1
(41,0) : 1
(16,1) : 1
(29,2) : 1
(9,1) : 1
(5,1) : 3
(29,0) : 1
(35,1) : 1
(17,0) : 1
(2,1) : 3
(24,0) : 3
(14,1) : 1
(27,0) : 1
(0,1) : 2
(9,3) : 1
(20,0) : 2
(8,1) : 1
(12,1) : 1
(4,1) : 1
(1,1) : 1
(0,0) : 1
