pop size : 10000, betaG : 0.08500, lambdaH : 0.10000, lambdaW : 0.00100, gamma : 0.12500, Tmax : 150.00, threshold of infected : 0.010
0.37 0.32 0.13 0.12 0.04 0.02 
0.2192 0.12 0.08 0.06 0.05 0.045 0.04 0.035 0.03 0.02 0.02 0.02 0.015 0.015 0.015 0.015 0.001 0.001 0.001 0.001 0.001 0.001 0.001 0.001 0.001 0.001 0.001 0.001 0.001 0.001 0.001 0.001 0.001 0.001 0.001 0.001 0.001 0.001 0.001 0.001 0.001 0.0001 0.0001 0.0001 0.0001 0.0001 0.0001 0.0001 0.0001 0.175 
Proportion of infected at cutoff : 0.0100
Proportion of susceptibles at cutoff : 0.9777
(50,0) : 46
(6,1) : 3
(49,0) : 25
(48,2) : 9
(12,0) : 14
(49,1) : 22
(11,0) : 16
(47,3) : 2
(5,0) : 34
(16,0) : 10
(9,0) : 19
(7,0) : 31
(40,0) : 1
(2,0) : 99
(14,0) : 15
(47,1) : 3
(29,0) : 3
(20,0) : 1
(4,0) : 58
(47,2) : 3
(47,0) : 1
(38,0) : 2
(46,1) : 2
(10,0) : 17
(48,1) : 7
(3,0) : 54
(15,0) : 12
(23,0) : 1
(32,0) : 2
(48,0) : 4
(44,2) : 1
(15,1) : 1
(8,0) : 19
(35,1) : 1
(10,1) : 1
(44,0) : 1
(13,0) : 11
(5,1) : 2
(1,0) : 169
(6,0) : 28
(24,0) : 1
(45,0) : 1
(45,2) : 1
(7,1) : 1
(40,1) : 1
(2,1) : 4
(14,1) : 2
(9,1) : 1
(43,2) : 1
(33,0) : 1
(20,1) : 1
(12,1) : 2
(0,1) : 2
(4,2) : 1
(3,1) : 3
(4,1) : 1
(13,1) : 1
(11,1) : 1
