pop size : 10000, betaG : 0.08500, lambdaH : 0.10000, lambdaW : 0.00100, gamma : 0.12500, Tmax : 150.00, threshold of infected : 0.010
0.37 0.32 0.13 0.12 0.04 0.02 
0.2192 0.12 0.08 0.06 0.05 0.045 0.04 0.035 0.03 0.02 0.02 0.02 0.015 0.015 0.015 0.015 0.001 0.001 0.001 0.001 0.001 0.001 0.001 0.001 0.001 0.001 0.001 0.001 0.001 0.001 0.001 0.001 0.001 0.001 0.001 0.001 0.001 0.001 0.001 0.001 0.001 0.0001 0.0001 0.0001 0.0001 0.0001 0.0001 0.0001 0.0001 0.175 
Proportion of infected at cutoff : 0.0100
Proportion of susceptibles at cutoff : 0.9796
(50,0) : 57
(48,0) : 6
(7,0) : 32
(49,0) : 13
(48,1) : 12
(48,2) : 7
(33,0) : 2
(13,0) : 6
(8,0) : 36
(49,1) : 24
(2,0) : 96
(47,0) : 4
(12,0) : 11
(14,1) : 4
(39,4) : 1
(32,0) : 2
(45,1) : 1
(31,0) : 4
(3,0) : 56
(9,0) : 23
(14,0) : 7
(26,0) : 1
(8,1) : 1
(9,1) : 2
(46,3) : 1
(4,0) : 43
(21,0) : 1
(45,3) : 1
(4,1) : 2
(11,0) : 11
(6,0) : 32
(5,0) : 39
(45,4) : 1
(10,0) : 8
(1,0) : 173
(35,1) : 1
(35,0) : 1
(11,1) : 1
(46,1) : 1
(29,0) : 1
(15,1) : 1
(18,2) : 1
(1,1) : 2
(20,0) : 1
(47,1) : 2
(27,0) : 3
(16,0) : 9
(5,1) : 3
(15,0) : 4
(34,0) : 1
(44,1) : 1
(12,1) : 3
(6,1) : 1
(22,0) : 1
(23,0) : 1
(3,1) : 2
(7,1) : 2
(20,1) : 1
(2,1) : 2
(0,1) : 1
(0,0) : 1
