pop size : 10000, betaG : 0.08500, lambdaH : 0.10000, lambdaW : 0.00100, gamma : 0.12500, Tmax : 150.00, threshold of infected : 0.010
0.37 0.32 0.13 0.12 0.04 0.02 
0.2192 0.12 0.08 0.06 0.05 0.045 0.04 0.035 0.03 0.02 0.02 0.02 0.015 0.015 0.015 0.015 0.001 0.001 0.001 0.001 0.001 0.001 0.001 0.001 0.001 0.001 0.001 0.001 0.001 0.001 0.001 0.001 0.001 0.001 0.001 0.001 0.001 0.001 0.001 0.001 0.001 0.0001 0.0001 0.0001 0.0001 0.0001 0.0001 0.0001 0.0001 0.175 
Proportion of infected at cutoff : 0.0100
Proportion of susceptibles at cutoff : 0.9799
(50,0) : 61
(6,0) : 38
(45,1) : 1
(8,1) : 5
(28,1) : 1
(49,1) : 20
(30,0) : 1
(23,0) : 1
(48,0) : 5
(49,0) : 19
(10,0) : 14
(13,1) : 1
(47,2) : 4
(46,3) : 2
(36,1) : 1
(7,0) : 26
(16,0) : 6
(39,0) : 1
(48,2) : 6
(4,0) : 52
(3,0) : 60
(48,1) : 5
(11,0) : 11
(5,0) : 30
(24,0) : 2
(2,0) : 90
(13,0) : 11
(25,0) : 1
(30,1) : 1
(47,3) : 2
(28,0) : 1
(31,0) : 1
(8,0) : 29
(27,0) : 1
(23,1) : 1
(10,1) : 1
(12,0) : 10
(1,0) : 154
(15,0) : 5
(14,0) : 12
(35,0) : 1
(29,1) : 1
(9,0) : 20
(47,0) : 1
(21,0) : 1
(34,0) : 1
(44,2) : 1
(36,0) : 1
(9,1) : 2
(45,2) : 2
(46,1) : 1
(1,1) : 3
(20,0) : 1
(6,1) : 2
(38,0) : 2
(19,0) : 1
(7,1) : 4
(11,1) : 1
(32,0) : 1
(15,1) : 1
(26,1) : 1
(5,1) : 1
(2,1) : 1
(0,1) : 3
(4,1) : 2
(6,2) : 1
(0,0) : 2
