pop size : 10000, betaG : 0.08500, lambdaH : 0.10000, lambdaW : 0.00100, gamma : 0.12500, Tmax : 150.00, threshold of infected : 0.010
0.37 0.32 0.13 0.12 0.04 0.02 
0.2192 0.12 0.08 0.06 0.05 0.045 0.04 0.035 0.03 0.02 0.02 0.02 0.015 0.015 0.015 0.015 0.001 0.001 0.001 0.001 0.001 0.001 0.001 0.001 0.001 0.001 0.001 0.001 0.001 0.001 0.001 0.001 0.001 0.001 0.001 0.001 0.001 0.001 0.001 0.001 0.001 0.0001 0.0001 0.0001 0.0001 0.0001 0.0001 0.0001 0.0001 0.175 
Proportion of infected at cutoff : 0.0100
Proportion of susceptibles at cutoff : 0.9805
(49,1) : 17
(2,0) : 94
(49,0) : 16
(12,0) : 20
(50,0) : 60
(48,2) : 6
(6,0) : 36
(8,0) : 21
(48,1) : 7
(46,3) : 3
(15,0) : 11
(36,0) : 1
(47,3) : 3
(4,0) : 54
(14,0) : 9
(7,0) : 26
(45,2) : 1
(1,0) : 157
(15,1) : 1
(47,0) : 3
(48,0) : 6
(14,1) : 1
(45,3) : 1
(16,0) : 10
(3,0) : 47
(46,2) : 2
(47,2) : 3
(9,0) : 18
(13,0) : 9
(33,0) : 3
(5,0) : 29
(16,1) : 1
(0,1) : 1
(39,0) : 1
(45,4) : 3
(11,0) : 12
(12,1) : 1
(20,1) : 1
(29,0) : 2
(9,1) : 1
(28,0) : 1
(10,0) : 18
(41,0) : 1
(46,0) : 2
(34,0) : 2
(35,0) : 1
(40,0) : 1
(6,1) : 3
(18,0) : 1
(13,1) : 1
(5,2) : 1
(11,1) : 1
(2,1) : 3
(3,1) : 1
(7,1) : 1
(0,0) : 1
