pop size : 10000, betaG : 0.08500, lambdaH : 0.10000, lambdaW : 0.00100, gamma : 0.12500, Tmax : 150.00, threshold of infected : 0.010
0.37 0.32 0.13 0.12 0.04 0.02 
0.2192 0.12 0.08 0.06 0.05 0.045 0.04 0.035 0.03 0.02 0.02 0.02 0.015 0.015 0.015 0.015 0.001 0.001 0.001 0.001 0.001 0.001 0.001 0.001 0.001 0.001 0.001 0.001 0.001 0.001 0.001 0.001 0.001 0.001 0.001 0.001 0.001 0.001 0.001 0.001 0.001 0.0001 0.0001 0.0001 0.0001 0.0001 0.0001 0.0001 0.0001 0.175 
Proportion of infected at cutoff : 0.0100
Proportion of susceptibles at cutoff : 0.9755
(1,0) : 144
(39,0) : 3
(50,0) : 50
(4,0) : 49
(46,2) : 2
(12,0) : 12
(48,0) : 8
(13,0) : 14
(9,0) : 17
(46,0) : 1
(15,0) : 13
(48,1) : 8
(49,0) : 26
(41,7) : 1
(49,1) : 13
(33,0) : 1
(31,0) : 1
(3,0) : 53
(38,0) : 1
(41,0) : 1
(7,0) : 30
(47,0) : 3
(45,2) : 5
(47,1) : 1
(23,0) : 2
(5,0) : 31
(8,0) : 18
(46,3) : 1
(28,0) : 1
(2,0) : 97
(6,0) : 26
(14,0) : 12
(47,2) : 4
(47,3) : 2
(16,0) : 9
(11,0) : 9
(10,0) : 17
(7,1) : 4
(48,2) : 3
(46,4) : 1
(14,1) : 2
(10,1) : 1
(37,0) : 1
(36,2) : 1
(20,0) : 2
(3,1) : 1
(6,1) : 4
(36,0) : 1
(20,2) : 1
(12,1) : 2
(46,1) : 1
(43,1) : 1
(17,0) : 1
(19,0) : 1
(21,0) : 1
(9,1) : 1
(2,1) : 1
(0,0) : 2
(8,1) : 1
(5,1) : 1
(21,2) : 1
(6,2) : 1
(35,0) : 1
(1,1) : 1
(0,1) : 1
