pop size : 10000, betaG : 0.08500, lambdaH : 0.10000, lambdaW : 0.00100, gamma : 0.12500, Tmax : 150.00, threshold of infected : 0.010
0.37 0.32 0.13 0.12 0.04 0.02 
0.2192 0.12 0.08 0.06 0.05 0.045 0.04 0.035 0.03 0.02 0.02 0.02 0.015 0.015 0.015 0.015 0.001 0.001 0.001 0.001 0.001 0.001 0.001 0.001 0.001 0.001 0.001 0.001 0.001 0.001 0.001 0.001 0.001 0.001 0.001 0.001 0.001 0.001 0.001 0.001 0.001 0.0001 0.0001 0.0001 0.0001 0.0001 0.0001 0.0001 0.0001 0.175 
Proportion of infected at cutoff : 0.0100
Proportion of susceptibles at cutoff : 0.9751
(43,5) : 1
(13,0) : 11
(50,0) : 43
(47,0) : 3
(5,0) : 37
(3,0) : 62
(1,0) : 177
(48,2) : 5
(49,1) : 15
(4,0) : 58
(48,0) : 7
(21,1) : 1
(46,0) : 3
(15,1) : 3
(46,3) : 3
(6,0) : 29
(34,0) : 1
(14,0) : 10
(10,0) : 8
(16,1) : 1
(9,0) : 17
(44,2) : 1
(8,0) : 35
(2,0) : 96
(49,0) : 22
(48,1) : 8
(41,3) : 1
(47,2) : 1
(32,0) : 1
(47,1) : 4
(16,0) : 6
(7,0) : 38
(21,0) : 1
(25,1) : 3
(12,0) : 21
(11,0) : 18
(26,0) : 3
(35,0) : 1
(30,0) : 1
(10,1) : 1
(46,1) : 3
(36,0) : 2
(22,0) : 1
(27,0) : 1
(33,0) : 1
(15,0) : 9
(25,0) : 1
(38,0) : 1
(14,2) : 1
(8,1) : 6
(2,1) : 1
(11,1) : 2
(6,1) : 2
(44,3) : 1
(23,0) : 2
(12,1) : 1
(39,0) : 1
(45,2) : 1
(22,1) : 1
(9,1) : 2
(7,1) : 1
(34,2) : 1
(0,0) : 3
(13,1) : 1
(3,1) : 2
(19,0) : 1
(4,1) : 1
(0,1) : 1
