pop size : 10000, betaG : 0.08500, lambdaH : 0.10000, lambdaW : 0.00100, gamma : 0.12500, Tmax : 150.00, threshold of infected : 0.010
0.37 0.32 0.13 0.12 0.04 0.02 
0.2192 0.12 0.08 0.06 0.05 0.045 0.04 0.035 0.03 0.02 0.02 0.02 0.015 0.015 0.015 0.015 0.001 0.001 0.001 0.001 0.001 0.001 0.001 0.001 0.001 0.001 0.001 0.001 0.001 0.001 0.001 0.001 0.001 0.001 0.001 0.001 0.001 0.001 0.001 0.001 0.001 0.0001 0.0001 0.0001 0.0001 0.0001 0.0001 0.0001 0.0001 0.175 
Proportion of infected at cutoff : 0.0100
Proportion of susceptibles at cutoff : 0.9734
(7,0) : 28
(12,0) : 6
(50,0) : 44
(48,0) : 15
(14,0) : 9
(5,1) : 4
(9,0) : 20
(47,1) : 8
(49,1) : 13
(13,0) : 11
(47,2) : 3
(8,0) : 32
(49,0) : 23
(5,0) : 45
(46,1) : 2
(44,2) : 1
(48,1) : 5
(15,0) : 10
(4,0) : 48
(6,0) : 29
(10,0) : 14
(45,4) : 2
(46,0) : 1
(16,0) : 10
(34,1) : 1
(47,3) : 5
(9,1) : 2
(47,0) : 3
(3,0) : 63
(11,0) : 12
(45,3) : 1
(36,0) : 1
(30,0) : 2
(2,0) : 87
(20,0) : 2
(15,1) : 1
(26,0) : 1
(6,1) : 2
(37,1) : 2
(38,1) : 1
(1,0) : 171
(14,1) : 2
(25,0) : 1
(38,0) : 1
(45,0) : 1
(13,1) : 1
(48,2) : 2
(43,0) : 1
(29,0) : 1
(11,1) : 1
(18,1) : 1
(18,0) : 1
(28,1) : 1
(3,1) : 2
(7,1) : 2
(35,0) : 1
(46,3) : 1
(10,1) : 1
(8,1) : 2
(19,0) : 1
(2,2) : 1
(1,1) : 1
(0,0) : 2
(4,1) : 1
(2,1) : 1
