pop size : 10000, betaG : 0.08500, lambdaH : 0.10000, lambdaW : 0.00100, gamma : 0.12500, Tmax : 150.00, threshold of infected : 0.010
0.37 0.32 0.13 0.12 0.04 0.02 
0.2192 0.12 0.08 0.06 0.05 0.045 0.04 0.035 0.03 0.02 0.02 0.02 0.015 0.015 0.015 0.015 0.001 0.001 0.001 0.001 0.001 0.001 0.001 0.001 0.001 0.001 0.001 0.001 0.001 0.001 0.001 0.001 0.001 0.001 0.001 0.001 0.001 0.001 0.001 0.001 0.001 0.0001 0.0001 0.0001 0.0001 0.0001 0.0001 0.0001 0.0001 0.175 
Proportion of infected at cutoff : 0.0100
Proportion of susceptibles at cutoff : 0.9769
(13,0) : 10
(49,1) : 24
(2,0) : 80
(48,1) : 9
(50,0) : 48
(46,3) : 1
(10,0) : 14
(46,2) : 3
(5,0) : 28
(49,0) : 16
(38,0) : 1
(47,1) : 7
(48,2) : 3
(8,0) : 24
(4,0) : 43
(48,0) : 11
(12,0) : 15
(43,0) : 1
(11,0) : 12
(15,1) : 2
(18,0) : 1
(39,0) : 1
(47,3) : 1
(28,0) : 2
(3,0) : 55
(15,0) : 6
(9,0) : 24
(13,1) : 1
(22,0) : 2
(7,0) : 23
(6,0) : 23
(7,1) : 3
(33,0) : 1
(19,0) : 2
(30,1) : 1
(47,2) : 3
(47,0) : 3
(45,2) : 1
(46,0) : 1
(17,0) : 2
(41,0) : 1
(16,0) : 7
(41,3) : 1
(21,0) : 2
(1,0) : 132
(37,0) : 1
(29,1) : 1
(35,0) : 1
(46,1) : 3
(14,0) : 6
(24,2) : 1
(29,0) : 1
(45,4) : 1
(36,1) : 1
(9,1) : 1
(6,1) : 1
(10,1) : 1
(4,1) : 3
(14,1) : 1
(19,1) : 1
(8,1) : 2
(7,2) : 1
(1,1) : 1
