pop size : 10000, betaG : 0.08500, lambdaH : 0.10000, lambdaW : 0.00100, gamma : 0.12500, Tmax : 150.00, threshold of infected : 0.010
0.37 0.32 0.13 0.12 0.04 0.02 
0.2192 0.12 0.08 0.06 0.05 0.045 0.04 0.035 0.03 0.02 0.02 0.02 0.015 0.015 0.015 0.015 0.001 0.001 0.001 0.001 0.001 0.001 0.001 0.001 0.001 0.001 0.001 0.001 0.001 0.001 0.001 0.001 0.001 0.001 0.001 0.001 0.001 0.001 0.001 0.001 0.001 0.0001 0.0001 0.0001 0.0001 0.0001 0.0001 0.0001 0.0001 0.175 
Proportion of infected at cutoff : 0.0100
Proportion of susceptibles at cutoff : 0.9763
(50,0) : 53
(9,0) : 29
(5,0) : 32
(12,0) : 20
(49,1) : 19
(7,0) : 23
(3,0) : 58
(6,0) : 28
(10,0) : 17
(11,0) : 22
(5,1) : 6
(46,2) : 3
(28,1) : 1
(48,1) : 9
(49,0) : 23
(14,0) : 12
(2,0) : 82
(15,1) : 2
(8,0) : 28
(47,3) : 2
(17,0) : 1
(47,2) : 5
(38,0) : 1
(48,0) : 3
(47,0) : 3
(16,0) : 5
(13,1) : 1
(1,0) : 144
(47,1) : 1
(46,3) : 4
(46,1) : 2
(46,4) : 1
(4,0) : 40
(41,0) : 1
(48,2) : 2
(15,0) : 6
(13,0) : 7
(45,0) : 2
(36,0) : 2
(39,0) : 1
(42,3) : 1
(3,1) : 3
(45,1) : 1
(18,1) : 1
(8,1) : 5
(33,0) : 1
(22,0) : 1
(6,1) : 1
(7,1) : 1
(37,0) : 1
(23,0) : 1
(27,0) : 1
(0,1) : 1
(0,0) : 1
(2,1) : 1
