pop size : 10000, betaG : 0.08500, lambdaH : 0.10000, lambdaW : 0.00100, gamma : 0.12500, Tmax : 150.00, threshold of infected : 0.010
0.37 0.32 0.13 0.12 0.04 0.02 
0.2192 0.12 0.08 0.06 0.05 0.045 0.04 0.035 0.03 0.02 0.02 0.02 0.015 0.015 0.015 0.015 0.001 0.001 0.001 0.001 0.001 0.001 0.001 0.001 0.001 0.001 0.001 0.001 0.001 0.001 0.001 0.001 0.001 0.001 0.001 0.001 0.001 0.001 0.001 0.001 0.001 0.0001 0.0001 0.0001 0.0001 0.0001 0.0001 0.0001 0.0001 0.175 
Proportion of infected at cutoff : 0.0100
Proportion of susceptibles at cutoff : 0.9760
(49,0) : 30
(50,0) : 44
(7,0) : 28
(45,2) : 1
(9,0) : 23
(49,1) : 14
(10,0) : 13
(40,0) : 1
(47,1) : 4
(48,1) : 8
(48,2) : 5
(48,0) : 9
(13,0) : 13
(47,0) : 2
(47,3) : 3
(44,0) : 1
(11,0) : 13
(3,0) : 63
(4,0) : 40
(2,0) : 84
(14,1) : 2
(47,2) : 4
(14,0) : 9
(5,0) : 40
(31,1) : 1
(16,0) : 8
(35,4) : 1
(1,0) : 167
(3,1) : 2
(39,7) : 1
(12,0) : 9
(34,1) : 1
(6,0) : 36
(15,0) : 9
(25,0) : 2
(46,1) : 1
(8,0) : 26
(46,3) : 1
(5,1) : 5
(39,0) : 1
(26,0) : 1
(42,2) : 1
(37,1) : 1
(23,0) : 1
(6,1) : 1
(36,0) : 1
(18,0) : 1
(36,1) : 1
(7,1) : 2
(25,1) : 1
(11,1) : 2
(28,1) : 1
(24,0) : 1
(17,0) : 1
(37,0) : 1
(46,0) : 1
(4,1) : 1
(28,0) : 1
(31,0) : 1
(2,1) : 2
(10,1) : 1
(13,1) : 1
(30,0) : 1
(21,0) : 1
(0,0) : 3
(0,1) : 2
(1,1) : 1
