pop size : 10000, betaG : 0.08500, lambdaH : 0.10000, lambdaW : 0.00100, gamma : 0.12500, Tmax : 150.00, threshold of infected : 0.010
0.37 0.32 0.13 0.12 0.04 0.02 
0.2192 0.12 0.08 0.06 0.05 0.045 0.04 0.035 0.03 0.02 0.02 0.02 0.015 0.015 0.015 0.015 0.001 0.001 0.001 0.001 0.001 0.001 0.001 0.001 0.001 0.001 0.001 0.001 0.001 0.001 0.001 0.001 0.001 0.001 0.001 0.001 0.001 0.001 0.001 0.001 0.001 0.0001 0.0001 0.0001 0.0001 0.0001 0.0001 0.0001 0.0001 0.175 
Proportion of infected at cutoff : 0.0100
Proportion of susceptibles at cutoff : 0.9713
(48,2) : 7
(50,0) : 36
(47,1) : 6
(49,0) : 25
(43,4) : 1
(10,0) : 11
(48,0) : 15
(9,0) : 28
(12,0) : 15
(31,2) : 1
(46,3) : 1
(45,3) : 2
(44,1) : 2
(15,0) : 10
(46,2) : 2
(33,0) : 2
(47,2) : 3
(4,0) : 44
(30,0) : 1
(47,3) : 1
(49,1) : 13
(5,0) : 40
(38,0) : 3
(16,0) : 6
(14,0) : 12
(2,0) : 80
(7,0) : 27
(8,0) : 27
(48,1) : 6
(11,1) : 3
(16,1) : 1
(1,0) : 183
(3,0) : 64
(36,0) : 1
(13,1) : 3
(37,0) : 1
(6,0) : 37
(43,1) : 1
(13,0) : 13
(11,0) : 11
(19,0) : 1
(20,0) : 1
(46,1) : 2
(47,0) : 3
(5,1) : 2
(7,2) : 1
(21,0) : 1
(35,0) : 1
(24,0) : 2
(27,1) : 1
(26,0) : 1
(34,0) : 1
(45,1) : 1
(14,1) : 2
(17,0) : 2
(4,1) : 2
(9,1) : 2
(2,1) : 3
(8,1) : 1
(3,1) : 1
(0,0) : 3
(7,1) : 1
(6,1) : 2
(0,1) : 1
