pop size : 10000, betaG : 0.08500, lambdaH : 0.10000, lambdaW : 0.00100, gamma : 0.12500, Tmax : 150.00, threshold of infected : 0.010
0.37 0.32 0.13 0.12 0.04 0.02 
0.2192 0.12 0.08 0.06 0.05 0.045 0.04 0.035 0.03 0.02 0.02 0.02 0.015 0.015 0.015 0.015 0.001 0.001 0.001 0.001 0.001 0.001 0.001 0.001 0.001 0.001 0.001 0.001 0.001 0.001 0.001 0.001 0.001 0.001 0.001 0.001 0.001 0.001 0.001 0.001 0.001 0.0001 0.0001 0.0001 0.0001 0.0001 0.0001 0.0001 0.0001 0.175 
Proportion of infected at cutoff : 0.0100
Proportion of susceptibles at cutoff : 0.9767
(50,0) : 39
(48,0) : 8
(49,1) : 25
(13,0) : 10
(14,0) : 16
(43,5) : 1
(49,0) : 22
(5,0) : 53
(8,0) : 30
(2,0) : 90
(7,0) : 26
(4,0) : 39
(45,3) : 2
(9,0) : 20
(36,3) : 1
(36,1) : 2
(11,1) : 1
(48,2) : 1
(48,1) : 13
(47,0) : 4
(1,0) : 167
(47,2) : 3
(39,1) : 1
(46,0) : 2
(38,1) : 1
(12,0) : 12
(10,0) : 14
(46,3) : 1
(28,0) : 3
(37,0) : 1
(47,1) : 2
(3,0) : 51
(16,0) : 6
(35,0) : 1
(6,0) : 40
(15,1) : 2
(21,0) : 2
(42,1) : 1
(11,0) : 15
(15,0) : 5
(7,1) : 1
(45,0) : 1
(33,1) : 1
(46,2) : 1
(34,0) : 2
(47,3) : 1
(46,4) : 1
(25,0) : 1
(5,1) : 2
(32,0) : 1
(33,0) : 2
(4,1) : 2
(8,1) : 1
(14,2) : 1
(17,0) : 2
(22,0) : 1
(10,1) : 2
(9,1) : 2
(2,1) : 3
(6,1) : 1
(0,1) : 1
(0,0) : 1
