pop size : 10000, betaG : 0.08500, lambdaH : 0.10000, lambdaW : 0.00100, gamma : 0.12500, Tmax : 150.00, threshold of infected : 0.010
0.37 0.32 0.13 0.12 0.04 0.02 
0.2192 0.12 0.08 0.06 0.05 0.045 0.04 0.035 0.03 0.02 0.02 0.02 0.015 0.015 0.015 0.015 0.001 0.001 0.001 0.001 0.001 0.001 0.001 0.001 0.001 0.001 0.001 0.001 0.001 0.001 0.001 0.001 0.001 0.001 0.001 0.001 0.001 0.001 0.001 0.001 0.001 0.0001 0.0001 0.0001 0.0001 0.0001 0.0001 0.0001 0.0001 0.175 
Proportion of infected at cutoff : 0.0100
Proportion of susceptibles at cutoff : 0.9743
(49,0) : 24
(47,2) : 10
(48,2) : 3
(48,0) : 14
(50,0) : 48
(46,2) : 3
(12,0) : 17
(7,0) : 20
(43,4) : 1
(1,0) : 160
(49,1) : 13
(3,0) : 42
(10,0) : 7
(46,0) : 1
(44,1) : 1
(11,1) : 2
(36,1) : 2
(16,0) : 5
(2,0) : 94
(11,0) : 12
(8,0) : 27
(15,0) : 10
(48,1) : 6
(47,0) : 2
(4,0) : 31
(9,0) : 20
(9,1) : 1
(42,4) : 1
(47,3) : 1
(45,2) : 1
(14,0) : 12
(43,3) : 1
(26,0) : 2
(34,1) : 1
(46,1) : 3
(40,1) : 1
(6,0) : 36
(25,0) : 2
(42,0) : 1
(4,1) : 1
(23,0) : 1
(10,1) : 1
(7,1) : 1
(45,1) : 1
(27,0) : 1
(22,0) : 2
(13,0) : 6
(2,1) : 2
(6,1) : 1
(5,1) : 2
(8,1) : 2
(38,0) : 2
(33,0) : 2
(5,0) : 36
(29,0) : 2
(47,1) : 1
(46,3) : 1
(3,1) : 3
(11,2) : 1
(13,1) : 1
(20,0) : 1
(1,1) : 1
(0,0) : 2
