pop size : 10000, betaG : 0.08500, lambdaH : 0.10000, lambdaW : 0.00100, gamma : 0.12500, Tmax : 150.00, threshold of infected : 0.010
0.37 0.32 0.13 0.12 0.04 0.02 
0.2192 0.12 0.08 0.06 0.05 0.045 0.04 0.035 0.03 0.02 0.02 0.02 0.015 0.015 0.015 0.015 0.001 0.001 0.001 0.001 0.001 0.001 0.001 0.001 0.001 0.001 0.001 0.001 0.001 0.001 0.001 0.001 0.001 0.001 0.001 0.001 0.001 0.001 0.001 0.001 0.001 0.0001 0.0001 0.0001 0.0001 0.0001 0.0001 0.0001 0.0001 0.175 
Proportion of infected at cutoff : 0.0100
Proportion of susceptibles at cutoff : 0.9755
(2,0) : 91
(50,0) : 47
(7,0) : 43
(49,1) : 19
(48,0) : 8
(9,0) : 27
(48,1) : 6
(43,1) : 1
(1,0) : 184
(4,0) : 50
(44,1) : 1
(47,0) : 3
(29,0) : 1
(49,0) : 24
(45,3) : 1
(47,1) : 5
(13,0) : 5
(15,0) : 11
(46,2) : 2
(35,0) : 2
(5,0) : 39
(19,0) : 1
(32,0) : 4
(10,0) : 10
(11,0) : 12
(12,1) : 3
(33,0) : 1
(12,0) : 10
(25,0) : 1
(46,1) : 2
(16,0) : 5
(3,0) : 53
(47,2) : 2
(6,0) : 28
(23,0) : 1
(8,0) : 20
(46,3) : 2
(48,2) : 4
(42,2) : 1
(22,0) : 2
(14,0) : 8
(46,0) : 2
(9,1) : 3
(28,0) : 1
(10,1) : 4
(39,0) : 1
(27,1) : 1
(29,1) : 1
(17,0) : 2
(26,2) : 1
(7,1) : 1
(45,1) : 1
(8,1) : 3
(6,1) : 1
(5,1) : 3
(1,1) : 3
(18,2) : 1
(31,0) : 1
(3,2) : 1
(11,1) : 1
(15,1) : 1
(4,1) : 4
(2,1) : 1
(3,1) : 1
(0,0) : 2
(0,1) : 1
