pop size : 10000, betaG : 0.08500, lambdaH : 0.10000, lambdaW : 0.00100, gamma : 0.12500, Tmax : 150.00, threshold of infected : 0.010
0.37 0.32 0.13 0.12 0.04 0.02 
0.2192 0.12 0.08 0.06 0.05 0.045 0.04 0.035 0.03 0.02 0.02 0.02 0.015 0.015 0.015 0.015 0.001 0.001 0.001 0.001 0.001 0.001 0.001 0.001 0.001 0.001 0.001 0.001 0.001 0.001 0.001 0.001 0.001 0.001 0.001 0.001 0.001 0.001 0.001 0.001 0.001 0.0001 0.0001 0.0001 0.0001 0.0001 0.0001 0.0001 0.0001 0.175 
Proportion of infected at cutoff : 0.0100
Proportion of susceptibles at cutoff : 0.9787
(49,0) : 27
(11,0) : 13
(50,0) : 45
(15,0) : 9
(49,1) : 14
(48,1) : 8
(48,2) : 8
(37,0) : 1
(2,0) : 81
(47,1) : 1
(4,0) : 49
(38,0) : 2
(10,1) : 3
(10,0) : 14
(26,0) : 1
(48,0) : 6
(1,0) : 179
(46,2) : 2
(5,0) : 34
(16,0) : 11
(6,0) : 35
(12,1) : 5
(3,0) : 64
(12,0) : 22
(13,0) : 19
(45,1) : 1
(43,3) : 1
(47,2) : 4
(9,0) : 13
(46,1) : 2
(28,0) : 1
(8,0) : 30
(29,1) : 1
(4,1) : 2
(6,1) : 3
(39,0) : 1
(7,0) : 30
(23,0) : 1
(45,4) : 1
(25,0) : 1
(47,0) : 2
(30,0) : 1
(45,2) : 1
(19,0) : 1
(15,1) : 1
(11,1) : 2
(47,3) : 1
(21,0) : 1
(32,1) : 1
(32,0) : 2
(14,0) : 7
(44,0) : 1
(9,1) : 2
(5,1) : 1
(14,1) : 2
(21,1) : 1
(29,0) : 1
(7,1) : 1
(20,1) : 1
(8,1) : 1
(23,1) : 1
(13,1) : 1
(31,0) : 1
(5,2) : 1
(0,1) : 2
(0,0) : 1
(1,1) : 1
