pop size : 10000, betaG : 0.08500, lambdaH : 0.10000, lambdaW : 0.00100, gamma : 0.12500, Tmax : 150.00, threshold of infected : 0.010
0.37 0.32 0.13 0.12 0.04 0.02 
0.2192 0.12 0.08 0.06 0.05 0.045 0.04 0.035 0.03 0.02 0.02 0.02 0.015 0.015 0.015 0.015 0.001 0.001 0.001 0.001 0.001 0.001 0.001 0.001 0.001 0.001 0.001 0.001 0.001 0.001 0.001 0.001 0.001 0.001 0.001 0.001 0.001 0.001 0.001 0.001 0.001 0.0001 0.0001 0.0001 0.0001 0.0001 0.0001 0.0001 0.0001 0.175 
Proportion of infected at cutoff : 0.0100
Proportion of susceptibles at cutoff : 0.9821
(48,2) : 9
(50,0) : 62
(49,1) : 16
(48,1) : 10
(11,1) : 1
(13,0) : 12
(47,1) : 4
(47,2) : 4
(9,0) : 30
(10,0) : 14
(47,0) : 3
(16,0) : 9
(5,0) : 44
(47,3) : 3
(15,0) : 10
(39,0) : 1
(49,0) : 16
(12,0) : 11
(38,0) : 1
(1,0) : 135
(40,0) : 1
(32,0) : 2
(3,0) : 53
(2,0) : 94
(6,0) : 19
(11,0) : 11
(38,2) : 1
(46,1) : 1
(4,0) : 46
(2,1) : 2
(4,1) : 1
(48,0) : 2
(17,0) : 3
(8,0) : 17
(14,0) : 12
(7,0) : 31
(43,2) : 1
(21,2) : 1
(3,1) : 2
(45,1) : 1
(35,0) : 1
(19,0) : 2
(24,1) : 1
(46,2) : 1
(14,1) : 1
(8,1) : 1
(23,0) : 1
(18,0) : 2
(46,3) : 1
(28,0) : 1
(6,1) : 1
(45,5) : 1
(33,0) : 1
(1,1) : 4
(7,1) : 1
(10,1) : 1
(0,1) : 1
