pop size : 10000, betaG : 0.08500, lambdaH : 0.10000, lambdaW : 0.00100, gamma : 0.12500, Tmax : 150.00, threshold of infected : 0.010
0.37 0.32 0.13 0.12 0.04 0.02 
0.2192 0.12 0.08 0.06 0.05 0.045 0.04 0.035 0.03 0.02 0.02 0.02 0.015 0.015 0.015 0.015 0.001 0.001 0.001 0.001 0.001 0.001 0.001 0.001 0.001 0.001 0.001 0.001 0.001 0.001 0.001 0.001 0.001 0.001 0.001 0.001 0.001 0.001 0.001 0.001 0.001 0.0001 0.0001 0.0001 0.0001 0.0001 0.0001 0.0001 0.0001 0.175 
Proportion of infected at cutoff : 0.0100
Proportion of susceptibles at cutoff : 0.9749
(50,0) : 51
(48,1) : 11
(8,1) : 1
(46,0) : 1
(47,0) : 5
(3,0) : 57
(49,1) : 19
(7,0) : 30
(44,3) : 1
(24,0) : 1
(10,0) : 16
(13,0) : 7
(12,0) : 7
(11,0) : 14
(49,0) : 23
(4,0) : 39
(48,2) : 3
(35,2) : 1
(45,1) : 1
(48,0) : 11
(25,0) : 2
(5,0) : 37
(1,0) : 166
(9,0) : 18
(47,2) : 2
(44,0) : 1
(16,0) : 8
(47,1) : 3
(6,0) : 33
(10,1) : 3
(8,0) : 23
(14,1) : 4
(15,0) : 6
(33,1) : 2
(30,0) : 1
(28,1) : 1
(46,1) : 1
(12,1) : 3
(2,0) : 97
(46,2) : 1
(32,0) : 1
(14,0) : 11
(7,1) : 1
(38,1) : 1
(43,6) : 1
(15,1) : 1
(5,1) : 3
(17,2) : 1
(13,1) : 1
(37,0) : 1
(4,1) : 3
(1,1) : 2
(0,1) : 3
(11,1) : 1
(6,1) : 3
(34,0) : 1
(31,0) : 1
(3,1) : 2
(9,1) : 1
(6,2) : 1
(2,1) : 2
(0,0) : 2
