pop size : 10000, betaG : 0.08500, lambdaH : 0.10000, lambdaW : 0.00100, gamma : 0.12500, Tmax : 150.00, threshold of infected : 0.010
0.37 0.32 0.13 0.12 0.04 0.02 
0.2192 0.12 0.08 0.06 0.05 0.045 0.04 0.035 0.03 0.02 0.02 0.02 0.015 0.015 0.015 0.015 0.001 0.001 0.001 0.001 0.001 0.001 0.001 0.001 0.001 0.001 0.001 0.001 0.001 0.001 0.001 0.001 0.001 0.001 0.001 0.001 0.001 0.001 0.001 0.001 0.001 0.0001 0.0001 0.0001 0.0001 0.0001 0.0001 0.0001 0.0001 0.175 
Proportion of infected at cutoff : 0.0100
Proportion of susceptibles at cutoff : 0.9751
(15,0) : 13
(11,0) : 16
(10,0) : 12
(49,0) : 17
(50,0) : 42
(46,0) : 3
(28,0) : 3
(45,4) : 2
(4,0) : 53
(9,0) : 23
(47,0) : 3
(13,0) : 10
(29,0) : 3
(47,2) : 5
(49,1) : 19
(5,0) : 36
(47,3) : 2
(8,0) : 33
(45,1) : 1
(34,0) : 1
(2,0) : 91
(44,3) : 3
(5,1) : 5
(48,1) : 12
(1,0) : 167
(48,0) : 9
(7,0) : 33
(37,0) : 1
(3,0) : 61
(14,0) : 12
(16,0) : 6
(12,0) : 16
(6,0) : 30
(48,2) : 3
(46,1) : 1
(20,0) : 1
(47,1) : 2
(36,0) : 1
(8,1) : 2
(32,0) : 1
(44,0) : 1
(13,1) : 3
(28,1) : 1
(31,0) : 2
(21,0) : 1
(26,0) : 1
(38,0) : 1
(11,1) : 3
(27,0) : 1
(25,0) : 1
(17,0) : 1
(15,1) : 1
(1,1) : 6
(24,0) : 1
(39,1) : 1
(14,1) : 1
(2,1) : 1
(6,1) : 1
(0,0) : 3
(0,1) : 1
