pop size : 10000, betaG : 0.08500, lambdaH : 0.10000, lambdaW : 0.00100, gamma : 0.12500, Tmax : 150.00, threshold of infected : 0.010
0.37 0.32 0.13 0.12 0.04 0.02 
0.2192 0.12 0.08 0.06 0.05 0.045 0.04 0.035 0.03 0.02 0.02 0.02 0.015 0.015 0.015 0.015 0.001 0.001 0.001 0.001 0.001 0.001 0.001 0.001 0.001 0.001 0.001 0.001 0.001 0.001 0.001 0.001 0.001 0.001 0.001 0.001 0.001 0.001 0.001 0.001 0.001 0.0001 0.0001 0.0001 0.0001 0.0001 0.0001 0.0001 0.0001 0.175 
Proportion of infected at cutoff : 0.0100
Proportion of susceptibles at cutoff : 0.9793
(49,1) : 9
(27,0) : 2
(49,0) : 24
(50,0) : 56
(3,0) : 69
(48,2) : 3
(48,1) : 9
(13,0) : 15
(5,0) : 37
(15,0) : 12
(46,2) : 2
(47,2) : 6
(14,0) : 18
(29,0) : 1
(48,0) : 4
(7,0) : 39
(9,0) : 14
(16,0) : 13
(23,0) : 1
(12,0) : 19
(42,1) : 1
(2,0) : 93
(11,0) : 18
(1,0) : 169
(4,0) : 39
(37,3) : 1
(25,0) : 2
(6,0) : 27
(30,0) : 1
(8,0) : 21
(46,4) : 2
(0,1) : 1
(47,1) : 3
(35,0) : 1
(47,3) : 2
(2,1) : 4
(15,1) : 1
(29,3) : 1
(43,4) : 1
(11,1) : 1
(0,0) : 4
(46,3) : 2
(45,2) : 1
(12,1) : 1
(10,0) : 18
(33,0) : 1
(26,1) : 1
(43,2) : 1
(14,1) : 1
(28,0) : 1
(18,0) : 1
(22,0) : 1
(5,2) : 1
(32,0) : 1
(1,1) : 3
(10,1) : 1
(8,1) : 1
(17,0) : 1
(6,2) : 1
(5,1) : 2
(4,1) : 1
