pop size : 10000, betaG : 0.08500, lambdaH : 0.10000, lambdaW : 0.00100, gamma : 0.12500, Tmax : 150.00, threshold of infected : 0.010
0.37 0.32 0.13 0.12 0.04 0.02 
0.2192 0.12 0.08 0.06 0.05 0.045 0.04 0.035 0.03 0.02 0.02 0.02 0.015 0.015 0.015 0.015 0.001 0.001 0.001 0.001 0.001 0.001 0.001 0.001 0.001 0.001 0.001 0.001 0.001 0.001 0.001 0.001 0.001 0.001 0.001 0.001 0.001 0.001 0.001 0.001 0.001 0.0001 0.0001 0.0001 0.0001 0.0001 0.0001 0.0001 0.0001 0.175 
Proportion of infected at cutoff : 0.0100
Proportion of susceptibles at cutoff : 0.9809
(20,0) : 1
(49,1) : 23
(45,1) : 1
(50,0) : 56
(1,0) : 147
(6,0) : 23
(49,0) : 16
(10,1) : 2
(11,0) : 17
(47,1) : 2
(36,0) : 2
(13,0) : 12
(43,1) : 2
(48,1) : 10
(12,0) : 13
(22,0) : 1
(14,0) : 11
(11,1) : 2
(16,0) : 8
(15,0) : 8
(47,0) : 2
(47,2) : 2
(5,0) : 40
(47,3) : 3
(46,1) : 1
(0,0) : 3
(48,0) : 5
(7,0) : 25
(8,0) : 25
(1,1) : 1
(10,0) : 13
(7,1) : 7
(34,0) : 1
(2,0) : 67
(9,0) : 20
(26,0) : 4
(41,0) : 2
(6,1) : 1
(41,3) : 1
(43,0) : 1
(12,3) : 1
(48,2) : 2
(3,0) : 60
(46,2) : 2
(4,0) : 49
(31,1) : 1
(35,1) : 1
(19,0) : 1
(30,0) : 1
(12,1) : 1
(29,1) : 1
(32,0) : 1
(15,1) : 2
(2,1) : 2
(25,1) : 1
(45,3) : 1
(5,1) : 2
(24,0) : 2
(46,3) : 1
(29,0) : 1
(35,0) : 1
(4,1) : 1
(9,2) : 1
(8,1) : 1
