pop size : 10000, betaG : 0.08500, lambdaH : 0.10000, lambdaW : 0.00100, gamma : 0.12500, Tmax : 150.00, threshold of infected : 0.010
0.37 0.32 0.13 0.12 0.04 0.02 
0.2192 0.12 0.08 0.06 0.05 0.045 0.04 0.035 0.03 0.02 0.02 0.02 0.015 0.015 0.015 0.015 0.001 0.001 0.001 0.001 0.001 0.001 0.001 0.001 0.001 0.001 0.001 0.001 0.001 0.001 0.001 0.001 0.001 0.001 0.001 0.001 0.001 0.001 0.001 0.001 0.001 0.0001 0.0001 0.0001 0.0001 0.0001 0.0001 0.0001 0.0001 0.175 
Proportion of infected at cutoff : 0.0100
Proportion of susceptibles at cutoff : 0.9792
(50,0) : 53
(48,0) : 8
(5,0) : 43
(3,0) : 59
(49,0) : 20
(42,7) : 1
(49,1) : 20
(15,0) : 14
(13,0) : 14
(10,0) : 10
(29,0) : 1
(7,0) : 28
(37,0) : 1
(35,1) : 1
(12,0) : 16
(9,0) : 17
(23,0) : 1
(47,1) : 4
(45,2) : 1
(8,0) : 30
(12,2) : 1
(47,3) : 3
(48,1) : 7
(11,0) : 15
(1,0) : 177
(20,0) : 2
(47,2) : 6
(46,1) : 1
(28,0) : 1
(16,0) : 8
(30,0) : 1
(30,1) : 1
(13,1) : 1
(6,0) : 31
(48,2) : 3
(46,3) : 1
(40,0) : 1
(46,4) : 1
(2,0) : 101
(45,0) : 1
(4,0) : 49
(14,0) : 5
(35,0) : 1
(19,0) : 1
(26,2) : 1
(38,1) : 1
(17,0) : 1
(11,1) : 3
(6,1) : 2
(8,1) : 1
(27,1) : 1
(22,0) : 2
(18,0) : 1
(4,1) : 4
(0,1) : 1
(7,1) : 1
(14,1) : 1
(10,1) : 1
(5,1) : 1
(0,0) : 3
(2,1) : 1
