pop size : 10000, betaG : 0.08500, lambdaH : 0.10000, lambdaW : 0.00100, gamma : 0.12500, Tmax : 150.00, threshold of infected : 0.010
0.37 0.32 0.13 0.12 0.04 0.02 
0.2192 0.12 0.08 0.06 0.05 0.045 0.04 0.035 0.03 0.02 0.02 0.02 0.015 0.015 0.015 0.015 0.001 0.001 0.001 0.001 0.001 0.001 0.001 0.001 0.001 0.001 0.001 0.001 0.001 0.001 0.001 0.001 0.001 0.001 0.001 0.001 0.001 0.001 0.001 0.001 0.001 0.0001 0.0001 0.0001 0.0001 0.0001 0.0001 0.0001 0.0001 0.175 
Proportion of infected at cutoff : 0.0100
Proportion of susceptibles at cutoff : 0.9771
(11,0) : 15
(50,0) : 53
(39,0) : 2
(15,0) : 17
(6,0) : 26
(49,1) : 19
(42,0) : 1
(48,1) : 11
(49,0) : 23
(37,0) : 1
(12,0) : 18
(46,3) : 1
(42,3) : 1
(4,0) : 42
(10,0) : 12
(46,2) : 2
(13,0) : 15
(24,0) : 2
(48,2) : 5
(48,0) : 2
(1,0) : 185
(7,0) : 20
(47,2) : 5
(16,0) : 11
(2,0) : 97
(47,1) : 3
(11,1) : 2
(5,0) : 38
(5,1) : 3
(3,0) : 76
(14,0) : 6
(8,0) : 26
(8,2) : 1
(34,0) : 1
(2,1) : 2
(45,1) : 1
(14,1) : 1
(18,0) : 1
(22,1) : 1
(30,0) : 1
(45,2) : 1
(7,1) : 1
(47,0) : 2
(42,5) : 1
(32,1) : 1
(33,0) : 1
(27,0) : 1
(9,0) : 13
(17,0) : 1
(1,1) : 2
(4,1) : 2
(47,3) : 1
(12,1) : 1
(0,0) : 3
(21,0) : 1
(3,1) : 2
(10,1) : 1
(13,1) : 1
(5,2) : 1
(8,1) : 1
(0,1) : 1
