pop size : 10000, betaG : 0.08500, lambdaH : 0.10000, lambdaW : 0.00100, gamma : 0.12500, Tmax : 150.00, threshold of infected : 0.010
0.37 0.32 0.13 0.12 0.04 0.02 
0.2192 0.12 0.08 0.06 0.05 0.045 0.04 0.035 0.03 0.02 0.02 0.02 0.015 0.015 0.015 0.015 0.001 0.001 0.001 0.001 0.001 0.001 0.001 0.001 0.001 0.001 0.001 0.001 0.001 0.001 0.001 0.001 0.001 0.001 0.001 0.001 0.001 0.001 0.001 0.001 0.001 0.0001 0.0001 0.0001 0.0001 0.0001 0.0001 0.0001 0.0001 0.175 
Proportion of infected at cutoff : 0.0100
Proportion of susceptibles at cutoff : 0.9803
(50,0) : 54
(12,0) : 10
(49,0) : 29
(14,0) : 11
(48,0) : 6
(47,1) : 3
(6,0) : 26
(29,1) : 1
(49,1) : 22
(1,0) : 168
(5,0) : 38
(7,0) : 32
(11,0) : 8
(44,0) : 1
(25,0) : 3
(2,0) : 105
(3,0) : 66
(8,0) : 19
(48,1) : 6
(26,0) : 1
(10,2) : 1
(35,0) : 2
(5,1) : 1
(38,0) : 1
(28,0) : 3
(46,0) : 1
(15,0) : 8
(16,0) : 6
(21,0) : 1
(13,0) : 4
(10,0) : 11
(47,0) : 2
(13,1) : 2
(48,2) : 5
(46,4) : 1
(10,1) : 2
(46,2) : 1
(9,0) : 18
(4,0) : 32
(27,0) : 1
(46,3) : 2
(20,0) : 2
(18,0) : 2
(11,1) : 2
(22,0) : 1
(3,1) : 2
(47,3) : 2
(4,1) : 1
(11,2) : 1
(14,2) : 1
(19,1) : 2
(12,1) : 3
(14,1) : 1
(29,0) : 1
(47,2) : 1
(23,0) : 1
(8,1) : 2
(2,1) : 4
(5,2) : 1
(31,0) : 1
(6,1) : 1
(7,1) : 2
(1,1) : 1
(0,1) : 2
(3,2) : 1
(0,0) : 1
