pop size : 10000, betaG : 0.08500, lambdaH : 0.10000, lambdaW : 0.00100, gamma : 0.12500, Tmax : 150.00, threshold of infected : 0.010
0.37 0.32 0.13 0.12 0.04 0.02 
0.2192 0.12 0.08 0.06 0.05 0.045 0.04 0.035 0.03 0.02 0.02 0.02 0.015 0.015 0.015 0.015 0.001 0.001 0.001 0.001 0.001 0.001 0.001 0.001 0.001 0.001 0.001 0.001 0.001 0.001 0.001 0.001 0.001 0.001 0.001 0.001 0.001 0.001 0.001 0.001 0.001 0.0001 0.0001 0.0001 0.0001 0.0001 0.0001 0.0001 0.0001 0.175 
Proportion of infected at cutoff : 0.0100
Proportion of susceptibles at cutoff : 0.9794
(50,0) : 52
(3,0) : 57
(49,0) : 27
(48,1) : 14
(49,1) : 19
(1,0) : 170
(5,0) : 26
(16,0) : 10
(46,2) : 3
(13,0) : 9
(0,0) : 3
(12,1) : 2
(47,1) : 2
(20,0) : 1
(41,0) : 3
(2,0) : 74
(22,0) : 1
(8,0) : 18
(14,0) : 9
(4,0) : 47
(12,0) : 9
(48,2) : 4
(27,1) : 1
(46,3) : 2
(46,0) : 2
(9,1) : 1
(47,3) : 3
(6,0) : 37
(15,0) : 8
(47,2) : 1
(11,0) : 24
(48,0) : 6
(7,0) : 21
(27,0) : 1
(10,0) : 14
(9,0) : 16
(21,0) : 1
(45,4) : 1
(45,2) : 1
(36,2) : 1
(35,0) : 1
(31,0) : 1
(46,1) : 1
(13,1) : 1
(32,0) : 1
(24,1) : 1
(9,2) : 1
(43,4) : 1
(6,2) : 1
(6,1) : 1
(1,1) : 3
(2,1) : 3
(18,0) : 1
(7,1) : 1
(3,1) : 1
(4,1) : 1
(0,1) : 1
