pop size : 10000, betaG : 0.08500, lambdaH : 0.10000, lambdaW : 0.00100, gamma : 0.12500, Tmax : 150.00, threshold of infected : 0.010
0.37 0.32 0.13 0.12 0.04 0.02 
0.2192 0.12 0.08 0.06 0.05 0.045 0.04 0.035 0.03 0.02 0.02 0.02 0.015 0.015 0.015 0.015 0.001 0.001 0.001 0.001 0.001 0.001 0.001 0.001 0.001 0.001 0.001 0.001 0.001 0.001 0.001 0.001 0.001 0.001 0.001 0.001 0.001 0.001 0.001 0.001 0.001 0.0001 0.0001 0.0001 0.0001 0.0001 0.0001 0.0001 0.0001 0.175 
Proportion of infected at cutoff : 0.0100
Proportion of susceptibles at cutoff : 0.9759
(50,0) : 40
(45,0) : 1
(2,0) : 107
(30,0) : 1
(48,1) : 8
(47,1) : 6
(49,0) : 26
(45,5) : 1
(31,0) : 1
(20,0) : 2
(1,0) : 177
(5,0) : 41
(3,0) : 67
(4,0) : 44
(49,1) : 16
(38,2) : 1
(48,0) : 6
(14,0) : 15
(13,0) : 14
(24,0) : 1
(6,0) : 38
(9,1) : 1
(28,0) : 2
(10,0) : 14
(46,1) : 3
(43,1) : 2
(8,0) : 26
(26,0) : 1
(46,2) : 3
(46,4) : 1
(11,0) : 12
(15,0) : 10
(46,3) : 2
(9,0) : 21
(16,0) : 7
(13,1) : 5
(47,0) : 3
(22,0) : 1
(29,1) : 1
(12,0) : 14
(48,2) : 3
(29,0) : 1
(21,0) : 1
(7,1) : 2
(19,0) : 1
(45,2) : 1
(15,1) : 3
(32,2) : 1
(36,0) : 1
(7,0) : 28
(33,0) : 2
(47,3) : 2
(46,0) : 1
(25,0) : 1
(45,3) : 1
(5,1) : 4
(47,2) : 1
(14,1) : 1
(2,1) : 1
(0,1) : 1
(8,1) : 1
(0,0) : 2
(6,1) : 1
