pop size : 10000, betaG : 0.08500, lambdaH : 0.10000, lambdaW : 0.00100, gamma : 0.12500, Tmax : 150.00, threshold of infected : 0.010
0.37 0.32 0.13 0.12 0.04 0.02 
0.2192 0.12 0.08 0.06 0.05 0.045 0.04 0.035 0.03 0.02 0.02 0.02 0.015 0.015 0.015 0.015 0.001 0.001 0.001 0.001 0.001 0.001 0.001 0.001 0.001 0.001 0.001 0.001 0.001 0.001 0.001 0.001 0.001 0.001 0.001 0.001 0.001 0.001 0.001 0.001 0.001 0.0001 0.0001 0.0001 0.0001 0.0001 0.0001 0.0001 0.0001 0.175 
Proportion of infected at cutoff : 0.0100
Proportion of susceptibles at cutoff : 0.9789
(50,0) : 52
(49,0) : 21
(12,0) : 15
(3,0) : 56
(35,0) : 1
(49,1) : 17
(7,0) : 32
(23,0) : 1
(48,2) : 5
(11,0) : 17
(47,1) : 7
(16,1) : 1
(10,0) : 9
(45,0) : 1
(6,0) : 33
(4,0) : 48
(48,0) : 6
(16,0) : 10
(48,1) : 8
(47,2) : 3
(5,0) : 39
(1,0) : 176
(13,0) : 8
(8,0) : 21
(45,2) : 1
(46,2) : 3
(14,2) : 1
(45,4) : 1
(9,0) : 24
(47,0) : 2
(15,0) : 9
(26,0) : 1
(46,1) : 2
(22,0) : 1
(15,1) : 1
(11,1) : 3
(14,0) : 6
(24,0) : 1
(2,0) : 108
(28,0) : 3
(39,0) : 1
(13,1) : 2
(29,0) : 1
(34,0) : 1
(31,0) : 1
(43,0) : 1
(20,0) : 1
(7,1) : 2
(28,1) : 1
(3,1) : 2
(36,0) : 1
(5,1) : 1
(12,1) : 3
(4,1) : 2
(6,1) : 1
(8,1) : 1
(9,1) : 1
(10,1) : 2
(32,1) : 1
(2,1) : 1
(14,1) : 2
(7,2) : 1
(1,1) : 1
(25,0) : 1
(8,2) : 1
(0,0) : 2
(0,1) : 4
