pop size : 10000, betaG : 0.08500, lambdaH : 0.10000, lambdaW : 0.00100, gamma : 0.12500, Tmax : 150.00, threshold of infected : 0.010
0.37 0.32 0.13 0.12 0.04 0.02 
0.2192 0.12 0.08 0.06 0.05 0.045 0.04 0.035 0.03 0.02 0.02 0.02 0.015 0.015 0.015 0.015 0.001 0.001 0.001 0.001 0.001 0.001 0.001 0.001 0.001 0.001 0.001 0.001 0.001 0.001 0.001 0.001 0.001 0.001 0.001 0.001 0.001 0.001 0.001 0.001 0.001 0.0001 0.0001 0.0001 0.0001 0.0001 0.0001 0.0001 0.0001 0.175 
Proportion of infected at cutoff : 0.0100
Proportion of susceptibles at cutoff : 0.9700
(50,0) : 34
(11,0) : 10
(5,0) : 45
(48,0) : 18
(46,2) : 6
(27,0) : 3
(49,0) : 21
(2,0) : 88
(1,0) : 163
(47,0) : 3
(14,0) : 12
(46,3) : 1
(7,0) : 27
(47,2) : 3
(49,1) : 14
(3,0) : 53
(6,0) : 30
(48,1) : 7
(10,0) : 20
(43,0) : 3
(9,0) : 24
(4,0) : 52
(23,0) : 1
(15,0) : 15
(8,0) : 21
(46,1) : 5
(30,0) : 1
(12,0) : 10
(42,3) : 1
(19,0) : 1
(48,2) : 1
(26,0) : 1
(13,0) : 10
(14,1) : 2
(29,0) : 2
(16,0) : 10
(47,1) : 6
(47,3) : 1
(6,1) : 2
(12,1) : 1
(42,5) : 1
(37,0) : 3
(10,1) : 3
(40,0) : 1
(24,0) : 1
(45,0) : 1
(13,1) : 4
(36,1) : 1
(33,1) : 1
(11,1) : 3
(15,2) : 1
(5,1) : 2
(4,1) : 2
(34,0) : 1
(3,1) : 1
(0,0) : 5
(7,1) : 1
(21,0) : 1
(27,1) : 1
(4,3) : 1
(35,0) : 1
(2,1) : 3
(1,1) : 1
(0,1) : 1
