pop size : 10000, betaG : 0.08500, lambdaH : 0.10000, lambdaW : 0.00100, gamma : 0.12500, Tmax : 150.00, threshold of infected : 0.010
0.37 0.32 0.13 0.12 0.04 0.02 
0.2192 0.12 0.08 0.06 0.05 0.045 0.04 0.035 0.03 0.02 0.02 0.02 0.015 0.015 0.015 0.015 0.001 0.001 0.001 0.001 0.001 0.001 0.001 0.001 0.001 0.001 0.001 0.001 0.001 0.001 0.001 0.001 0.001 0.001 0.001 0.001 0.001 0.001 0.001 0.001 0.001 0.0001 0.0001 0.0001 0.0001 0.0001 0.0001 0.0001 0.0001 0.175 
Proportion of infected at cutoff : 0.0100
Proportion of susceptibles at cutoff : 0.9779
(41,4) : 1
(50,0) : 46
(47,3) : 2
(49,0) : 21
(10,0) : 13
(27,0) : 2
(5,0) : 50
(16,0) : 9
(15,0) : 11
(14,0) : 9
(7,2) : 1
(48,1) : 8
(48,0) : 8
(48,2) : 6
(7,0) : 28
(13,0) : 14
(49,1) : 16
(47,2) : 3
(12,0) : 13
(3,0) : 59
(38,0) : 3
(39,1) : 1
(4,0) : 36
(41,0) : 1
(9,0) : 32
(11,0) : 13
(8,0) : 37
(6,0) : 27
(32,0) : 1
(2,0) : 74
(33,0) : 5
(45,0) : 1
(18,0) : 1
(27,2) : 1
(45,4) : 1
(19,1) : 1
(47,1) : 2
(19,0) : 1
(44,3) : 1
(10,1) : 3
(47,0) : 3
(33,1) : 1
(6,1) : 4
(46,1) : 3
(1,0) : 163
(28,0) : 1
(22,0) : 1
(46,3) : 1
(23,0) : 1
(9,1) : 1
(34,0) : 1
(11,2) : 1
(0,1) : 2
(28,2) : 1
(24,1) : 1
(3,1) : 2
(5,1) : 2
(29,0) : 1
(12,1) : 1
(7,1) : 1
(17,0) : 1
(1,1) : 4
(4,1) : 1
(21,0) : 1
(0,0) : 1
