pop size : 10000, betaG : 0.08500, lambdaH : 0.10000, lambdaW : 0.00100, gamma : 0.12500, Tmax : 150.00, threshold of infected : 0.010
0.37 0.32 0.13 0.12 0.04 0.02 
0.2192 0.12 0.08 0.06 0.05 0.045 0.04 0.035 0.03 0.02 0.02 0.02 0.015 0.015 0.015 0.015 0.001 0.001 0.001 0.001 0.001 0.001 0.001 0.001 0.001 0.001 0.001 0.001 0.001 0.001 0.001 0.001 0.001 0.001 0.001 0.001 0.001 0.001 0.001 0.001 0.001 0.0001 0.0001 0.0001 0.0001 0.0001 0.0001 0.0001 0.0001 0.175 
Proportion of infected at cutoff : 0.0100
Proportion of susceptibles at cutoff : 0.9795
(50,0) : 57
(1,0) : 181
(49,1) : 22
(49,0) : 21
(14,0) : 12
(7,0) : 23
(48,0) : 5
(46,1) : 2
(47,2) : 4
(15,0) : 12
(9,0) : 20
(4,0) : 51
(44,2) : 1
(47,3) : 3
(6,0) : 26
(48,1) : 6
(11,0) : 16
(3,0) : 52
(13,0) : 10
(12,0) : 16
(48,2) : 6
(44,1) : 1
(10,0) : 9
(8,0) : 22
(16,0) : 8
(5,0) : 36
(47,0) : 1
(0,1) : 4
(2,0) : 79
(30,0) : 2
(24,0) : 2
(38,0) : 1
(43,0) : 1
(27,0) : 2
(36,0) : 1
(10,1) : 1
(34,0) : 1
(46,2) : 1
(3,1) : 3
(6,1) : 2
(46,3) : 1
(20,0) : 1
(21,0) : 1
(47,1) : 1
(14,1) : 1
(7,1) : 3
(1,1) : 3
(45,3) : 1
(13,1) : 3
(35,0) : 1
(38,1) : 1
(39,1) : 1
(28,0) : 1
(8,1) : 2
(24,1) : 1
(8,2) : 1
(11,1) : 1
(5,1) : 1
(0,0) : 2
