pop size : 10000, betaG : 0.08500, lambdaH : 0.10000, lambdaW : 0.00100, gamma : 0.12500, Tmax : 150.00, threshold of infected : 0.010
0.37 0.32 0.13 0.12 0.04 0.02 
0.2192 0.12 0.08 0.06 0.05 0.045 0.04 0.035 0.03 0.02 0.02 0.02 0.015 0.015 0.015 0.015 0.001 0.001 0.001 0.001 0.001 0.001 0.001 0.001 0.001 0.001 0.001 0.001 0.001 0.001 0.001 0.001 0.001 0.001 0.001 0.001 0.001 0.001 0.001 0.001 0.001 0.0001 0.0001 0.0001 0.0001 0.0001 0.0001 0.0001 0.0001 0.175 
Proportion of infected at cutoff : 0.0100
Proportion of susceptibles at cutoff : 0.9740
(50,0) : 49
(48,1) : 10
(46,0) : 1
(20,0) : 1
(2,0) : 89
(30,0) : 1
(48,0) : 8
(49,1) : 18
(48,2) : 6
(49,0) : 21
(21,0) : 1
(40,0) : 1
(25,0) : 3
(47,2) : 2
(4,0) : 47
(13,0) : 11
(8,0) : 33
(15,0) : 5
(9,0) : 16
(26,0) : 1
(12,0) : 11
(45,1) : 2
(11,0) : 14
(3,0) : 53
(7,0) : 20
(46,1) : 4
(35,0) : 1
(3,1) : 4
(31,0) : 2
(1,0) : 148
(45,0) : 1
(47,0) : 1
(47,1) : 2
(44,2) : 1
(28,0) : 2
(32,1) : 1
(14,0) : 12
(12,1) : 1
(5,0) : 31
(6,0) : 22
(46,2) : 2
(45,2) : 1
(32,0) : 1
(10,0) : 10
(5,1) : 1
(36,0) : 1
(33,1) : 1
(45,4) : 1
(43,4) : 1
(8,1) : 2
(17,0) : 2
(35,1) : 1
(36,1) : 1
(13,1) : 2
(2,1) : 5
(6,1) : 2
(16,0) : 10
(15,1) : 1
(7,1) : 1
(26,1) : 1
(9,1) : 1
(0,0) : 2
(43,0) : 1
(10,2) : 1
(11,1) : 1
(47,3) : 1
(18,0) : 1
(14,1) : 1
(22,0) : 1
