pop size : 10000, betaG : 0.08500, lambdaH : 0.10000, lambdaW : 0.00100, gamma : 0.12500, Tmax : 150.00, threshold of infected : 0.010
0.37 0.32 0.13 0.12 0.04 0.02 
0.2192 0.12 0.08 0.06 0.05 0.045 0.04 0.035 0.03 0.02 0.02 0.02 0.015 0.015 0.015 0.015 0.001 0.001 0.001 0.001 0.001 0.001 0.001 0.001 0.001 0.001 0.001 0.001 0.001 0.001 0.001 0.001 0.001 0.001 0.001 0.001 0.001 0.001 0.001 0.001 0.001 0.0001 0.0001 0.0001 0.0001 0.0001 0.0001 0.0001 0.0001 0.175 
Proportion of infected at cutoff : 0.0100
Proportion of susceptibles at cutoff : 0.9774
(50,0) : 48
(44,4) : 1
(49,1) : 21
(46,2) : 2
(1,0) : 154
(48,1) : 9
(11,0) : 13
(45,0) : 1
(47,2) : 3
(15,0) : 11
(48,2) : 7
(35,1) : 1
(47,1) : 3
(43,0) : 1
(9,0) : 29
(14,0) : 7
(13,0) : 6
(36,0) : 2
(19,1) : 1
(3,0) : 69
(2,0) : 104
(49,0) : 20
(8,0) : 23
(37,0) : 1
(43,5) : 1
(19,0) : 1
(16,0) : 7
(39,0) : 1
(31,0) : 2
(45,2) : 1
(5,0) : 45
(7,0) : 32
(6,0) : 46
(4,0) : 51
(12,0) : 14
(10,0) : 19
(10,1) : 2
(26,0) : 1
(46,1) : 2
(47,0) : 1
(32,0) : 2
(35,0) : 2
(13,1) : 1
(45,1) : 1
(30,0) : 1
(37,4) : 1
(5,1) : 2
(4,1) : 2
(15,1) : 2
(14,1) : 1
(25,1) : 1
(1,1) : 2
(48,0) : 2
(33,0) : 1
(9,1) : 3
(34,0) : 1
(24,0) : 2
(12,1) : 2
(3,1) : 3
(8,1) : 1
(11,1) : 1
(0,0) : 1
