pop size : 10000, betaG : 0.08500, lambdaH : 0.10000, lambdaW : 0.00100, gamma : 0.12500, Tmax : 150.00, threshold of infected : 0.010
0.37 0.32 0.13 0.12 0.04 0.02 
0.2192 0.12 0.08 0.06 0.05 0.045 0.04 0.035 0.03 0.02 0.02 0.02 0.015 0.015 0.015 0.015 0.001 0.001 0.001 0.001 0.001 0.001 0.001 0.001 0.001 0.001 0.001 0.001 0.001 0.001 0.001 0.001 0.001 0.001 0.001 0.001 0.001 0.001 0.001 0.001 0.001 0.0001 0.0001 0.0001 0.0001 0.0001 0.0001 0.0001 0.0001 0.175 
Proportion of infected at cutoff : 0.0100
Proportion of susceptibles at cutoff : 0.9816
(4,0) : 40
(3,0) : 53
(50,0) : 68
(8,0) : 26
(6,0) : 42
(12,0) : 8
(49,0) : 20
(37,0) : 1
(14,0) : 15
(15,0) : 11
(35,1) : 1
(7,0) : 31
(49,1) : 21
(47,3) : 4
(48,0) : 2
(48,2) : 2
(30,1) : 1
(47,0) : 1
(9,0) : 24
(47,2) : 2
(48,1) : 3
(46,2) : 3
(5,0) : 34
(35,0) : 1
(46,3) : 2
(47,1) : 4
(11,1) : 4
(29,0) : 1
(10,0) : 15
(13,0) : 11
(45,1) : 1
(2,0) : 82
(36,1) : 1
(17,0) : 2
(16,0) : 4
(21,4) : 1
(6,1) : 2
(25,0) : 1
(1,0) : 168
(7,3) : 1
(31,0) : 1
(7,1) : 2
(11,0) : 12
(10,2) : 2
(38,1) : 1
(13,1) : 1
(15,1) : 1
(14,1) : 1
(46,4) : 1
(5,1) : 1
(23,0) : 1
(18,0) : 1
(3,1) : 2
(1,1) : 2
(9,1) : 1
(2,1) : 3
(0,0) : 1
