pop size : 10000, betaG : 0.08500, lambdaH : 0.10000, lambdaW : 0.00100, gamma : 0.12500, Tmax : 150.00, threshold of infected : 0.010
0.37 0.32 0.13 0.12 0.04 0.02 
0.2192 0.12 0.08 0.06 0.05 0.045 0.04 0.035 0.03 0.02 0.02 0.02 0.015 0.015 0.015 0.015 0.001 0.001 0.001 0.001 0.001 0.001 0.001 0.001 0.001 0.001 0.001 0.001 0.001 0.001 0.001 0.001 0.001 0.001 0.001 0.001 0.001 0.001 0.001 0.001 0.001 0.0001 0.0001 0.0001 0.0001 0.0001 0.0001 0.0001 0.0001 0.175 
Proportion of infected at cutoff : 0.0100
Proportion of susceptibles at cutoff : 0.9772
(47,1) : 2
(9,0) : 21
(48,1) : 7
(49,0) : 22
(49,1) : 14
(37,2) : 1
(50,0) : 46
(47,3) : 1
(38,1) : 2
(3,0) : 65
(16,0) : 10
(12,0) : 22
(8,0) : 30
(4,0) : 46
(35,0) : 3
(15,0) : 10
(48,0) : 8
(6,0) : 31
(30,0) : 2
(21,0) : 1
(7,0) : 23
(30,1) : 1
(13,0) : 10
(39,0) : 2
(11,0) : 20
(5,0) : 36
(46,2) : 2
(45,2) : 2
(38,7) : 1
(48,2) : 4
(46,0) : 2
(47,2) : 3
(22,0) : 1
(44,3) : 2
(40,0) : 2
(1,0) : 167
(11,1) : 1
(32,0) : 2
(29,1) : 1
(2,0) : 88
(25,0) : 1
(37,0) : 1
(10,0) : 16
(7,1) : 1
(20,0) : 1
(31,0) : 2
(45,4) : 1
(35,2) : 1
(14,0) : 8
(34,0) : 1
(34,2) : 1
(6,2) : 2
(38,0) : 1
(28,0) : 1
(26,0) : 1
(2,1) : 2
(18,0) : 1
(13,1) : 3
(19,1) : 1
(10,1) : 4
(23,0) : 1
(33,0) : 1
(9,1) : 1
(8,1) : 2
(12,1) : 1
(4,1) : 1
(5,1) : 1
(1,1) : 2
(0,1) : 1
