pop size : 10000, betaG : 0.08500, lambdaH : 0.10000, lambdaW : 0.00100, gamma : 0.12500, Tmax : 150.00, threshold of infected : 0.010
0.37 0.32 0.13 0.12 0.04 0.02 
0.2192 0.12 0.08 0.06 0.05 0.045 0.04 0.035 0.03 0.02 0.02 0.02 0.015 0.015 0.015 0.015 0.001 0.001 0.001 0.001 0.001 0.001 0.001 0.001 0.001 0.001 0.001 0.001 0.001 0.001 0.001 0.001 0.001 0.001 0.001 0.001 0.001 0.001 0.001 0.001 0.001 0.0001 0.0001 0.0001 0.0001 0.0001 0.0001 0.0001 0.0001 0.175 
Proportion of infected at cutoff : 0.0100
Proportion of susceptibles at cutoff : 0.9802
(11,0) : 15
(8,0) : 30
(49,1) : 23
(50,0) : 59
(46,4) : 1
(18,0) : 1
(48,1) : 6
(49,0) : 20
(39,1) : 1
(4,0) : 59
(9,0) : 18
(19,1) : 1
(15,0) : 8
(48,2) : 7
(48,0) : 6
(7,0) : 35
(3,0) : 49
(24,1) : 1
(6,0) : 25
(29,0) : 1
(2,0) : 68
(47,0) : 3
(16,0) : 8
(0,1) : 2
(46,1) : 2
(45,5) : 1
(14,0) : 7
(12,1) : 3
(24,0) : 1
(47,1) : 3
(10,0) : 10
(13,0) : 6
(36,0) : 1
(47,3) : 1
(46,2) : 2
(18,1) : 1
(1,0) : 124
(14,1) : 1
(45,0) : 1
(12,0) : 11
(46,3) : 1
(19,0) : 1
(47,2) : 1
(6,2) : 1
(37,1) : 1
(28,0) : 1
(46,0) : 1
(5,0) : 34
(21,2) : 1
(45,2) : 1
(42,0) : 1
(6,1) : 2
(9,1) : 1
(0,0) : 1
(45,1) : 1
(7,1) : 1
(13,1) : 2
(8,1) : 2
(4,1) : 1
(20,0) : 1
(11,1) : 1
(5,1) : 1
(2,1) : 2
