pop size : 10000, betaG : 0.08500, lambdaH : 0.10000, lambdaW : 0.00100, gamma : 0.12500, Tmax : 150.00, threshold of infected : 0.010
0.37 0.32 0.13 0.12 0.04 0.02 
0.2192 0.12 0.08 0.06 0.05 0.045 0.04 0.035 0.03 0.02 0.02 0.02 0.015 0.015 0.015 0.015 0.001 0.001 0.001 0.001 0.001 0.001 0.001 0.001 0.001 0.001 0.001 0.001 0.001 0.001 0.001 0.001 0.001 0.001 0.001 0.001 0.001 0.001 0.001 0.001 0.001 0.0001 0.0001 0.0001 0.0001 0.0001 0.0001 0.0001 0.0001 0.175 
Proportion of infected at cutoff : 0.0100
Proportion of susceptibles at cutoff : 0.9763
(5,0) : 30
(49,0) : 24
(4,0) : 40
(47,1) : 7
(50,0) : 49
(49,1) : 10
(14,0) : 17
(9,0) : 31
(10,0) : 19
(6,0) : 30
(12,0) : 14
(34,0) : 1
(48,0) : 5
(48,1) : 7
(47,0) : 3
(45,0) : 1
(2,0) : 108
(15,0) : 11
(10,1) : 3
(11,0) : 10
(18,0) : 1
(24,0) : 2
(14,1) : 2
(8,0) : 27
(16,0) : 3
(1,0) : 188
(46,2) : 4
(47,2) : 5
(25,0) : 2
(7,0) : 26
(47,3) : 3
(46,0) : 1
(3,0) : 68
(13,0) : 14
(44,1) : 1
(46,1) : 1
(5,1) : 2
(33,0) : 1
(41,0) : 1
(48,2) : 1
(15,1) : 2
(13,1) : 5
(39,0) : 1
(7,1) : 2
(27,0) : 2
(6,1) : 2
(0,1) : 3
(38,0) : 2
(12,1) : 1
(45,4) : 1
(2,2) : 1
(31,0) : 1
(30,0) : 1
(44,5) : 1
(10,2) : 2
(35,1) : 1
(4,1) : 1
(42,0) : 1
(35,0) : 1
(26,1) : 1
(2,1) : 2
(8,1) : 3
(0,0) : 4
