pop size : 10000, betaG : 0.08500, lambdaH : 0.10000, lambdaW : 0.00100, gamma : 0.12500, Tmax : 150.00, threshold of infected : 0.010
0.37 0.32 0.13 0.12 0.04 0.02 
0.2192 0.12 0.08 0.06 0.05 0.045 0.04 0.035 0.03 0.02 0.02 0.02 0.015 0.015 0.015 0.015 0.001 0.001 0.001 0.001 0.001 0.001 0.001 0.001 0.001 0.001 0.001 0.001 0.001 0.001 0.001 0.001 0.001 0.001 0.001 0.001 0.001 0.001 0.001 0.001 0.001 0.0001 0.0001 0.0001 0.0001 0.0001 0.0001 0.0001 0.0001 0.175 
Proportion of infected at cutoff : 0.0100
Proportion of susceptibles at cutoff : 0.9733
(40,0) : 2
(50,0) : 34
(48,1) : 16
(14,0) : 5
(47,1) : 3
(5,0) : 37
(8,0) : 25
(48,0) : 16
(4,0) : 60
(35,2) : 1
(3,0) : 54
(6,1) : 1
(49,0) : 22
(48,2) : 10
(49,1) : 13
(36,0) : 2
(2,0) : 100
(12,0) : 15
(8,1) : 3
(47,2) : 4
(16,0) : 12
(45,4) : 1
(46,0) : 2
(10,0) : 23
(1,0) : 150
(44,3) : 1
(6,0) : 36
(44,2) : 1
(42,1) : 1
(7,0) : 34
(9,1) : 2
(15,0) : 9
(9,0) : 18
(15,1) : 2
(13,0) : 13
(47,0) : 2
(22,0) : 2
(21,0) : 1
(17,0) : 1
(46,1) : 1
(23,1) : 1
(11,0) : 11
(41,0) : 2
(37,0) : 1
(2,1) : 2
(44,0) : 1
(34,0) : 1
(7,3) : 1
(11,2) : 1
(3,1) : 1
(14,1) : 3
(12,1) : 1
(24,0) : 1
(13,1) : 1
(0,1) : 1
(5,1) : 1
(7,1) : 1
(10,1) : 1
(11,1) : 1
(0,0) : 3
