pop size : 10000, betaG : 0.08500, lambdaH : 0.10000, lambdaW : 0.00100, gamma : 0.12500, Tmax : 150.00, threshold of infected : 0.010
0.37 0.32 0.13 0.12 0.04 0.02 
0.2192 0.12 0.08 0.06 0.05 0.045 0.04 0.035 0.03 0.02 0.02 0.02 0.015 0.015 0.015 0.015 0.001 0.001 0.001 0.001 0.001 0.001 0.001 0.001 0.001 0.001 0.001 0.001 0.001 0.001 0.001 0.001 0.001 0.001 0.001 0.001 0.001 0.001 0.001 0.001 0.001 0.0001 0.0001 0.0001 0.0001 0.0001 0.0001 0.0001 0.0001 0.175 
Proportion of infected at cutoff : 0.0100
Proportion of susceptibles at cutoff : 0.9720
(1,0) : 146
(49,0) : 26
(45,2) : 1
(11,0) : 15
(50,0) : 36
(49,1) : 24
(48,0) : 12
(15,1) : 2
(48,1) : 13
(27,0) : 1
(13,0) : 13
(47,0) : 5
(15,0) : 5
(5,0) : 38
(4,0) : 43
(43,0) : 1
(47,1) : 3
(12,1) : 2
(8,1) : 1
(46,0) : 1
(8,0) : 22
(16,0) : 10
(48,2) : 4
(9,0) : 22
(10,0) : 17
(3,1) : 2
(6,0) : 26
(2,0) : 76
(30,1) : 1
(46,2) : 4
(9,1) : 2
(32,0) : 2
(28,1) : 1
(46,1) : 1
(45,4) : 1
(3,0) : 56
(39,1) : 1
(14,0) : 4
(12,0) : 14
(45,0) : 2
(47,2) : 3
(7,0) : 20
(45,1) : 1
(30,0) : 1
(17,0) : 2
(13,1) : 3
(24,0) : 1
(5,1) : 2
(0,0) : 2
(14,2) : 1
(11,1) : 1
(25,0) : 1
(31,0) : 1
(11,2) : 1
(20,0) : 1
(2,1) : 1
(4,1) : 1
(12,2) : 1
(1,1) : 2
(7,1) : 1
(6,1) : 1
