pop size : 10000, betaG : 0.08500, lambdaH : 0.10000, lambdaW : 0.00100, gamma : 0.12500, Tmax : 150.00, threshold of infected : 0.010
0.37 0.32 0.13 0.12 0.04 0.02 
0.2192 0.12 0.08 0.06 0.05 0.045 0.04 0.035 0.03 0.02 0.02 0.02 0.015 0.015 0.015 0.015 0.001 0.001 0.001 0.001 0.001 0.001 0.001 0.001 0.001 0.001 0.001 0.001 0.001 0.001 0.001 0.001 0.001 0.001 0.001 0.001 0.001 0.001 0.001 0.001 0.001 0.0001 0.0001 0.0001 0.0001 0.0001 0.0001 0.0001 0.0001 0.175 
Proportion of infected at cutoff : 0.0100
Proportion of susceptibles at cutoff : 0.9778
(47,2) : 4
(48,2) : 6
(49,1) : 15
(47,3) : 2
(1,0) : 183
(14,0) : 15
(48,0) : 7
(46,2) : 2
(49,0) : 23
(50,0) : 50
(3,0) : 69
(9,0) : 23
(48,1) : 9
(5,0) : 31
(27,0) : 1
(45,2) : 1
(7,0) : 36
(4,0) : 61
(10,0) : 20
(8,0) : 15
(47,1) : 4
(6,0) : 32
(2,0) : 90
(15,0) : 10
(18,0) : 2
(46,0) : 1
(15,1) : 2
(10,1) : 2
(21,0) : 1
(40,0) : 2
(33,0) : 1
(30,1) : 1
(16,0) : 10
(20,0) : 2
(12,0) : 8
(12,1) : 2
(35,1) : 1
(13,0) : 7
(45,3) : 3
(35,0) : 1
(39,0) : 1
(24,0) : 1
(13,1) : 3
(38,0) : 1
(47,0) : 1
(11,0) : 13
(30,0) : 1
(5,2) : 1
(22,1) : 1
(6,1) : 4
(25,0) : 1
(3,1) : 2
(22,0) : 1
(7,1) : 1
(10,2) : 1
(8,1) : 2
(4,1) : 3
(2,1) : 2
(0,0) : 2
(1,1) : 1
