pop size : 10000, betaG : 0.08500, lambdaH : 0.10000, lambdaW : 0.00100, gamma : 0.12500, Tmax : 150.00, threshold of infected : 0.010
0.37 0.32 0.13 0.12 0.04 0.02 
0.2192 0.12 0.08 0.06 0.05 0.045 0.04 0.035 0.03 0.02 0.02 0.02 0.015 0.015 0.015 0.015 0.001 0.001 0.001 0.001 0.001 0.001 0.001 0.001 0.001 0.001 0.001 0.001 0.001 0.001 0.001 0.001 0.001 0.001 0.001 0.001 0.001 0.001 0.001 0.001 0.001 0.0001 0.0001 0.0001 0.0001 0.0001 0.0001 0.0001 0.0001 0.175 
Proportion of infected at cutoff : 0.0100
Proportion of susceptibles at cutoff : 0.9814
(50,0) : 66
(49,0) : 21
(14,0) : 8
(37,0) : 1
(13,0) : 11
(25,0) : 1
(15,0) : 5
(47,3) : 3
(21,1) : 1
(4,0) : 47
(2,0) : 82
(10,0) : 18
(8,0) : 25
(49,1) : 18
(48,1) : 11
(48,0) : 3
(1,1) : 5
(17,0) : 2
(12,0) : 15
(7,0) : 31
(48,2) : 5
(45,4) : 1
(14,2) : 1
(4,1) : 2
(6,0) : 30
(45,0) : 1
(12,1) : 1
(16,0) : 8
(13,1) : 1
(1,0) : 160
(9,2) : 1
(5,0) : 35
(7,1) : 1
(3,0) : 67
(11,0) : 13
(41,0) : 2
(9,0) : 12
(34,4) : 1
(24,0) : 2
(45,3) : 1
(47,1) : 1
(9,1) : 3
(27,0) : 2
(46,2) : 1
(20,0) : 1
(47,0) : 2
(15,1) : 1
(23,4) : 1
(21,0) : 1
(46,4) : 1
(47,2) : 1
(36,1) : 1
(6,1) : 2
(0,0) : 1
(14,1) : 1
(4,2) : 1
(3,1) : 2
(0,1) : 1
