pop size : 10000, betaG : 0.08500, lambdaH : 0.10000, lambdaW : 0.00100, gamma : 0.12500, Tmax : 150.00, threshold of infected : 0.010
0.37 0.32 0.13 0.12 0.04 0.02 
0.2192 0.12 0.08 0.06 0.05 0.045 0.04 0.035 0.03 0.02 0.02 0.02 0.015 0.015 0.015 0.015 0.001 0.001 0.001 0.001 0.001 0.001 0.001 0.001 0.001 0.001 0.001 0.001 0.001 0.001 0.001 0.001 0.001 0.001 0.001 0.001 0.001 0.001 0.001 0.001 0.001 0.0001 0.0001 0.0001 0.0001 0.0001 0.0001 0.0001 0.0001 0.175 
Proportion of infected at cutoff : 0.0100
Proportion of susceptibles at cutoff : 0.9775
(50,0) : 46
(48,2) : 6
(49,0) : 27
(15,0) : 11
(7,0) : 20
(8,0) : 21
(22,0) : 1
(49,1) : 21
(48,0) : 8
(48,1) : 10
(34,2) : 1
(10,1) : 6
(46,2) : 1
(6,0) : 26
(11,0) : 17
(47,0) : 1
(47,3) : 2
(38,0) : 2
(4,0) : 48
(47,2) : 2
(5,0) : 41
(10,0) : 16
(12,0) : 15
(2,0) : 84
(13,0) : 8
(14,0) : 4
(1,0) : 148
(24,1) : 2
(21,0) : 1
(9,0) : 22
(3,0) : 57
(35,0) : 2
(25,1) : 1
(23,0) : 1
(46,4) : 1
(27,0) : 1
(45,2) : 1
(43,2) : 1
(39,3) : 1
(46,1) : 1
(46,0) : 1
(16,0) : 7
(33,1) : 1
(29,3) : 1
(12,1) : 1
(30,0) : 3
(45,1) : 1
(25,0) : 2
(37,1) : 1
(40,0) : 1
(44,1) : 1
(2,1) : 2
(14,1) : 2
(6,1) : 2
(9,1) : 1
(1,1) : 2
(31,0) : 1
(5,1) : 2
(4,1) : 1
(19,0) : 1
(7,1) : 1
(3,1) : 1
(0,0) : 1
