pop size : 10000, betaG : 0.08500, lambdaH : 0.10000, lambdaW : 0.00100, gamma : 0.12500, Tmax : 150.00, threshold of infected : 0.010
0.37 0.32 0.13 0.12 0.04 0.02 
0.2192 0.12 0.08 0.06 0.05 0.045 0.04 0.035 0.03 0.02 0.02 0.02 0.015 0.015 0.015 0.015 0.001 0.001 0.001 0.001 0.001 0.001 0.001 0.001 0.001 0.001 0.001 0.001 0.001 0.001 0.001 0.001 0.001 0.001 0.001 0.001 0.001 0.001 0.001 0.001 0.001 0.0001 0.0001 0.0001 0.0001 0.0001 0.0001 0.0001 0.0001 0.175 
Proportion of infected at cutoff : 0.0100
Proportion of susceptibles at cutoff : 0.9800
(50,0) : 62
(16,0) : 8
(48,0) : 7
(49,1) : 18
(47,3) : 2
(48,1) : 9
(13,0) : 14
(7,0) : 35
(49,0) : 14
(47,2) : 3
(11,0) : 13
(3,0) : 61
(15,0) : 9
(12,0) : 7
(19,0) : 1
(47,1) : 3
(27,0) : 1
(14,2) : 1
(14,0) : 11
(48,2) : 4
(10,0) : 16
(2,0) : 93
(9,0) : 16
(39,0) : 1
(20,0) : 1
(25,0) : 1
(45,1) : 1
(6,0) : 26
(40,2) : 1
(32,0) : 3
(4,1) : 1
(45,3) : 1
(3,2) : 1
(33,0) : 1
(8,0) : 22
(46,1) : 1
(37,0) : 2
(38,0) : 2
(4,0) : 41
(14,1) : 2
(5,0) : 35
(46,2) : 2
(31,0) : 1
(12,1) : 2
(1,0) : 149
(15,1) : 2
(28,1) : 1
(47,0) : 1
(34,0) : 1
(3,1) : 6
(11,1) : 5
(8,1) : 1
(12,2) : 2
(22,1) : 1
(26,0) : 1
(7,1) : 3
(9,1) : 1
(13,1) : 1
(23,0) : 1
(30,1) : 1
(28,0) : 1
(21,1) : 1
(0,0) : 1
(10,1) : 1
(2,1) : 2
