pop size : 10000, betaG : 0.08500, lambdaH : 0.10000, lambdaW : 0.00100, gamma : 0.12500, Tmax : 150.00, threshold of infected : 0.010
0.37 0.32 0.13 0.12 0.04 0.02 
0.2192 0.12 0.08 0.06 0.05 0.045 0.04 0.035 0.03 0.02 0.02 0.02 0.015 0.015 0.015 0.015 0.001 0.001 0.001 0.001 0.001 0.001 0.001 0.001 0.001 0.001 0.001 0.001 0.001 0.001 0.001 0.001 0.001 0.001 0.001 0.001 0.001 0.001 0.001 0.001 0.001 0.0001 0.0001 0.0001 0.0001 0.0001 0.0001 0.0001 0.0001 0.175 
Proportion of infected at cutoff : 0.0100
Proportion of susceptibles at cutoff : 0.9743
(48,2) : 2
(34,0) : 3
(48,1) : 9
(16,0) : 8
(12,0) : 15
(11,1) : 5
(50,0) : 49
(2,0) : 76
(49,0) : 23
(9,0) : 19
(32,0) : 1
(46,2) : 2
(48,0) : 8
(49,1) : 17
(47,1) : 7
(4,0) : 34
(47,0) : 3
(15,0) : 6
(10,0) : 15
(46,1) : 2
(33,0) : 1
(8,0) : 21
(3,0) : 47
(41,4) : 1
(5,2) : 1
(5,1) : 2
(7,0) : 27
(42,0) : 2
(47,2) : 1
(26,0) : 2
(36,1) : 1
(29,0) : 1
(11,0) : 11
(36,0) : 3
(31,0) : 1
(15,1) : 1
(1,0) : 131
(21,0) : 4
(46,3) : 3
(6,0) : 33
(45,3) : 3
(19,0) : 1
(13,0) : 6
(14,0) : 7
(7,1) : 5
(37,0) : 1
(25,1) : 1
(45,1) : 1
(5,0) : 29
(45,0) : 1
(2,1) : 3
(23,0) : 1
(25,0) : 1
(35,0) : 1
(3,1) : 2
(8,1) : 2
(28,1) : 1
(24,1) : 1
(17,0) : 2
(12,1) : 2
(18,0) : 1
(0,1) : 1
(4,1) : 2
(1,1) : 1
(0,0) : 1
