pop size : 10000, betaG : 0.08500, lambdaH : 0.10000, lambdaW : 0.00100, gamma : 0.12500, Tmax : 150.00, threshold of infected : 0.010
0.37 0.32 0.13 0.12 0.04 0.02 
0.2192 0.12 0.08 0.06 0.05 0.045 0.04 0.035 0.03 0.02 0.02 0.02 0.015 0.015 0.015 0.015 0.001 0.001 0.001 0.001 0.001 0.001 0.001 0.001 0.001 0.001 0.001 0.001 0.001 0.001 0.001 0.001 0.001 0.001 0.001 0.001 0.001 0.001 0.001 0.001 0.001 0.0001 0.0001 0.0001 0.0001 0.0001 0.0001 0.0001 0.0001 0.175 
Proportion of infected at cutoff : 0.0100
Proportion of susceptibles at cutoff : 0.9805
(12,0) : 17
(45,5) : 1
(7,0) : 33
(50,0) : 60
(15,0) : 11
(49,1) : 17
(11,0) : 7
(49,0) : 15
(44,3) : 1
(48,1) : 4
(47,0) : 2
(20,2) : 1
(3,0) : 56
(48,2) : 7
(47,2) : 3
(4,0) : 65
(10,0) : 24
(2,0) : 83
(48,0) : 5
(9,0) : 21
(37,0) : 1
(9,1) : 2
(13,0) : 13
(16,0) : 10
(8,0) : 29
(5,0) : 40
(38,0) : 2
(6,0) : 26
(25,0) : 2
(1,0) : 155
(47,1) : 3
(44,5) : 1
(35,0) : 2
(26,0) : 1
(17,0) : 2
(14,0) : 13
(32,0) : 1
(26,2) : 1
(11,2) : 1
(13,1) : 3
(46,2) : 1
(12,1) : 1
(34,1) : 1
(15,1) : 1
(0,0) : 2
(18,0) : 1
(47,3) : 2
(46,0) : 1
(5,1) : 2
(44,4) : 1
(10,2) : 1
(28,0) : 1
(27,0) : 1
(23,1) : 1
(6,1) : 3
(33,2) : 1
(33,0) : 1
(7,1) : 1
(40,0) : 1
(14,1) : 2
(0,1) : 3
(1,1) : 1
