pop size : 10000, betaG : 0.08500, lambdaH : 0.10000, lambdaW : 0.00100, gamma : 0.12500, Tmax : 150.00, threshold of infected : 0.010
0.37 0.32 0.13 0.12 0.04 0.02 
0.2192 0.12 0.08 0.06 0.05 0.045 0.04 0.035 0.03 0.02 0.02 0.02 0.015 0.015 0.015 0.015 0.001 0.001 0.001 0.001 0.001 0.001 0.001 0.001 0.001 0.001 0.001 0.001 0.001 0.001 0.001 0.001 0.001 0.001 0.001 0.001 0.001 0.001 0.001 0.001 0.001 0.0001 0.0001 0.0001 0.0001 0.0001 0.0001 0.0001 0.0001 0.175 
Proportion of infected at cutoff : 0.0100
Proportion of susceptibles at cutoff : 0.9775
(50,0) : 50
(49,0) : 22
(48,1) : 6
(32,0) : 1
(33,0) : 2
(47,2) : 7
(49,1) : 17
(0,1) : 1
(7,1) : 1
(5,0) : 34
(6,0) : 32
(12,0) : 12
(9,1) : 2
(46,1) : 2
(9,0) : 24
(14,0) : 7
(2,0) : 83
(11,0) : 17
(3,0) : 58
(47,1) : 5
(47,0) : 4
(8,0) : 21
(48,0) : 9
(10,0) : 13
(4,0) : 52
(44,4) : 2
(46,2) : 2
(16,0) : 10
(47,3) : 1
(3,1) : 1
(45,2) : 1
(31,2) : 1
(7,0) : 34
(48,2) : 2
(19,0) : 1
(13,0) : 7
(15,0) : 6
(30,0) : 1
(37,1) : 1
(28,0) : 2
(39,1) : 1
(30,2) : 1
(1,0) : 158
(46,4) : 1
(41,0) : 1
(8,1) : 2
(45,0) : 1
(31,0) : 2
(26,0) : 1
(43,0) : 1
(36,1) : 1
(5,1) : 1
(29,0) : 1
(9,2) : 1
(10,1) : 1
(11,1) : 2
(13,1) : 1
(23,0) : 1
(12,2) : 2
(11,2) : 1
(6,1) : 1
(4,1) : 1
(2,1) : 1
(0,0) : 1
(1,1) : 1
