pop size : 10000, betaG : 0.08500, lambdaH : 0.10000, lambdaW : 0.00100, gamma : 0.12500, Tmax : 150.00, threshold of infected : 0.010
0.37 0.32 0.13 0.12 0.04 0.02 
0.2192 0.12 0.08 0.06 0.05 0.045 0.04 0.035 0.03 0.02 0.02 0.02 0.015 0.015 0.015 0.015 0.001 0.001 0.001 0.001 0.001 0.001 0.001 0.001 0.001 0.001 0.001 0.001 0.001 0.001 0.001 0.001 0.001 0.001 0.001 0.001 0.001 0.001 0.001 0.001 0.001 0.0001 0.0001 0.0001 0.0001 0.0001 0.0001 0.0001 0.0001 0.175 
Proportion of infected at cutoff : 0.0100
Proportion of susceptibles at cutoff : 0.9808
(8,0) : 20
(50,0) : 57
(49,0) : 15
(48,2) : 2
(49,1) : 18
(1,0) : 158
(7,0) : 34
(47,2) : 6
(48,1) : 9
(8,1) : 1
(39,2) : 1
(5,0) : 45
(6,0) : 34
(48,0) : 5
(41,1) : 1
(4,0) : 45
(36,0) : 1
(16,0) : 10
(14,0) : 16
(11,1) : 3
(45,4) : 1
(31,0) : 2
(40,0) : 1
(46,2) : 2
(46,3) : 2
(27,0) : 1
(47,1) : 4
(15,0) : 12
(13,0) : 12
(23,0) : 1
(41,0) : 2
(45,1) : 1
(34,0) : 2
(9,0) : 25
(3,0) : 45
(26,0) : 1
(12,1) : 2
(19,0) : 2
(12,0) : 12
(10,0) : 16
(11,0) : 5
(25,0) : 1
(47,0) : 2
(2,0) : 81
(6,1) : 2
(40,1) : 1
(28,0) : 1
(47,3) : 1
(1,1) : 5
(22,0) : 2
(35,0) : 1
(10,2) : 1
(32,0) : 1
(2,1) : 2
(13,1) : 3
(29,0) : 1
(14,1) : 1
(20,0) : 1
(5,1) : 3
(9,1) : 1
(7,1) : 1
(4,1) : 1
(0,1) : 3
(3,1) : 1
(0,0) : 1
