pop size : 10000, betaG : 0.08500, lambdaH : 0.10000, lambdaW : 0.00100, gamma : 0.12500, Tmax : 150.00, threshold of infected : 0.010
0.37 0.32 0.13 0.12 0.04 0.02 
0.2192 0.12 0.08 0.06 0.05 0.045 0.04 0.035 0.03 0.02 0.02 0.02 0.015 0.015 0.015 0.015 0.001 0.001 0.001 0.001 0.001 0.001 0.001 0.001 0.001 0.001 0.001 0.001 0.001 0.001 0.001 0.001 0.001 0.001 0.001 0.001 0.001 0.001 0.001 0.001 0.001 0.0001 0.0001 0.0001 0.0001 0.0001 0.0001 0.0001 0.0001 0.175 
Proportion of infected at cutoff : 0.0100
Proportion of susceptibles at cutoff : 0.9782
(50,0) : 45
(48,1) : 8
(48,0) : 5
(49,0) : 31
(46,0) : 2
(1,0) : 131
(6,0) : 29
(9,0) : 19
(16,0) : 10
(36,1) : 1
(8,0) : 23
(49,1) : 15
(10,0) : 21
(34,0) : 1
(11,0) : 10
(4,0) : 46
(14,0) : 11
(46,2) : 2
(48,2) : 6
(27,2) : 1
(32,1) : 1
(13,0) : 12
(7,0) : 34
(22,0) : 1
(12,0) : 16
(2,0) : 84
(29,0) : 1
(15,0) : 14
(47,2) : 2
(5,0) : 37
(47,1) : 4
(47,0) : 2
(40,0) : 2
(28,1) : 2
(15,1) : 1
(3,0) : 52
(38,0) : 2
(14,1) : 1
(45,4) : 1
(43,2) : 1
(46,3) : 2
(27,0) : 1
(47,3) : 1
(24,0) : 1
(11,2) : 3
(21,1) : 1
(39,0) : 1
(31,0) : 1
(11,1) : 3
(2,1) : 4
(24,1) : 1
(23,0) : 1
(3,1) : 3
(26,0) : 1
(19,0) : 1
(5,1) : 3
(8,1) : 2
(4,1) : 1
(6,1) : 2
(9,1) : 1
(0,1) : 1
(1,1) : 2
(0,0) : 1
