pop size : 10000, betaG : 0.08500, lambdaH : 0.10000, lambdaW : 0.00100, gamma : 0.12500, Tmax : 150.00, threshold of infected : 0.010
0.37 0.32 0.13 0.12 0.04 0.02 
0.2192 0.12 0.08 0.06 0.05 0.045 0.04 0.035 0.03 0.02 0.02 0.02 0.015 0.015 0.015 0.015 0.001 0.001 0.001 0.001 0.001 0.001 0.001 0.001 0.001 0.001 0.001 0.001 0.001 0.001 0.001 0.001 0.001 0.001 0.001 0.001 0.001 0.001 0.001 0.001 0.001 0.0001 0.0001 0.0001 0.0001 0.0001 0.0001 0.0001 0.0001 0.175 
Proportion of infected at cutoff : 0.0100
Proportion of susceptibles at cutoff : 0.9780
(49,1) : 22
(50,0) : 47
(48,1) : 10
(13,0) : 8
(48,0) : 10
(49,0) : 21
(10,0) : 19
(5,0) : 35
(16,0) : 9
(12,0) : 11
(37,0) : 1
(8,0) : 29
(47,1) : 5
(30,0) : 2
(2,0) : 97
(27,0) : 2
(9,0) : 24
(8,1) : 1
(1,0) : 167
(25,0) : 1
(11,1) : 2
(3,0) : 63
(47,2) : 4
(6,0) : 33
(4,0) : 45
(5,1) : 4
(7,0) : 25
(46,1) : 3
(48,2) : 4
(32,0) : 1
(11,0) : 11
(24,0) : 1
(26,0) : 1
(46,2) : 1
(7,1) : 4
(47,3) : 1
(45,0) : 1
(15,1) : 1
(9,1) : 2
(8,2) : 2
(47,0) : 2
(29,0) : 1
(33,1) : 1
(15,0) : 8
(14,0) : 11
(6,1) : 4
(28,0) : 1
(21,1) : 1
(12,1) : 3
(36,1) : 1
(0,0) : 1
(14,1) : 1
(46,0) : 1
(1,1) : 4
(2,1) : 2
(10,1) : 1
(13,1) : 1
(4,1) : 1
(0,1) : 1
