pop size : 10000, betaG : 0.08500, lambdaH : 0.10000, lambdaW : 0.00100, gamma : 0.12500, Tmax : 150.00, threshold of infected : 0.010
0.37 0.32 0.13 0.12 0.04 0.02 
0.2192 0.12 0.08 0.06 0.05 0.045 0.04 0.035 0.03 0.02 0.02 0.02 0.015 0.015 0.015 0.015 0.001 0.001 0.001 0.001 0.001 0.001 0.001 0.001 0.001 0.001 0.001 0.001 0.001 0.001 0.001 0.001 0.001 0.001 0.001 0.001 0.001 0.001 0.001 0.001 0.001 0.0001 0.0001 0.0001 0.0001 0.0001 0.0001 0.0001 0.0001 0.175 
Proportion of infected at cutoff : 0.0100
Proportion of susceptibles at cutoff : 0.9773
(49,1) : 19
(47,0) : 1
(2,0) : 88
(48,0) : 6
(0,0) : 3
(6,0) : 35
(48,1) : 11
(15,0) : 5
(50,0) : 44
(47,1) : 7
(12,0) : 12
(41,0) : 1
(49,0) : 24
(7,0) : 30
(10,0) : 16
(48,2) : 6
(25,0) : 2
(5,0) : 47
(13,0) : 9
(28,0) : 1
(38,0) : 1
(4,0) : 41
(11,0) : 20
(9,0) : 24
(45,0) : 2
(21,0) : 1
(13,1) : 3
(47,2) : 5
(46,2) : 2
(46,4) : 1
(8,0) : 24
(23,0) : 1
(1,0) : 195
(45,2) : 1
(3,0) : 53
(15,1) : 1
(14,0) : 11
(32,0) : 1
(26,0) : 1
(4,1) : 2
(16,0) : 6
(0,1) : 4
(42,0) : 1
(3,1) : 1
(8,1) : 1
(10,2) : 1
(13,2) : 1
(11,1) : 2
(19,0) : 2
(6,1) : 1
(33,0) : 1
(14,1) : 3
(36,0) : 1
(1,1) : 1
(9,1) : 2
(47,3) : 1
(17,0) : 1
(31,0) : 1
(12,1) : 1
(11,2) : 1
(20,0) : 1
(24,0) : 1
