pop size : 10000, betaG : 0.08500, lambdaH : 0.10000, lambdaW : 0.00100, gamma : 0.12500, Tmax : 150.00, threshold of infected : 0.010
0.37 0.32 0.13 0.12 0.04 0.02 
0.2192 0.12 0.08 0.06 0.05 0.045 0.04 0.035 0.03 0.02 0.02 0.02 0.015 0.015 0.015 0.015 0.001 0.001 0.001 0.001 0.001 0.001 0.001 0.001 0.001 0.001 0.001 0.001 0.001 0.001 0.001 0.001 0.001 0.001 0.001 0.001 0.001 0.001 0.001 0.001 0.001 0.0001 0.0001 0.0001 0.0001 0.0001 0.0001 0.0001 0.0001 0.175 
Proportion of infected at cutoff : 0.0100
Proportion of susceptibles at cutoff : 0.9688
(50,0) : 39
(2,0) : 72
(49,0) : 23
(48,0) : 14
(46,2) : 5
(46,3) : 1
(42,1) : 1
(48,1) : 15
(12,0) : 17
(4,0) : 39
(47,1) : 9
(11,0) : 13
(9,0) : 22
(34,0) : 3
(16,0) : 6
(47,2) : 5
(14,0) : 11
(45,1) : 2
(46,1) : 4
(3,0) : 56
(5,0) : 39
(8,0) : 20
(37,0) : 1
(6,1) : 2
(1,0) : 139
(47,0) : 3
(37,2) : 1
(6,0) : 27
(7,0) : 16
(3,1) : 1
(13,0) : 11
(49,1) : 4
(48,2) : 2
(24,0) : 1
(33,0) : 1
(34,1) : 1
(11,1) : 2
(15,0) : 3
(10,0) : 11
(39,1) : 1
(31,1) : 1
(46,0) : 2
(47,3) : 1
(30,0) : 2
(22,0) : 1
(33,1) : 1
(10,1) : 2
(17,0) : 1
(23,0) : 2
(7,1) : 4
(0,0) : 2
(30,1) : 1
(43,3) : 1
(20,0) : 2
(4,1) : 1
(44,2) : 1
(46,4) : 1
(35,0) : 1
(8,1) : 1
(13,1) : 2
(31,0) : 1
(39,0) : 1
(45,0) : 1
(15,1) : 1
(25,0) : 1
(5,1) : 2
(27,1) : 1
