pop size : 10000, betaG : 0.08500, lambdaH : 0.10000, lambdaW : 0.00100, gamma : 0.12500, Tmax : 150.00, threshold of infected : 0.010
0.37 0.32 0.13 0.12 0.04 0.02 
0.2192 0.12 0.08 0.06 0.05 0.045 0.04 0.035 0.03 0.02 0.02 0.02 0.015 0.015 0.015 0.015 0.001 0.001 0.001 0.001 0.001 0.001 0.001 0.001 0.001 0.001 0.001 0.001 0.001 0.001 0.001 0.001 0.001 0.001 0.001 0.001 0.001 0.001 0.001 0.001 0.001 0.0001 0.0001 0.0001 0.0001 0.0001 0.0001 0.0001 0.0001 0.175 
Proportion of infected at cutoff : 0.0100
Proportion of susceptibles at cutoff : 0.9775
(12,0) : 18
(50,0) : 45
(41,0) : 1
(4,0) : 40
(16,0) : 12
(48,0) : 13
(49,0) : 23
(49,1) : 19
(35,0) : 2
(10,0) : 9
(36,0) : 1
(15,0) : 8
(47,1) : 4
(17,0) : 2
(48,2) : 6
(11,0) : 15
(47,3) : 2
(1,0) : 170
(39,0) : 1
(44,2) : 1
(9,1) : 1
(47,2) : 3
(33,0) : 1
(48,1) : 7
(8,0) : 26
(7,0) : 20
(46,1) : 2
(46,2) : 3
(9,0) : 18
(46,3) : 3
(2,0) : 99
(3,0) : 59
(45,2) : 1
(13,0) : 11
(36,1) : 1
(20,0) : 1
(6,0) : 24
(47,0) : 2
(46,0) : 1
(11,1) : 1
(29,0) : 2
(7,1) : 2
(5,0) : 31
(22,1) : 1
(27,0) : 1
(5,1) : 2
(12,1) : 1
(8,1) : 2
(40,0) : 1
(14,0) : 6
(44,1) : 1
(33,2) : 1
(0,1) : 2
(27,1) : 1
(14,1) : 1
(6,1) : 2
(4,1) : 1
(1,1) : 1
(10,2) : 1
(2,1) : 1
