pop size : 10000, betaG : 0.08500, lambdaH : 0.10000, lambdaW : 0.00100, gamma : 0.12500, Tmax : 150.00, threshold of infected : 0.010
0.37 0.32 0.13 0.12 0.04 0.02 
0.2192 0.12 0.08 0.06 0.05 0.045 0.04 0.035 0.03 0.02 0.02 0.02 0.015 0.015 0.015 0.015 0.001 0.001 0.001 0.001 0.001 0.001 0.001 0.001 0.001 0.001 0.001 0.001 0.001 0.001 0.001 0.001 0.001 0.001 0.001 0.001 0.001 0.001 0.001 0.001 0.001 0.0001 0.0001 0.0001 0.0001 0.0001 0.0001 0.0001 0.0001 0.175 
Proportion of infected at cutoff : 0.0100
Proportion of susceptibles at cutoff : 0.9787
(47,3) : 2
(50,0) : 60
(3,0) : 59
(9,0) : 19
(47,2) : 6
(49,0) : 23
(18,0) : 1
(8,0) : 29
(49,1) : 16
(15,0) : 11
(29,1) : 1
(1,0) : 157
(5,0) : 31
(37,0) : 4
(48,2) : 1
(48,1) : 7
(2,0) : 93
(4,0) : 37
(7,1) : 3
(14,0) : 12
(26,1) : 1
(10,1) : 1
(16,0) : 8
(13,0) : 10
(47,1) : 5
(44,5) : 1
(6,0) : 46
(38,2) : 1
(38,1) : 1
(45,3) : 1
(47,0) : 1
(32,0) : 2
(31,0) : 2
(40,0) : 1
(10,0) : 19
(30,0) : 1
(37,1) : 1
(11,1) : 1
(22,1) : 1
(7,0) : 21
(3,1) : 2
(13,1) : 2
(48,0) : 3
(25,2) : 1
(41,0) : 1
(35,0) : 1
(11,0) : 13
(20,0) : 1
(40,4) : 1
(6,1) : 2
(5,1) : 2
(14,1) : 1
(8,1) : 1
(12,0) : 6
(15,1) : 3
(12,1) : 2
(2,1) : 3
(1,1) : 2
(27,1) : 1
(10,2) : 1
(7,2) : 1
(4,1) : 1
(0,0) : 3
