pop size : 10000, betaG : 0.08500, lambdaH : 0.10000, lambdaW : 0.00100, gamma : 0.12500, Tmax : 150.00, threshold of infected : 0.010
0.37 0.32 0.13 0.12 0.04 0.02 
0.2192 0.12 0.08 0.06 0.05 0.045 0.04 0.035 0.03 0.02 0.02 0.02 0.015 0.015 0.015 0.015 0.001 0.001 0.001 0.001 0.001 0.001 0.001 0.001 0.001 0.001 0.001 0.001 0.001 0.001 0.001 0.001 0.001 0.001 0.001 0.001 0.001 0.001 0.001 0.001 0.001 0.0001 0.0001 0.0001 0.0001 0.0001 0.0001 0.0001 0.0001 0.175 
Proportion of infected at cutoff : 0.0100
Proportion of susceptibles at cutoff : 0.9697
(48,0) : 15
(49,0) : 28
(45,4) : 1
(14,1) : 2
(1,0) : 174
(47,0) : 6
(44,0) : 1
(50,0) : 37
(49,1) : 14
(47,1) : 5
(47,2) : 4
(9,0) : 16
(48,1) : 12
(11,0) : 13
(16,0) : 7
(4,0) : 45
(8,0) : 22
(43,1) : 1
(7,0) : 25
(14,0) : 7
(33,0) : 3
(2,0) : 82
(3,0) : 53
(48,2) : 2
(46,2) : 3
(46,0) : 2
(10,1) : 1
(24,0) : 2
(18,0) : 1
(10,0) : 12
(38,1) : 1
(41,2) : 1
(6,0) : 34
(45,2) : 2
(21,0) : 1
(22,1) : 2
(12,0) : 10
(13,0) : 10
(30,0) : 2
(41,4) : 1
(8,1) : 1
(47,3) : 1
(15,0) : 8
(42,3) : 1
(1,1) : 1
(15,1) : 3
(20,0) : 1
(23,0) : 2
(11,2) : 1
(37,0) : 1
(5,0) : 19
(45,0) : 1
(34,0) : 1
(0,0) : 2
(5,1) : 2
(45,3) : 1
(44,3) : 1
(7,1) : 2
(6,1) : 2
(4,1) : 3
(3,1) : 1
(2,1) : 1
