pop size : 10000, betaG : 0.08500, lambdaH : 0.10000, lambdaW : 0.00100, gamma : 0.12500, Tmax : 150.00, threshold of infected : 0.010
0.37 0.32 0.13 0.12 0.04 0.02 
0.2192 0.12 0.08 0.06 0.05 0.045 0.04 0.035 0.03 0.02 0.02 0.02 0.015 0.015 0.015 0.015 0.001 0.001 0.001 0.001 0.001 0.001 0.001 0.001 0.001 0.001 0.001 0.001 0.001 0.001 0.001 0.001 0.001 0.001 0.001 0.001 0.001 0.001 0.001 0.001 0.001 0.0001 0.0001 0.0001 0.0001 0.0001 0.0001 0.0001 0.0001 0.175 
Proportion of infected at cutoff : 0.0100
Proportion of susceptibles at cutoff : 0.9818
(6,0) : 28
(7,0) : 25
(49,1) : 21
(49,0) : 20
(50,0) : 61
(1,0) : 165
(48,1) : 11
(3,0) : 52
(48,2) : 6
(48,0) : 5
(8,0) : 31
(10,1) : 2
(11,0) : 20
(2,0) : 74
(9,0) : 16
(47,1) : 1
(47,3) : 3
(45,1) : 1
(14,0) : 9
(7,1) : 4
(46,1) : 1
(15,0) : 15
(21,1) : 1
(12,1) : 2
(4,0) : 39
(27,0) : 1
(10,0) : 15
(26,0) : 1
(47,2) : 1
(18,0) : 1
(15,1) : 4
(5,0) : 39
(13,0) : 10
(14,1) : 2
(17,1) : 1
(20,0) : 1
(45,2) : 1
(24,0) : 1
(12,0) : 9
(37,1) : 1
(16,0) : 6
(22,0) : 1
(29,0) : 1
(5,1) : 4
(41,0) : 1
(33,0) : 2
(42,4) : 1
(20,1) : 1
(47,0) : 1
(1,1) : 4
(2,1) : 1
(6,1) : 1
(8,1) : 1
(19,0) : 1
(39,0) : 1
(0,0) : 1
(3,1) : 1
(4,1) : 1
(0,1) : 5
