pop size : 10000, betaG : 0.08500, lambdaH : 0.10000, lambdaW : 0.00100, gamma : 0.12500, Tmax : 150.00, threshold of infected : 0.010
0.37 0.32 0.13 0.12 0.04 0.02 
0.2192 0.12 0.08 0.06 0.05 0.045 0.04 0.035 0.03 0.02 0.02 0.02 0.015 0.015 0.015 0.015 0.001 0.001 0.001 0.001 0.001 0.001 0.001 0.001 0.001 0.001 0.001 0.001 0.001 0.001 0.001 0.001 0.001 0.001 0.001 0.001 0.001 0.001 0.001 0.001 0.001 0.0001 0.0001 0.0001 0.0001 0.0001 0.0001 0.0001 0.0001 0.175 
Proportion of infected at cutoff : 0.0100
Proportion of susceptibles at cutoff : 0.9732
(49,0) : 20
(50,0) : 40
(47,1) : 5
(48,0) : 10
(7,0) : 41
(48,1) : 12
(4,0) : 43
(15,0) : 13
(49,1) : 19
(44,4) : 1
(47,3) : 2
(1,0) : 156
(40,0) : 2
(46,0) : 3
(47,0) : 4
(11,0) : 9
(8,0) : 31
(31,0) : 1
(12,0) : 6
(10,0) : 16
(44,3) : 3
(13,0) : 13
(14,0) : 8
(42,2) : 1
(27,0) : 1
(45,0) : 1
(44,1) : 1
(3,0) : 51
(9,0) : 19
(6,0) : 36
(2,0) : 85
(16,0) : 13
(46,2) : 3
(45,1) : 2
(3,1) : 4
(47,2) : 2
(48,2) : 4
(34,0) : 1
(8,1) : 1
(5,0) : 46
(30,1) : 1
(10,1) : 1
(15,1) : 1
(35,0) : 2
(12,1) : 2
(4,1) : 1
(5,1) : 3
(21,0) : 1
(22,0) : 1
(7,1) : 3
(26,0) : 1
(18,0) : 1
(0,0) : 2
(1,1) : 3
(0,1) : 2
