pop size : 10000, betaG : 0.08500, lambdaH : 0.10000, lambdaW : 0.00100, gamma : 0.12500, Tmax : 150.00, threshold of infected : 0.010
0.37 0.32 0.13 0.12 0.04 0.02 
0.2192 0.12 0.08 0.06 0.05 0.045 0.04 0.035 0.03 0.02 0.02 0.02 0.015 0.015 0.015 0.015 0.001 0.001 0.001 0.001 0.001 0.001 0.001 0.001 0.001 0.001 0.001 0.001 0.001 0.001 0.001 0.001 0.001 0.001 0.001 0.001 0.001 0.001 0.001 0.001 0.001 0.0001 0.0001 0.0001 0.0001 0.0001 0.0001 0.0001 0.0001 0.175 
Proportion of infected at cutoff : 0.0100
Proportion of susceptibles at cutoff : 0.9715
(14,0) : 10
(50,0) : 40
(8,0) : 22
(43,5) : 1
(49,1) : 13
(48,0) : 6
(2,0) : 75
(48,1) : 13
(6,0) : 31
(49,0) : 33
(20,1) : 1
(47,1) : 5
(15,0) : 10
(3,0) : 64
(10,0) : 9
(18,0) : 1
(45,1) : 2
(13,0) : 11
(47,2) : 1
(5,0) : 34
(43,1) : 2
(48,2) : 6
(9,0) : 24
(4,0) : 41
(34,0) : 1
(33,0) : 2
(47,3) : 1
(11,0) : 10
(46,1) : 2
(12,0) : 8
(38,0) : 2
(29,0) : 2
(7,0) : 24
(47,0) : 3
(46,2) : 2
(33,4) : 1
(34,2) : 1
(16,0) : 7
(15,1) : 2
(46,0) : 1
(1,0) : 171
(8,1) : 4
(44,1) : 2
(42,1) : 1
(46,3) : 1
(6,1) : 1
(32,3) : 1
(39,0) : 1
(40,0) : 1
(35,0) : 1
(23,0) : 2
(3,1) : 2
(17,0) : 1
(4,1) : 2
(41,3) : 1
(7,1) : 2
(19,0) : 1
(20,0) : 1
(1,1) : 1
(5,1) : 1
(0,0) : 2
(2,1) : 1
(0,1) : 2
