pop size : 10000, betaG : 0.08500, lambdaH : 0.10000, lambdaW : 0.00100, gamma : 0.12500, Tmax : 150.00, threshold of infected : 0.010
0.37 0.32 0.13 0.12 0.04 0.02 
0.2192 0.12 0.08 0.06 0.05 0.045 0.04 0.035 0.03 0.02 0.02 0.02 0.015 0.015 0.015 0.015 0.001 0.001 0.001 0.001 0.001 0.001 0.001 0.001 0.001 0.001 0.001 0.001 0.001 0.001 0.001 0.001 0.001 0.001 0.001 0.001 0.001 0.001 0.001 0.001 0.001 0.0001 0.0001 0.0001 0.0001 0.0001 0.0001 0.0001 0.0001 0.175 
Proportion of infected at cutoff : 0.0100
Proportion of susceptibles at cutoff : 0.9828
(50,0) : 63
(32,1) : 1
(4,0) : 47
(9,0) : 26
(8,0) : 30
(14,0) : 11
(49,0) : 16
(16,0) : 8
(19,1) : 1
(48,2) : 8
(15,0) : 8
(46,4) : 2
(49,1) : 14
(15,1) : 2
(39,0) : 2
(12,0) : 19
(7,0) : 25
(48,1) : 9
(47,1) : 4
(13,0) : 14
(47,3) : 2
(5,0) : 36
(25,0) : 2
(31,0) : 1
(6,0) : 31
(38,0) : 1
(3,0) : 72
(36,0) : 1
(47,2) : 4
(11,0) : 10
(2,0) : 95
(1,0) : 165
(48,0) : 3
(27,0) : 1
(39,1) : 1
(35,0) : 2
(30,0) : 1
(7,1) : 1
(45,1) : 1
(32,2) : 1
(4,1) : 2
(21,1) : 1
(9,1) : 1
(20,2) : 1
(6,1) : 1
(33,0) : 1
(3,1) : 2
(23,0) : 1
(10,0) : 10
(28,3) : 1
(20,1) : 1
(12,1) : 2
(11,1) : 1
(46,1) : 1
(14,1) : 1
(22,0) : 1
(5,1) : 1
(18,0) : 1
(2,1) : 2
(1,1) : 1
(7,2) : 1
(0,1) : 2
