pop size : 10000, betaG : 0.08500, lambdaH : 0.10000, lambdaW : 0.00100, gamma : 0.12500, Tmax : 150.00, threshold of infected : 0.010
0.37 0.32 0.13 0.12 0.04 0.02 
0.2192 0.12 0.08 0.06 0.05 0.045 0.04 0.035 0.03 0.02 0.02 0.02 0.015 0.015 0.015 0.015 0.001 0.001 0.001 0.001 0.001 0.001 0.001 0.001 0.001 0.001 0.001 0.001 0.001 0.001 0.001 0.001 0.001 0.001 0.001 0.001 0.001 0.001 0.001 0.001 0.001 0.0001 0.0001 0.0001 0.0001 0.0001 0.0001 0.0001 0.0001 0.175 
Proportion of infected at cutoff : 0.0100
Proportion of susceptibles at cutoff : 0.9810
(38,0) : 1
(7,0) : 23
(16,0) : 9
(49,1) : 26
(3,0) : 55
(49,0) : 20
(50,0) : 61
(34,0) : 1
(48,0) : 6
(48,2) : 6
(14,0) : 12
(2,0) : 67
(43,5) : 1
(48,1) : 5
(8,0) : 29
(4,0) : 41
(1,0) : 154
(12,0) : 8
(47,1) : 5
(46,0) : 1
(29,1) : 1
(47,3) : 2
(13,0) : 9
(9,0) : 21
(47,2) : 4
(19,0) : 2
(6,0) : 24
(26,1) : 1
(47,0) : 1
(15,0) : 7
(13,1) : 2
(1,1) : 2
(20,0) : 2
(25,0) : 1
(11,0) : 8
(10,0) : 14
(3,1) : 3
(46,2) : 1
(5,0) : 33
(37,0) : 1
(26,2) : 1
(46,3) : 1
(6,1) : 1
(21,0) : 1
(46,1) : 1
(9,1) : 1
(33,0) : 1
(45,4) : 1
(8,1) : 1
(11,1) : 1
(16,1) : 1
(0,1) : 4
(14,1) : 1
(32,0) : 1
(4,1) : 2
