pop size : 10000, betaG : 0.08500, lambdaH : 0.10000, lambdaW : 0.00100, gamma : 0.12500, Tmax : 150.00, threshold of infected : 0.010
0.37 0.32 0.13 0.12 0.04 0.02 
0.2192 0.12 0.08 0.06 0.05 0.045 0.04 0.035 0.03 0.02 0.02 0.02 0.015 0.015 0.015 0.015 0.001 0.001 0.001 0.001 0.001 0.001 0.001 0.001 0.001 0.001 0.001 0.001 0.001 0.001 0.001 0.001 0.001 0.001 0.001 0.001 0.001 0.001 0.001 0.001 0.001 0.0001 0.0001 0.0001 0.0001 0.0001 0.0001 0.0001 0.0001 0.175 
Proportion of infected at cutoff : 0.0100
Proportion of susceptibles at cutoff : 0.9770
(50,0) : 51
(48,2) : 4
(15,0) : 20
(49,1) : 20
(7,0) : 28
(11,0) : 11
(8,0) : 29
(49,0) : 16
(27,1) : 1
(14,0) : 16
(32,1) : 1
(46,1) : 1
(48,1) : 11
(1,0) : 177
(10,0) : 21
(45,3) : 1
(3,0) : 68
(4,0) : 56
(48,0) : 4
(9,0) : 17
(46,0) : 1
(39,1) : 1
(12,2) : 1
(2,0) : 110
(21,0) : 1
(41,0) : 2
(12,0) : 13
(46,2) : 2
(6,0) : 39
(5,0) : 46
(16,0) : 11
(24,0) : 3
(13,0) : 6
(47,1) : 2
(47,3) : 1
(38,1) : 1
(47,0) : 3
(29,0) : 1
(2,1) : 4
(42,3) : 1
(14,1) : 1
(25,0) : 1
(40,1) : 1
(22,1) : 1
(36,0) : 1
(12,1) : 3
(44,4) : 1
(25,2) : 1
(18,1) : 1
(31,2) : 1
(9,1) : 2
(5,1) : 2
(13,1) : 1
(23,0) : 2
(10,1) : 2
(31,0) : 1
(6,1) : 2
(8,1) : 3
(7,1) : 1
(3,1) : 4
(11,1) : 1
(1,1) : 1
(0,1) : 1
