pop size : 10000, betaG : 0.08500, lambdaH : 0.10000, lambdaW : 0.00100, gamma : 0.12500, Tmax : 150.00, threshold of infected : 0.010
0.37 0.32 0.13 0.12 0.04 0.02 
0.2192 0.12 0.08 0.06 0.05 0.045 0.04 0.035 0.03 0.02 0.02 0.02 0.015 0.015 0.015 0.015 0.001 0.001 0.001 0.001 0.001 0.001 0.001 0.001 0.001 0.001 0.001 0.001 0.001 0.001 0.001 0.001 0.001 0.001 0.001 0.001 0.001 0.001 0.001 0.001 0.001 0.0001 0.0001 0.0001 0.0001 0.0001 0.0001 0.0001 0.0001 0.175 
Proportion of infected at cutoff : 0.0100
Proportion of susceptibles at cutoff : 0.9706
(11,0) : 19
(12,0) : 16
(16,0) : 6
(46,3) : 2
(50,0) : 34
(49,1) : 20
(49,0) : 16
(44,4) : 1
(4,0) : 43
(47,0) : 6
(11,1) : 2
(44,0) : 2
(10,0) : 15
(7,0) : 27
(48,0) : 22
(45,2) : 1
(19,0) : 1
(1,0) : 154
(44,1) : 1
(47,2) : 4
(3,0) : 67
(13,0) : 11
(6,0) : 27
(5,0) : 30
(47,1) : 2
(20,0) : 1
(19,1) : 1
(47,3) : 1
(8,0) : 36
(3,1) : 1
(15,0) : 7
(9,0) : 27
(32,0) : 1
(14,0) : 9
(48,2) : 2
(45,3) : 2
(20,2) : 1
(27,0) : 1
(25,1) : 1
(48,1) : 6
(46,2) : 1
(43,4) : 1
(13,1) : 1
(28,0) : 1
(46,1) : 2
(32,1) : 1
(13,2) : 1
(1,1) : 2
(34,0) : 2
(38,0) : 2
(39,1) : 1
(2,0) : 75
(41,0) : 1
(4,1) : 2
(39,0) : 1
(29,0) : 1
(6,1) : 2
(7,1) : 2
(24,0) : 1
(45,0) : 2
(0,0) : 3
(31,0) : 1
(33,0) : 1
(26,0) : 1
(6,2) : 1
(12,1) : 2
(5,1) : 1
(10,1) : 1
(17,0) : 1
(0,1) : 2
(2,1) : 1
(8,1) : 1
