pop size : 10000, betaG : 0.08500, lambdaH : 0.10000, lambdaW : 0.00100, gamma : 0.12500, Tmax : 150.00, threshold of infected : 0.010
0.37 0.32 0.13 0.12 0.04 0.02 
0.2192 0.12 0.08 0.06 0.05 0.045 0.04 0.035 0.03 0.02 0.02 0.02 0.015 0.015 0.015 0.015 0.001 0.001 0.001 0.001 0.001 0.001 0.001 0.001 0.001 0.001 0.001 0.001 0.001 0.001 0.001 0.001 0.001 0.001 0.001 0.001 0.001 0.001 0.001 0.001 0.001 0.0001 0.0001 0.0001 0.0001 0.0001 0.0001 0.0001 0.0001 0.175 
Proportion of infected at cutoff : 0.0100
Proportion of susceptibles at cutoff : 0.9709
(48,0) : 7
(12,0) : 15
(49,0) : 25
(50,0) : 43
(3,0) : 61
(32,0) : 2
(24,0) : 1
(48,2) : 4
(17,1) : 1
(49,1) : 17
(48,1) : 3
(45,0) : 4
(15,0) : 13
(1,0) : 207
(46,3) : 2
(10,0) : 11
(44,2) : 2
(46,1) : 3
(45,3) : 1
(47,2) : 7
(5,0) : 37
(6,0) : 38
(9,0) : 17
(47,1) : 5
(14,0) : 13
(4,0) : 44
(45,1) : 2
(37,0) : 1
(7,0) : 24
(18,1) : 1
(11,0) : 13
(16,0) : 7
(19,0) : 1
(11,1) : 2
(22,0) : 1
(47,0) : 2
(28,2) : 1
(34,0) : 1
(46,2) : 2
(8,0) : 25
(2,0) : 92
(16,1) : 1
(15,1) : 1
(8,1) : 1
(46,0) : 2
(28,0) : 1
(0,0) : 3
(7,1) : 2
(45,2) : 1
(25,1) : 1
(38,0) : 1
(25,0) : 1
(13,0) : 7
(12,1) : 2
(33,0) : 2
(2,1) : 1
(3,1) : 1
(29,1) : 1
(0,1) : 5
(1,1) : 2
(6,1) : 3
(10,1) : 1
(4,1) : 1
