pop size : 10000, betaG : 0.08500, lambdaH : 0.10000, lambdaW : 0.00100, gamma : 0.12500, Tmax : 150.00, threshold of infected : 0.010
0.37 0.32 0.13 0.12 0.04 0.02 
0.2192 0.12 0.08 0.06 0.05 0.045 0.04 0.035 0.03 0.02 0.02 0.02 0.015 0.015 0.015 0.015 0.001 0.001 0.001 0.001 0.001 0.001 0.001 0.001 0.001 0.001 0.001 0.001 0.001 0.001 0.001 0.001 0.001 0.001 0.001 0.001 0.001 0.001 0.001 0.001 0.001 0.0001 0.0001 0.0001 0.0001 0.0001 0.0001 0.0001 0.0001 0.175 
Proportion of infected at cutoff : 0.0100
Proportion of susceptibles at cutoff : 0.9759
(30,1) : 1
(50,0) : 52
(48,1) : 8
(45,3) : 1
(9,0) : 17
(49,0) : 27
(41,0) : 1
(8,0) : 32
(12,0) : 6
(1,0) : 193
(16,0) : 12
(47,1) : 4
(5,0) : 32
(13,0) : 11
(30,2) : 1
(10,0) : 15
(6,0) : 32
(11,0) : 9
(48,0) : 6
(47,3) : 3
(19,0) : 1
(48,2) : 6
(34,0) : 1
(49,1) : 8
(44,2) : 1
(25,1) : 2
(47,2) : 2
(15,0) : 8
(46,1) : 1
(45,0) : 1
(35,0) : 1
(41,2) : 1
(7,1) : 3
(47,0) : 3
(6,1) : 2
(46,3) : 2
(40,1) : 1
(17,0) : 2
(3,0) : 63
(30,0) : 1
(2,0) : 91
(14,0) : 6
(23,0) : 2
(7,0) : 24
(43,1) : 1
(25,0) : 2
(0,0) : 2
(37,2) : 1
(46,2) : 1
(36,0) : 1
(4,0) : 39
(27,0) : 1
(8,1) : 1
(31,0) : 1
(46,0) : 1
(21,1) : 1
(40,0) : 1
(29,1) : 1
(22,1) : 1
(9,1) : 1
(32,1) : 1
(11,1) : 4
(4,2) : 1
(32,0) : 1
(20,1) : 1
(14,1) : 2
(15,1) : 1
(18,0) : 2
(5,1) : 3
(0,1) : 2
(0,2) : 1
(5,2) : 1
