pop size : 10000, betaG : 0.08500, lambdaH : 0.10000, lambdaW : 0.00100, gamma : 0.12500, Tmax : 150.00, threshold of infected : 0.010
0.37 0.32 0.13 0.12 0.04 0.02 
0.2192 0.12 0.08 0.06 0.05 0.045 0.04 0.035 0.03 0.02 0.02 0.02 0.015 0.015 0.015 0.015 0.001 0.001 0.001 0.001 0.001 0.001 0.001 0.001 0.001 0.001 0.001 0.001 0.001 0.001 0.001 0.001 0.001 0.001 0.001 0.001 0.001 0.001 0.001 0.001 0.001 0.0001 0.0001 0.0001 0.0001 0.0001 0.0001 0.0001 0.0001 0.175 
Proportion of infected at cutoff : 0.0100
Proportion of susceptibles at cutoff : 0.9814
(50,0) : 57
(23,1) : 1
(48,0) : 9
(5,0) : 43
(49,1) : 21
(4,0) : 45
(9,0) : 13
(6,0) : 41
(2,0) : 81
(27,0) : 1
(1,0) : 173
(48,1) : 10
(49,0) : 17
(35,0) : 1
(47,1) : 4
(45,3) : 1
(48,2) : 7
(11,0) : 14
(12,0) : 13
(47,3) : 2
(37,0) : 1
(46,1) : 2
(13,0) : 7
(3,0) : 61
(6,1) : 2
(33,1) : 1
(7,0) : 31
(17,0) : 2
(23,0) : 1
(39,0) : 2
(14,0) : 10
(8,0) : 24
(5,1) : 2
(28,0) : 2
(22,0) : 1
(47,2) : 1
(7,1) : 1
(0,1) : 1
(46,3) : 2
(13,1) : 2
(15,1) : 2
(15,0) : 13
(3,1) : 3
(4,1) : 2
(30,0) : 2
(10,0) : 9
(11,1) : 2
(0,0) : 2
(8,1) : 3
(41,0) : 1
(17,1) : 1
(39,1) : 1
(16,0) : 2
(20,0) : 1
(14,1) : 2
(10,1) : 2
(9,1) : 1
(1,1) : 3
