pop size : 10000, betaG : 0.08500, lambdaH : 0.10000, lambdaW : 0.00100, gamma : 0.12500, Tmax : 150.00, threshold of infected : 0.010
0.37 0.32 0.13 0.12 0.04 0.02 
0.2192 0.12 0.08 0.06 0.05 0.045 0.04 0.035 0.03 0.02 0.02 0.02 0.015 0.015 0.015 0.015 0.001 0.001 0.001 0.001 0.001 0.001 0.001 0.001 0.001 0.001 0.001 0.001 0.001 0.001 0.001 0.001 0.001 0.001 0.001 0.001 0.001 0.001 0.001 0.001 0.001 0.0001 0.0001 0.0001 0.0001 0.0001 0.0001 0.0001 0.0001 0.175 
Proportion of infected at cutoff : 0.0100
Proportion of susceptibles at cutoff : 0.9820
(46,3) : 1
(1,0) : 162
(48,1) : 13
(50,0) : 51
(2,0) : 97
(15,0) : 15
(48,2) : 1
(49,0) : 16
(38,0) : 3
(49,1) : 25
(47,3) : 2
(48,0) : 5
(4,0) : 43
(27,0) : 2
(47,2) : 2
(11,0) : 17
(16,0) : 17
(10,0) : 16
(25,0) : 2
(47,1) : 2
(5,0) : 36
(9,0) : 23
(13,0) : 13
(39,0) : 1
(45,0) : 1
(14,0) : 10
(44,5) : 1
(23,0) : 1
(17,0) : 1
(3,1) : 3
(8,0) : 22
(3,0) : 67
(13,1) : 3
(9,1) : 2
(28,0) : 1
(7,0) : 24
(45,3) : 1
(15,1) : 2
(26,0) : 2
(36,3) : 1
(12,0) : 13
(19,0) : 1
(37,0) : 1
(6,0) : 25
(8,1) : 3
(32,1) : 1
(21,0) : 1
(4,1) : 2
(31,0) : 1
(34,0) : 1
(35,0) : 1
(24,0) : 1
(12,1) : 2
(40,5) : 1
(40,0) : 1
(7,2) : 1
(10,1) : 1
(7,1) : 2
(11,1) : 1
(2,1) : 1
(45,2) : 1
(1,1) : 1
(0,1) : 1
(0,0) : 1
