pop size : 10000, betaG : 0.08500, lambdaH : 0.10000, lambdaW : 0.00100, gamma : 0.12500, Tmax : 150.00, threshold of infected : 0.010
0.37 0.32 0.13 0.12 0.04 0.02 
0.2192 0.12 0.08 0.06 0.05 0.045 0.04 0.035 0.03 0.02 0.02 0.02 0.015 0.015 0.015 0.015 0.001 0.001 0.001 0.001 0.001 0.001 0.001 0.001 0.001 0.001 0.001 0.001 0.001 0.001 0.001 0.001 0.001 0.001 0.001 0.001 0.001 0.001 0.001 0.001 0.001 0.0001 0.0001 0.0001 0.0001 0.0001 0.0001 0.0001 0.0001 0.175 
Proportion of infected at cutoff : 0.0100
Proportion of susceptibles at cutoff : 0.9717
(11,0) : 12
(25,0) : 1
(7,0) : 23
(46,0) : 2
(49,0) : 32
(50,0) : 39
(2,0) : 90
(47,0) : 5
(45,1) : 1
(10,0) : 17
(47,2) : 4
(12,0) : 16
(38,0) : 2
(4,1) : 2
(15,1) : 2
(48,1) : 9
(19,0) : 1
(39,0) : 2
(48,0) : 8
(47,1) : 5
(44,3) : 1
(27,1) : 1
(13,0) : 12
(6,0) : 34
(5,0) : 36
(8,0) : 29
(49,1) : 13
(46,1) : 3
(9,0) : 21
(3,0) : 51
(24,0) : 1
(15,0) : 11
(46,3) : 2
(32,0) : 2
(47,3) : 1
(26,0) : 1
(46,2) : 1
(45,4) : 1
(44,4) : 2
(8,1) : 2
(6,1) : 4
(26,1) : 1
(1,0) : 157
(16,0) : 8
(13,1) : 1
(14,0) : 7
(4,0) : 50
(21,1) : 1
(1,1) : 1
(18,0) : 1
(23,0) : 1
(12,1) : 1
(19,1) : 1
(9,1) : 1
(17,2) : 1
(11,1) : 1
(16,2) : 1
(45,2) : 1
(29,1) : 1
(14,1) : 2
(7,1) : 2
(21,0) : 1
(5,2) : 1
(2,1) : 2
(5,1) : 1
(0,0) : 1
