pop size : 10000, betaG : 0.08500, lambdaH : 0.10000, lambdaW : 0.00100, gamma : 0.12500, Tmax : 150.00, threshold of infected : 0.010
0.37 0.32 0.13 0.12 0.04 0.02 
0.2192 0.12 0.08 0.06 0.05 0.045 0.04 0.035 0.03 0.02 0.02 0.02 0.015 0.015 0.015 0.015 0.001 0.001 0.001 0.001 0.001 0.001 0.001 0.001 0.001 0.001 0.001 0.001 0.001 0.001 0.001 0.001 0.001 0.001 0.001 0.001 0.001 0.001 0.001 0.001 0.001 0.0001 0.0001 0.0001 0.0001 0.0001 0.0001 0.0001 0.0001 0.175 
Proportion of infected at cutoff : 0.0100
Proportion of susceptibles at cutoff : 0.9713
(3,0) : 78
(12,0) : 18
(50,0) : 39
(49,0) : 26
(48,0) : 10
(35,0) : 2
(48,2) : 5
(5,0) : 39
(9,0) : 27
(49,1) : 15
(47,3) : 1
(48,1) : 7
(46,0) : 2
(47,2) : 4
(47,1) : 8
(15,0) : 6
(46,1) : 2
(8,0) : 20
(1,0) : 177
(6,1) : 1
(11,0) : 7
(36,0) : 1
(32,0) : 2
(13,0) : 23
(26,0) : 2
(4,0) : 45
(43,3) : 1
(7,0) : 24
(43,0) : 1
(18,0) : 2
(47,0) : 3
(10,0) : 10
(17,0) : 1
(16,0) : 5
(20,1) : 1
(2,0) : 86
(9,1) : 1
(46,3) : 1
(38,2) : 1
(14,0) : 10
(11,1) : 4
(42,5) : 1
(8,1) : 3
(43,2) : 1
(44,5) : 1
(42,1) : 1
(6,0) : 23
(46,2) : 1
(39,0) : 1
(10,1) : 2
(45,2) : 1
(45,0) : 1
(31,0) : 1
(19,0) : 1
(30,4) : 1
(13,1) : 2
(2,1) : 1
(27,0) : 1
(14,1) : 1
(22,0) : 1
(3,1) : 1
(5,1) : 1
(0,0) : 5
