pop size : 10000, betaG : 0.08500, lambdaH : 0.10000, lambdaW : 0.00100, gamma : 0.12500, Tmax : 150.00, threshold of infected : 0.010
0.37 0.32 0.13 0.12 0.04 0.02 
0.2192 0.12 0.08 0.06 0.05 0.045 0.04 0.035 0.03 0.02 0.02 0.02 0.015 0.015 0.015 0.015 0.001 0.001 0.001 0.001 0.001 0.001 0.001 0.001 0.001 0.001 0.001 0.001 0.001 0.001 0.001 0.001 0.001 0.001 0.001 0.001 0.001 0.001 0.001 0.001 0.001 0.0001 0.0001 0.0001 0.0001 0.0001 0.0001 0.0001 0.0001 0.175 
Proportion of infected at cutoff : 0.0100
Proportion of susceptibles at cutoff : 0.9789
(49,0) : 19
(49,1) : 17
(47,2) : 8
(7,0) : 30
(15,1) : 1
(50,0) : 57
(4,0) : 44
(15,0) : 13
(48,2) : 3
(48,0) : 6
(48,1) : 3
(6,0) : 47
(43,4) : 1
(46,2) : 3
(12,0) : 11
(8,0) : 22
(9,0) : 20
(2,0) : 115
(4,1) : 2
(47,1) : 3
(44,2) : 1
(46,1) : 2
(10,0) : 12
(5,0) : 46
(16,0) : 4
(11,0) : 14
(28,0) : 1
(39,0) : 2
(30,1) : 1
(47,3) : 3
(13,0) : 11
(18,0) : 2
(14,0) : 8
(11,2) : 1
(11,1) : 4
(46,0) : 2
(3,0) : 58
(1,0) : 185
(44,0) : 1
(31,0) : 1
(17,0) : 2
(14,1) : 4
(40,0) : 2
(13,1) : 3
(14,2) : 1
(12,1) : 1
(35,0) : 1
(19,0) : 1
(29,0) : 1
(10,1) : 1
(20,0) : 1
(3,1) : 3
(22,0) : 1
(8,1) : 3
(38,1) : 1
(1,1) : 3
(0,0) : 3
(0,1) : 1
