pop size : 10000, betaG : 0.08500, lambdaH : 0.10000, lambdaW : 0.00100, gamma : 0.12500, Tmax : 150.00, threshold of infected : 0.010
0.37 0.32 0.13 0.12 0.04 0.02 
0.2192 0.12 0.08 0.06 0.05 0.045 0.04 0.035 0.03 0.02 0.02 0.02 0.015 0.015 0.015 0.015 0.001 0.001 0.001 0.001 0.001 0.001 0.001 0.001 0.001 0.001 0.001 0.001 0.001 0.001 0.001 0.001 0.001 0.001 0.001 0.001 0.001 0.001 0.001 0.001 0.001 0.0001 0.0001 0.0001 0.0001 0.0001 0.0001 0.0001 0.0001 0.175 
Proportion of infected at cutoff : 0.0100
Proportion of susceptibles at cutoff : 0.9698
(46,1) : 4
(11,0) : 17
(49,0) : 26
(47,0) : 4
(48,0) : 10
(4,0) : 52
(7,1) : 4
(50,0) : 34
(24,0) : 4
(12,0) : 6
(49,1) : 12
(15,0) : 10
(6,0) : 39
(45,1) : 1
(48,1) : 13
(14,0) : 15
(1,0) : 164
(47,2) : 3
(43,0) : 1
(47,1) : 7
(3,0) : 64
(20,0) : 1
(47,3) : 1
(13,0) : 13
(43,3) : 1
(5,0) : 44
(6,2) : 1
(9,0) : 17
(16,1) : 1
(8,0) : 24
(7,0) : 24
(2,0) : 93
(45,2) : 3
(31,0) : 2
(35,0) : 2
(10,0) : 13
(16,0) : 5
(45,3) : 2
(8,1) : 1
(36,0) : 1
(13,1) : 1
(29,0) : 1
(1,1) : 2
(26,1) : 1
(15,1) : 1
(30,0) : 2
(21,0) : 1
(46,0) : 2
(48,2) : 1
(46,3) : 1
(46,2) : 2
(34,0) : 1
(14,1) : 1
(10,2) : 1
(18,1) : 1
(39,0) : 1
(5,2) : 1
(33,1) : 1
(10,1) : 2
(32,0) : 1
(12,1) : 1
(44,0) : 1
(0,0) : 4
(2,1) : 1
(3,1) : 3
(6,1) : 1
(4,1) : 2
