pop size : 10000, betaG : 0.08500, lambdaH : 0.10000, lambdaW : 0.00100, gamma : 0.12500, Tmax : 150.00, threshold of infected : 0.010
0.37 0.32 0.13 0.12 0.04 0.02 
0.2192 0.12 0.08 0.06 0.05 0.045 0.04 0.035 0.03 0.02 0.02 0.02 0.015 0.015 0.015 0.015 0.001 0.001 0.001 0.001 0.001 0.001 0.001 0.001 0.001 0.001 0.001 0.001 0.001 0.001 0.001 0.001 0.001 0.001 0.001 0.001 0.001 0.001 0.001 0.001 0.001 0.0001 0.0001 0.0001 0.0001 0.0001 0.0001 0.0001 0.0001 0.175 
Proportion of infected at cutoff : 0.0100
Proportion of susceptibles at cutoff : 0.9769
(50,0) : 57
(9,0) : 16
(7,0) : 33
(15,0) : 13
(13,1) : 1
(49,0) : 19
(49,1) : 16
(44,1) : 1
(48,0) : 5
(11,1) : 3
(25,0) : 2
(3,0) : 62
(8,0) : 26
(30,0) : 1
(48,1) : 12
(6,0) : 35
(20,0) : 1
(2,0) : 82
(1,0) : 158
(13,0) : 13
(16,0) : 9
(44,0) : 1
(45,4) : 1
(46,0) : 2
(47,0) : 4
(4,0) : 43
(48,2) : 5
(47,2) : 2
(5,0) : 42
(39,6) : 1
(47,1) : 3
(14,0) : 9
(32,1) : 1
(43,6) : 1
(12,0) : 10
(11,0) : 9
(14,1) : 1
(4,1) : 3
(10,0) : 13
(7,1) : 1
(46,2) : 2
(40,0) : 2
(8,1) : 2
(45,3) : 1
(27,0) : 1
(31,0) : 2
(9,1) : 1
(46,1) : 1
(33,0) : 1
(28,0) : 1
(2,1) : 4
(24,1) : 1
(10,1) : 1
(16,1) : 1
(15,1) : 1
(5,1) : 1
(6,1) : 1
(9,2) : 1
(3,1) : 1
(6,2) : 1
(1,1) : 1
(0,1) : 1
