pop size : 10000, betaG : 0.08500, lambdaH : 0.10000, lambdaW : 0.00100, gamma : 0.12500, Tmax : 150.00, threshold of infected : 0.010
0.37 0.32 0.13 0.12 0.04 0.02 
0.2192 0.12 0.08 0.06 0.05 0.045 0.04 0.035 0.03 0.02 0.02 0.02 0.015 0.015 0.015 0.015 0.001 0.001 0.001 0.001 0.001 0.001 0.001 0.001 0.001 0.001 0.001 0.001 0.001 0.001 0.001 0.001 0.001 0.001 0.001 0.001 0.001 0.001 0.001 0.001 0.001 0.0001 0.0001 0.0001 0.0001 0.0001 0.0001 0.0001 0.0001 0.175 
Proportion of infected at cutoff : 0.0100
Proportion of susceptibles at cutoff : 0.9743
(16,0) : 11
(49,1) : 14
(6,0) : 35
(50,0) : 50
(48,2) : 4
(48,1) : 10
(9,0) : 20
(1,0) : 159
(49,0) : 19
(14,0) : 12
(15,0) : 6
(46,2) : 1
(48,0) : 7
(28,0) : 1
(2,0) : 82
(11,0) : 14
(8,0) : 31
(47,0) : 2
(47,1) : 4
(26,0) : 1
(42,4) : 1
(34,2) : 1
(3,0) : 58
(47,2) : 3
(46,0) : 1
(12,0) : 9
(4,0) : 48
(5,0) : 38
(13,0) : 11
(44,4) : 1
(38,0) : 2
(45,0) : 2
(44,2) : 1
(45,2) : 1
(17,0) : 2
(10,0) : 13
(45,1) : 1
(45,4) : 2
(27,1) : 1
(46,1) : 1
(27,0) : 1
(40,3) : 1
(15,1) : 2
(8,1) : 3
(11,1) : 2
(30,0) : 2
(25,0) : 2
(36,0) : 1
(31,1) : 1
(37,1) : 1
(7,0) : 27
(46,3) : 1
(39,0) : 1
(19,0) : 1
(23,0) : 1
(35,0) : 1
(39,1) : 1
(13,1) : 2
(10,1) : 2
(37,0) : 1
(19,1) : 1
(21,0) : 1
(9,1) : 1
(13,2) : 1
(1,1) : 2
(7,1) : 1
(32,0) : 1
(0,0) : 2
(3,1) : 1
(5,1) : 2
(0,1) : 1
