pop size : 10000, betaG : 0.08500, lambdaH : 0.10000, lambdaW : 0.00100, gamma : 0.12500, Tmax : 150.00, threshold of infected : 0.010
0.37 0.32 0.13 0.12 0.04 0.02 
0.2192 0.12 0.08 0.06 0.05 0.045 0.04 0.035 0.03 0.02 0.02 0.02 0.015 0.015 0.015 0.015 0.001 0.001 0.001 0.001 0.001 0.001 0.001 0.001 0.001 0.001 0.001 0.001 0.001 0.001 0.001 0.001 0.001 0.001 0.001 0.001 0.001 0.001 0.001 0.001 0.001 0.0001 0.0001 0.0001 0.0001 0.0001 0.0001 0.0001 0.0001 0.175 
Proportion of infected at cutoff : 0.0100
Proportion of susceptibles at cutoff : 0.9775
(7,0) : 37
(48,1) : 16
(42,7) : 1
(50,0) : 47
(49,0) : 24
(10,0) : 19
(35,0) : 1
(46,0) : 1
(22,2) : 1
(2,0) : 88
(48,0) : 8
(45,4) : 1
(6,0) : 38
(40,0) : 1
(49,1) : 15
(11,0) : 10
(12,0) : 13
(48,2) : 4
(14,0) : 14
(9,0) : 22
(1,0) : 183
(24,0) : 1
(5,0) : 41
(4,0) : 40
(15,0) : 9
(47,1) : 2
(47,0) : 5
(45,3) : 2
(28,1) : 1
(21,1) : 1
(33,0) : 1
(46,2) : 2
(25,0) : 2
(47,2) : 1
(3,0) : 48
(39,0) : 1
(13,0) : 4
(13,1) : 2
(45,1) : 1
(8,0) : 22
(20,0) : 1
(3,1) : 2
(43,3) : 1
(38,0) : 1
(15,2) : 1
(41,0) : 1
(10,1) : 1
(47,3) : 1
(23,1) : 1
(16,0) : 3
(32,0) : 2
(37,0) : 1
(6,1) : 1
(8,1) : 1
(7,1) : 1
(44,4) : 1
(4,1) : 2
(5,1) : 1
(12,1) : 1
(9,1) : 1
(11,1) : 1
(15,1) : 3
(1,1) : 1
