pop size : 10000, betaG : 0.08500, lambdaH : 0.10000, lambdaW : 0.00100, gamma : 0.12500, Tmax : 150.00, threshold of infected : 0.010
0.37 0.32 0.13 0.12 0.04 0.02 
0.2192 0.12 0.08 0.06 0.05 0.045 0.04 0.035 0.03 0.02 0.02 0.02 0.015 0.015 0.015 0.015 0.001 0.001 0.001 0.001 0.001 0.001 0.001 0.001 0.001 0.001 0.001 0.001 0.001 0.001 0.001 0.001 0.001 0.001 0.001 0.001 0.001 0.001 0.001 0.001 0.001 0.0001 0.0001 0.0001 0.0001 0.0001 0.0001 0.0001 0.0001 0.175 
Proportion of infected at cutoff : 0.0100
Proportion of susceptibles at cutoff : 0.9777
(50,0) : 55
(49,0) : 22
(26,1) : 1
(49,1) : 19
(8,0) : 23
(48,1) : 9
(7,0) : 24
(30,5) : 1
(45,4) : 1
(47,2) : 4
(31,0) : 1
(9,0) : 17
(1,0) : 137
(2,0) : 76
(46,2) : 2
(23,0) : 1
(48,2) : 4
(12,1) : 2
(45,1) : 2
(39,0) : 1
(48,0) : 5
(16,0) : 8
(12,0) : 12
(22,0) : 2
(11,0) : 9
(45,0) : 2
(17,0) : 2
(26,0) : 4
(3,0) : 46
(37,0) : 2
(47,1) : 3
(5,0) : 30
(32,0) : 2
(6,0) : 32
(14,1) : 1
(6,1) : 1
(15,0) : 7
(13,0) : 11
(4,0) : 39
(19,0) : 4
(25,0) : 1
(35,0) : 2
(4,1) : 2
(5,1) : 1
(47,3) : 1
(44,4) : 1
(42,2) : 1
(38,1) : 1
(40,0) : 2
(47,0) : 1
(33,0) : 1
(9,1) : 2
(10,0) : 11
(14,0) : 10
(45,2) : 1
(13,1) : 3
(27,1) : 1
(7,1) : 1
(11,1) : 1
(8,1) : 1
(10,1) : 2
(3,1) : 1
(1,1) : 3
(0,1) : 3
(0,0) : 2
