pop size : 10000, betaG : 0.08500, lambdaH : 0.10000, lambdaW : 0.00100, gamma : 0.12500, Tmax : 150.00, threshold of infected : 0.010
0.37 0.32 0.13 0.12 0.04 0.02 
0.2192 0.12 0.08 0.06 0.05 0.045 0.04 0.035 0.03 0.02 0.02 0.02 0.015 0.015 0.015 0.015 0.001 0.001 0.001 0.001 0.001 0.001 0.001 0.001 0.001 0.001 0.001 0.001 0.001 0.001 0.001 0.001 0.001 0.001 0.001 0.001 0.001 0.001 0.001 0.001 0.001 0.0001 0.0001 0.0001 0.0001 0.0001 0.0001 0.0001 0.0001 0.175 
Proportion of infected at cutoff : 0.0100
Proportion of susceptibles at cutoff : 0.9814
(8,0) : 24
(49,0) : 17
(11,0) : 10
(50,0) : 60
(48,2) : 7
(15,0) : 11
(6,1) : 2
(3,0) : 57
(4,0) : 37
(12,0) : 24
(10,0) : 15
(49,1) : 19
(14,0) : 5
(13,1) : 3
(48,0) : 5
(13,0) : 16
(16,0) : 14
(6,0) : 38
(20,0) : 1
(47,1) : 2
(45,3) : 1
(4,1) : 1
(9,0) : 19
(44,3) : 2
(46,3) : 3
(7,0) : 27
(47,3) : 1
(47,2) : 4
(2,0) : 85
(48,1) : 6
(5,0) : 30
(26,0) : 2
(28,1) : 1
(10,1) : 2
(21,0) : 2
(30,0) : 1
(36,0) : 1
(31,0) : 1
(1,0) : 143
(14,1) : 2
(35,1) : 1
(40,0) : 1
(38,0) : 1
(30,1) : 1
(8,1) : 2
(47,0) : 1
(27,0) : 2
(3,1) : 2
(23,0) : 1
(45,2) : 1
(5,1) : 2
(29,0) : 1
(25,0) : 1
(12,1) : 1
(14,2) : 1
(11,1) : 1
(0,0) : 3
(19,0) : 1
(9,1) : 1
(2,1) : 2
(0,1) : 2
