pop size : 10000, betaG : 0.08500, lambdaH : 0.10000, lambdaW : 0.00100, gamma : 0.12500, Tmax : 150.00, threshold of infected : 0.010
0.37 0.32 0.13 0.12 0.04 0.02 
0.2192 0.12 0.08 0.06 0.05 0.045 0.04 0.035 0.03 0.02 0.02 0.02 0.015 0.015 0.015 0.015 0.001 0.001 0.001 0.001 0.001 0.001 0.001 0.001 0.001 0.001 0.001 0.001 0.001 0.001 0.001 0.001 0.001 0.001 0.001 0.001 0.001 0.001 0.001 0.001 0.001 0.0001 0.0001 0.0001 0.0001 0.0001 0.0001 0.0001 0.0001 0.175 
Proportion of infected at cutoff : 0.0100
Proportion of susceptibles at cutoff : 0.9714
(47,1) : 3
(9,0) : 18
(47,0) : 4
(46,3) : 3
(49,1) : 11
(3,0) : 50
(9,1) : 2
(35,0) : 1
(4,1) : 2
(7,0) : 27
(50,0) : 51
(49,0) : 24
(45,2) : 1
(10,0) : 17
(1,0) : 175
(48,0) : 7
(46,2) : 2
(44,0) : 3
(15,0) : 11
(34,1) : 1
(12,0) : 16
(48,1) : 8
(11,0) : 18
(14,0) : 7
(2,0) : 77
(47,2) : 1
(6,0) : 30
(48,2) : 4
(8,0) : 33
(16,0) : 7
(5,0) : 30
(13,0) : 13
(42,5) : 1
(46,1) : 3
(43,1) : 1
(46,0) : 2
(42,0) : 1
(45,0) : 1
(30,0) : 1
(45,4) : 1
(40,0) : 1
(8,1) : 4
(7,2) : 1
(44,1) : 1
(47,3) : 1
(4,0) : 48
(38,0) : 1
(5,1) : 3
(15,1) : 2
(14,1) : 3
(23,0) : 1
(45,5) : 1
(3,1) : 1
(22,1) : 1
(10,1) : 1
(11,1) : 2
(13,1) : 2
(2,1) : 1
(12,1) : 1
(1,1) : 2
(0,0) : 4
(0,1) : 1
