pop size : 10000, betaG : 0.08500, lambdaH : 0.10000, lambdaW : 0.00100, gamma : 0.12500, Tmax : 150.00, threshold of infected : 0.010
0.37 0.32 0.13 0.12 0.04 0.02 
0.2192 0.12 0.08 0.06 0.05 0.045 0.04 0.035 0.03 0.02 0.02 0.02 0.015 0.015 0.015 0.015 0.001 0.001 0.001 0.001 0.001 0.001 0.001 0.001 0.001 0.001 0.001 0.001 0.001 0.001 0.001 0.001 0.001 0.001 0.001 0.001 0.001 0.001 0.001 0.001 0.001 0.0001 0.0001 0.0001 0.0001 0.0001 0.0001 0.0001 0.0001 0.175 
Proportion of infected at cutoff : 0.0100
Proportion of susceptibles at cutoff : 0.9790
(49,0) : 25
(11,0) : 12
(46,2) : 2
(8,0) : 19
(50,0) : 51
(48,2) : 9
(4,0) : 44
(49,1) : 21
(14,0) : 12
(48,0) : 8
(48,1) : 7
(6,0) : 35
(47,0) : 3
(1,0) : 171
(34,1) : 1
(13,0) : 6
(10,0) : 14
(3,0) : 56
(2,0) : 103
(44,3) : 1
(12,0) : 9
(19,0) : 2
(11,1) : 4
(46,1) : 1
(5,1) : 2
(16,0) : 8
(7,0) : 29
(24,1) : 1
(5,0) : 30
(47,3) : 1
(9,0) : 19
(15,0) : 7
(39,0) : 1
(37,0) : 1
(45,3) : 1
(13,1) : 3
(34,0) : 2
(46,3) : 1
(28,1) : 1
(47,2) : 3
(45,1) : 1
(40,0) : 1
(32,0) : 1
(38,0) : 1
(31,1) : 1
(30,1) : 1
(23,1) : 1
(35,0) : 1
(14,2) : 1
(12,1) : 1
(6,1) : 1
(7,1) : 3
(17,0) : 2
(4,1) : 2
(5,2) : 1
(14,1) : 1
(0,0) : 2
(8,1) : 2
(1,1) : 1
