pop size : 10000, betaG : 0.08500, lambdaH : 0.10000, lambdaW : 0.00100, gamma : 0.12500, Tmax : 150.00, threshold of infected : 0.010
0.37 0.32 0.13 0.12 0.04 0.02 
0.2192 0.12 0.08 0.06 0.05 0.045 0.04 0.035 0.03 0.02 0.02 0.02 0.015 0.015 0.015 0.015 0.001 0.001 0.001 0.001 0.001 0.001 0.001 0.001 0.001 0.001 0.001 0.001 0.001 0.001 0.001 0.001 0.001 0.001 0.001 0.001 0.001 0.001 0.001 0.001 0.001 0.0001 0.0001 0.0001 0.0001 0.0001 0.0001 0.0001 0.0001 0.175 
Proportion of infected at cutoff : 0.0100
Proportion of susceptibles at cutoff : 0.9774
(14,0) : 12
(46,2) : 5
(3,0) : 62
(12,0) : 10
(6,0) : 38
(50,0) : 53
(49,0) : 21
(16,0) : 10
(2,0) : 96
(13,0) : 13
(15,0) : 12
(49,1) : 15
(11,0) : 12
(5,0) : 35
(10,0) : 16
(9,0) : 23
(7,1) : 3
(48,0) : 9
(13,1) : 3
(4,0) : 42
(2,1) : 7
(44,2) : 1
(48,1) : 9
(47,0) : 5
(48,2) : 7
(43,3) : 1
(46,3) : 1
(28,0) : 1
(47,2) : 3
(7,0) : 29
(1,0) : 156
(8,0) : 25
(20,1) : 1
(46,1) : 1
(11,1) : 1
(40,0) : 1
(10,1) : 3
(26,0) : 1
(33,0) : 1
(46,0) : 1
(4,1) : 2
(47,1) : 1
(8,1) : 2
(9,1) : 1
(1,1) : 4
(22,0) : 1
(6,1) : 3
(25,1) : 1
(21,0) : 1
(19,0) : 1
(22,1) : 1
(12,1) : 1
(0,0) : 4
(4,2) : 1
(36,0) : 1
(0,1) : 1
