pop size : 10000, betaG : 0.08500, lambdaH : 0.10000, lambdaW : 0.00100, gamma : 0.12500, Tmax : 150.00, threshold of infected : 0.010
0.37 0.32 0.13 0.12 0.04 0.02 
0.2192 0.12 0.08 0.06 0.05 0.045 0.04 0.035 0.03 0.02 0.02 0.02 0.015 0.015 0.015 0.015 0.001 0.001 0.001 0.001 0.001 0.001 0.001 0.001 0.001 0.001 0.001 0.001 0.001 0.001 0.001 0.001 0.001 0.001 0.001 0.001 0.001 0.001 0.001 0.001 0.001 0.0001 0.0001 0.0001 0.0001 0.0001 0.0001 0.0001 0.0001 0.175 
Proportion of infected at cutoff : 0.0100
Proportion of susceptibles at cutoff : 0.9713
(48,0) : 8
(6,0) : 24
(4,0) : 45
(29,0) : 1
(47,2) : 7
(50,0) : 41
(35,0) : 1
(3,0) : 71
(43,1) : 2
(48,1) : 8
(49,0) : 25
(26,1) : 1
(5,0) : 35
(47,1) : 2
(7,0) : 30
(13,0) : 11
(36,1) : 1
(45,1) : 3
(22,0) : 2
(47,0) : 4
(12,1) : 3
(49,1) : 13
(14,0) : 9
(46,3) : 3
(12,2) : 1
(44,0) : 1
(12,0) : 17
(44,1) : 2
(9,0) : 21
(32,0) : 1
(10,0) : 13
(16,0) : 8
(2,0) : 79
(48,2) : 3
(43,0) : 1
(15,0) : 8
(15,1) : 5
(18,2) : 1
(34,0) : 1
(11,0) : 15
(18,0) : 1
(10,1) : 1
(14,1) : 1
(46,4) : 1
(1,0) : 185
(8,0) : 21
(41,0) : 1
(36,0) : 1
(46,2) : 1
(27,0) : 2
(37,1) : 1
(11,1) : 3
(45,2) : 2
(6,1) : 2
(23,0) : 2
(38,0) : 1
(19,0) : 1
(45,0) : 1
(46,1) : 1
(8,1) : 1
(37,0) : 1
(28,0) : 1
(5,1) : 1
(7,1) : 2
(1,1) : 1
(3,1) : 1
(2,1) : 1
(0,0) : 1
(0,1) : 1
