pop size : 10000, betaG : 0.08500, lambdaH : 0.10000, lambdaW : 0.00100, gamma : 0.12500, Tmax : 150.00, threshold of infected : 0.010
0.37 0.32 0.13 0.12 0.04 0.02 
0.2192 0.12 0.08 0.06 0.05 0.045 0.04 0.035 0.03 0.02 0.02 0.02 0.015 0.015 0.015 0.015 0.001 0.001 0.001 0.001 0.001 0.001 0.001 0.001 0.001 0.001 0.001 0.001 0.001 0.001 0.001 0.001 0.001 0.001 0.001 0.001 0.001 0.001 0.001 0.001 0.001 0.0001 0.0001 0.0001 0.0001 0.0001 0.0001 0.0001 0.0001 0.175 
Proportion of infected at cutoff : 0.0100
Proportion of susceptibles at cutoff : 0.9821
(50,0) : 59
(49,1) : 20
(49,0) : 19
(30,0) : 1
(47,1) : 3
(7,0) : 27
(48,2) : 6
(4,0) : 38
(48,0) : 2
(11,0) : 14
(22,0) : 3
(47,2) : 6
(16,0) : 14
(2,0) : 80
(31,0) : 2
(1,0) : 180
(14,0) : 10
(9,0) : 21
(10,0) : 14
(48,1) : 3
(13,0) : 14
(5,0) : 40
(15,0) : 10
(46,0) : 1
(23,0) : 1
(46,2) : 2
(46,3) : 2
(6,0) : 30
(47,0) : 1
(45,1) : 1
(33,0) : 1
(41,0) : 1
(27,0) : 1
(11,1) : 5
(36,2) : 1
(47,3) : 2
(15,1) : 1
(8,0) : 20
(33,1) : 1
(3,0) : 58
(25,1) : 2
(7,1) : 1
(38,0) : 1
(19,0) : 1
(12,0) : 11
(17,0) : 3
(9,1) : 1
(43,5) : 1
(40,0) : 2
(3,1) : 2
(12,1) : 3
(35,1) : 1
(2,1) : 1
(0,0) : 3
(5,1) : 1
(31,1) : 1
(18,1) : 1
(14,2) : 1
(14,1) : 1
(8,1) : 1
(0,1) : 1
