pop size : 10000, betaG : 0.08500, lambdaH : 0.10000, lambdaW : 0.00100, gamma : 0.12500, Tmax : 150.00, threshold of infected : 0.010
0.37 0.32 0.13 0.12 0.04 0.02 
0.2192 0.12 0.08 0.06 0.05 0.045 0.04 0.035 0.03 0.02 0.02 0.02 0.015 0.015 0.015 0.015 0.001 0.001 0.001 0.001 0.001 0.001 0.001 0.001 0.001 0.001 0.001 0.001 0.001 0.001 0.001 0.001 0.001 0.001 0.001 0.001 0.001 0.001 0.001 0.001 0.001 0.0001 0.0001 0.0001 0.0001 0.0001 0.0001 0.0001 0.0001 0.175 
Proportion of infected at cutoff : 0.0100
Proportion of susceptibles at cutoff : 0.9771
(48,0) : 4
(47,2) : 5
(14,0) : 8
(50,0) : 53
(49,0) : 27
(48,2) : 6
(1,0) : 150
(6,0) : 40
(46,1) : 2
(3,0) : 71
(5,0) : 42
(35,0) : 1
(49,1) : 13
(48,1) : 8
(2,0) : 95
(13,0) : 15
(4,0) : 54
(23,0) : 1
(8,0) : 23
(7,0) : 22
(44,0) : 1
(11,0) : 19
(46,2) : 3
(6,1) : 3
(15,0) : 13
(42,3) : 1
(12,0) : 10
(30,0) : 2
(10,1) : 2
(19,0) : 1
(16,0) : 11
(46,3) : 1
(9,0) : 26
(45,3) : 1
(47,0) : 1
(47,1) : 1
(45,2) : 1
(10,0) : 13
(7,1) : 3
(26,1) : 1
(38,0) : 1
(18,0) : 1
(9,1) : 1
(12,3) : 1
(27,0) : 1
(46,0) : 1
(6,2) : 2
(33,1) : 1
(32,0) : 1
(14,1) : 1
(5,1) : 3
(29,0) : 1
(2,1) : 3
(11,1) : 2
(4,1) : 2
(8,1) : 1
(15,1) : 1
(14,2) : 1
(0,0) : 4
(3,1) : 2
(1,1) : 2
