pop size : 10000, betaG : 0.08500, lambdaH : 0.10000, lambdaW : 0.00100, gamma : 0.12500, Tmax : 150.00, threshold of infected : 0.010
0.37 0.32 0.13 0.12 0.04 0.02 
0.2192 0.12 0.08 0.06 0.05 0.045 0.04 0.035 0.03 0.02 0.02 0.02 0.015 0.015 0.015 0.015 0.001 0.001 0.001 0.001 0.001 0.001 0.001 0.001 0.001 0.001 0.001 0.001 0.001 0.001 0.001 0.001 0.001 0.001 0.001 0.001 0.001 0.001 0.001 0.001 0.001 0.0001 0.0001 0.0001 0.0001 0.0001 0.0001 0.0001 0.0001 0.175 
Proportion of infected at cutoff : 0.0100
Proportion of susceptibles at cutoff : 0.9775
(13,0) : 13
(49,0) : 23
(50,0) : 53
(10,0) : 18
(15,0) : 12
(49,1) : 13
(14,0) : 10
(12,0) : 9
(48,2) : 6
(3,0) : 68
(6,0) : 34
(39,0) : 1
(8,0) : 28
(30,0) : 1
(6,1) : 2
(2,0) : 91
(48,0) : 6
(46,2) : 4
(47,0) : 4
(8,1) : 1
(16,2) : 1
(11,0) : 17
(4,0) : 43
(34,0) : 3
(11,1) : 3
(45,2) : 1
(48,1) : 8
(5,0) : 33
(29,1) : 1
(16,0) : 7
(9,0) : 21
(46,4) : 2
(46,1) : 2
(46,0) : 1
(7,0) : 32
(10,1) : 3
(23,0) : 2
(1,0) : 166
(47,1) : 1
(47,2) : 3
(20,0) : 2
(22,0) : 2
(41,0) : 1
(26,1) : 1
(44,5) : 1
(37,0) : 1
(3,1) : 3
(22,1) : 1
(0,1) : 2
(5,1) : 4
(45,1) : 1
(5,2) : 1
(2,1) : 2
(12,2) : 1
(7,1) : 1
(15,1) : 1
(0,0) : 4
(26,0) : 1
(14,2) : 1
(4,1) : 1
