pop size : 10000, betaG : 0.08500, lambdaH : 0.10000, lambdaW : 0.00100, gamma : 0.12500, Tmax : 150.00, threshold of infected : 0.010
0.37 0.32 0.13 0.12 0.04 0.02 
0.2192 0.12 0.08 0.06 0.05 0.045 0.04 0.035 0.03 0.02 0.02 0.02 0.015 0.015 0.015 0.015 0.001 0.001 0.001 0.001 0.001 0.001 0.001 0.001 0.001 0.001 0.001 0.001 0.001 0.001 0.001 0.001 0.001 0.001 0.001 0.001 0.001 0.001 0.001 0.001 0.001 0.0001 0.0001 0.0001 0.0001 0.0001 0.0001 0.0001 0.0001 0.175 
Proportion of infected at cutoff : 0.0100
Proportion of susceptibles at cutoff : 0.9801
(15,0) : 17
(48,0) : 4
(50,0) : 49
(2,0) : 90
(47,2) : 3
(14,0) : 13
(49,1) : 20
(1,0) : 189
(48,1) : 8
(12,0) : 15
(8,0) : 19
(49,0) : 21
(31,1) : 1
(13,0) : 23
(11,1) : 4
(11,0) : 17
(47,3) : 1
(4,0) : 53
(48,2) : 4
(6,0) : 34
(16,0) : 11
(21,0) : 1
(9,0) : 18
(45,1) : 3
(46,3) : 3
(22,0) : 1
(5,0) : 46
(38,0) : 1
(18,0) : 1
(3,0) : 66
(7,0) : 26
(46,4) : 1
(34,0) : 1
(6,1) : 2
(10,0) : 19
(45,0) : 1
(13,1) : 1
(25,0) : 1
(29,0) : 1
(5,1) : 5
(17,0) : 1
(16,2) : 1
(47,1) : 1
(46,2) : 1
(32,0) : 1
(14,1) : 2
(27,0) : 3
(12,1) : 1
(9,1) : 2
(30,0) : 1
(28,0) : 1
(45,3) : 1
(7,1) : 1
(15,1) : 1
(19,0) : 2
(16,1) : 1
(10,1) : 2
(23,0) : 1
(2,1) : 4
(1,1) : 2
(3,1) : 1
(0,1) : 1
