pop size : 10000, betaG : 0.08500, lambdaH : 0.10000, lambdaW : 0.00100, gamma : 0.12500, Tmax : 150.00, threshold of infected : 0.010
0.37 0.32 0.13 0.12 0.04 0.02 
0.2192 0.12 0.08 0.06 0.05 0.045 0.04 0.035 0.03 0.02 0.02 0.02 0.015 0.015 0.015 0.015 0.001 0.001 0.001 0.001 0.001 0.001 0.001 0.001 0.001 0.001 0.001 0.001 0.001 0.001 0.001 0.001 0.001 0.001 0.001 0.001 0.001 0.001 0.001 0.001 0.001 0.0001 0.0001 0.0001 0.0001 0.0001 0.0001 0.0001 0.0001 0.175 
Proportion of infected at cutoff : 0.0100
Proportion of susceptibles at cutoff : 0.9793
(50,0) : 59
(49,1) : 23
(48,0) : 11
(3,0) : 60
(46,2) : 1
(9,0) : 14
(49,0) : 11
(30,0) : 1
(7,0) : 27
(2,0) : 82
(43,2) : 1
(15,0) : 11
(47,1) : 6
(47,2) : 3
(48,1) : 6
(39,0) : 1
(46,3) : 1
(13,0) : 10
(46,4) : 1
(8,0) : 22
(4,0) : 46
(1,0) : 167
(6,0) : 37
(29,0) : 1
(11,0) : 8
(23,0) : 1
(48,2) : 6
(43,5) : 2
(40,0) : 2
(38,0) : 1
(18,0) : 2
(5,0) : 24
(6,1) : 2
(36,0) : 1
(41,0) : 1
(46,1) : 1
(14,0) : 14
(12,1) : 3
(47,0) : 1
(46,0) : 1
(47,3) : 2
(15,1) : 2
(16,0) : 6
(43,0) : 1
(37,2) : 1
(24,0) : 1
(14,1) : 2
(10,0) : 13
(22,0) : 1
(21,0) : 1
(39,1) : 1
(12,0) : 4
(10,1) : 1
(37,0) : 1
(5,2) : 1
(35,0) : 1
(20,0) : 1
(3,1) : 1
(7,1) : 1
(4,1) : 2
(0,0) : 1
