pop size : 10000, betaG : 0.08500, lambdaH : 0.10000, lambdaW : 0.00100, gamma : 0.12500, Tmax : 150.00, threshold of infected : 0.010
0.37 0.32 0.13 0.12 0.04 0.02 
0.2192 0.12 0.08 0.06 0.05 0.045 0.04 0.035 0.03 0.02 0.02 0.02 0.015 0.015 0.015 0.015 0.001 0.001 0.001 0.001 0.001 0.001 0.001 0.001 0.001 0.001 0.001 0.001 0.001 0.001 0.001 0.001 0.001 0.001 0.001 0.001 0.001 0.001 0.001 0.001 0.001 0.0001 0.0001 0.0001 0.0001 0.0001 0.0001 0.0001 0.0001 0.175 
Proportion of infected at cutoff : 0.0100
Proportion of susceptibles at cutoff : 0.9758
(50,0) : 44
(12,0) : 13
(49,0) : 23
(11,0) : 13
(34,0) : 2
(13,0) : 8
(48,0) : 6
(16,0) : 5
(29,0) : 1
(49,1) : 20
(48,1) : 12
(11,1) : 4
(5,0) : 33
(6,0) : 30
(10,0) : 15
(43,3) : 1
(48,2) : 5
(46,1) : 5
(3,0) : 52
(1,0) : 156
(4,0) : 38
(25,0) : 4
(32,0) : 1
(15,0) : 13
(2,0) : 73
(44,5) : 1
(14,0) : 10
(40,0) : 3
(9,0) : 20
(47,1) : 4
(7,0) : 26
(46,2) : 2
(8,0) : 27
(33,0) : 2
(4,1) : 2
(47,0) : 2
(45,1) : 1
(20,0) : 1
(7,1) : 4
(47,2) : 4
(15,1) : 1
(43,2) : 1
(10,1) : 3
(9,1) : 2
(23,0) : 2
(6,1) : 1
(23,1) : 1
(19,0) : 2
(21,0) : 1
(24,0) : 1
(37,0) : 1
(30,0) : 1
(12,1) : 1
(39,0) : 1
(8,1) : 1
(7,2) : 1
(3,1) : 1
(5,1) : 1
(1,1) : 2
(0,0) : 1
