pop size : 10000, betaG : 0.08500, lambdaH : 0.10000, lambdaW : 0.00100, gamma : 0.12500, Tmax : 150.00, threshold of infected : 0.010
0.37 0.32 0.13 0.12 0.04 0.02 
0.2192 0.12 0.08 0.06 0.05 0.045 0.04 0.035 0.03 0.02 0.02 0.02 0.015 0.015 0.015 0.015 0.001 0.001 0.001 0.001 0.001 0.001 0.001 0.001 0.001 0.001 0.001 0.001 0.001 0.001 0.001 0.001 0.001 0.001 0.001 0.001 0.001 0.001 0.001 0.001 0.001 0.0001 0.0001 0.0001 0.0001 0.0001 0.0001 0.0001 0.0001 0.175 
Proportion of infected at cutoff : 0.0100
Proportion of susceptibles at cutoff : 0.9778
(13,0) : 13
(16,0) : 9
(48,1) : 10
(50,0) : 54
(41,0) : 1
(49,1) : 16
(3,0) : 61
(49,0) : 21
(5,0) : 33
(12,0) : 11
(17,0) : 2
(46,1) : 2
(45,3) : 3
(36,0) : 2
(8,0) : 23
(48,0) : 6
(47,0) : 1
(9,0) : 23
(33,0) : 1
(47,1) : 2
(7,0) : 30
(2,0) : 86
(46,2) : 2
(4,0) : 49
(48,2) : 4
(19,0) : 3
(46,3) : 1
(45,2) : 2
(44,2) : 1
(15,0) : 10
(6,0) : 30
(14,0) : 7
(1,0) : 163
(38,0) : 1
(47,3) : 3
(32,0) : 1
(31,0) : 2
(10,0) : 9
(45,4) : 1
(47,2) : 2
(46,0) : 2
(11,0) : 9
(10,1) : 1
(27,0) : 1
(38,1) : 1
(13,1) : 2
(8,1) : 1
(5,1) : 3
(21,2) : 1
(33,1) : 1
(29,0) : 1
(25,0) : 1
(26,1) : 2
(2,1) : 2
(27,1) : 1
(45,1) : 1
(6,1) : 2
(0,0) : 2
(7,1) : 1
(1,1) : 1
(2,2) : 1
