pop size : 10000, betaG : 0.08500, lambdaH : 0.10000, lambdaW : 0.00100, gamma : 0.12500, Tmax : 150.00, threshold of infected : 0.010
0.37 0.32 0.13 0.12 0.04 0.02 
0.2192 0.12 0.08 0.06 0.05 0.045 0.04 0.035 0.03 0.02 0.02 0.02 0.015 0.015 0.015 0.015 0.001 0.001 0.001 0.001 0.001 0.001 0.001 0.001 0.001 0.001 0.001 0.001 0.001 0.001 0.001 0.001 0.001 0.001 0.001 0.001 0.001 0.001 0.001 0.001 0.001 0.0001 0.0001 0.0001 0.0001 0.0001 0.0001 0.0001 0.0001 0.175 
Proportion of infected at cutoff : 0.0100
Proportion of susceptibles at cutoff : 0.9738
(9,0) : 26
(49,0) : 29
(3,0) : 65
(48,1) : 10
(45,3) : 1
(15,0) : 14
(48,0) : 8
(50,0) : 42
(11,0) : 15
(6,0) : 32
(45,1) : 2
(30,0) : 1
(8,0) : 31
(47,0) : 5
(46,2) : 2
(49,1) : 11
(13,0) : 12
(1,0) : 181
(34,1) : 1
(5,0) : 28
(35,0) : 2
(10,0) : 10
(16,0) : 7
(28,0) : 3
(26,0) : 1
(2,0) : 98
(12,0) : 18
(46,0) : 4
(48,2) : 4
(40,0) : 1
(22,0) : 2
(21,0) : 2
(34,0) : 1
(47,2) : 2
(14,0) : 6
(31,0) : 1
(43,5) : 2
(4,0) : 41
(14,1) : 5
(45,4) : 2
(7,0) : 20
(28,1) : 1
(42,5) : 1
(40,4) : 1
(41,0) : 1
(7,1) : 4
(24,1) : 1
(13,1) : 2
(12,1) : 4
(39,0) : 1
(33,0) : 1
(2,1) : 2
(46,3) : 1
(6,1) : 3
(20,1) : 1
(20,0) : 1
(0,0) : 3
(3,1) : 2
(5,1) : 1
(0,1) : 1
