pop size : 10000, betaG : 0.08500, lambdaH : 0.10000, lambdaW : 0.00100, gamma : 0.12500, Tmax : 150.00, threshold of infected : 0.010
0.37 0.32 0.13 0.12 0.04 0.02 
0.2192 0.12 0.08 0.06 0.05 0.045 0.04 0.035 0.03 0.02 0.02 0.02 0.015 0.015 0.015 0.015 0.001 0.001 0.001 0.001 0.001 0.001 0.001 0.001 0.001 0.001 0.001 0.001 0.001 0.001 0.001 0.001 0.001 0.001 0.001 0.001 0.001 0.001 0.001 0.001 0.001 0.0001 0.0001 0.0001 0.0001 0.0001 0.0001 0.0001 0.0001 0.175 
Proportion of infected at cutoff : 0.0100
Proportion of susceptibles at cutoff : 0.9708
(50,0) : 41
(48,0) : 16
(44,3) : 1
(49,0) : 16
(4,0) : 52
(41,3) : 1
(48,1) : 11
(47,1) : 9
(49,1) : 12
(48,2) : 5
(0,1) : 4
(6,0) : 29
(5,0) : 37
(38,0) : 2
(15,0) : 8
(11,0) : 19
(2,0) : 89
(12,0) : 16
(45,2) : 1
(47,2) : 4
(18,0) : 1
(26,0) : 1
(9,0) : 25
(17,2) : 1
(27,0) : 1
(42,0) : 1
(46,2) : 4
(8,1) : 1
(45,4) : 1
(1,0) : 163
(14,0) : 11
(10,0) : 15
(5,1) : 1
(46,1) : 3
(8,0) : 27
(43,1) : 1
(12,1) : 2
(7,0) : 26
(16,0) : 5
(3,0) : 59
(13,0) : 15
(45,1) : 2
(6,1) : 2
(29,2) : 1
(0,0) : 7
(19,0) : 1
(47,0) : 1
(41,0) : 1
(25,0) : 1
(46,3) : 1
(14,1) : 1
(7,1) : 1
(16,1) : 1
(28,0) : 1
(46,0) : 2
(34,0) : 1
(23,0) : 1
(17,0) : 1
(2,1) : 2
(3,1) : 1
(1,1) : 1
