pop size : 10000, betaG : 0.08500, lambdaH : 0.10000, lambdaW : 0.00100, gamma : 0.12500, Tmax : 150.00, threshold of infected : 0.010
0.37 0.32 0.13 0.12 0.04 0.02 
0.2192 0.12 0.08 0.06 0.05 0.045 0.04 0.035 0.03 0.02 0.02 0.02 0.015 0.015 0.015 0.015 0.001 0.001 0.001 0.001 0.001 0.001 0.001 0.001 0.001 0.001 0.001 0.001 0.001 0.001 0.001 0.001 0.001 0.001 0.001 0.001 0.001 0.001 0.001 0.001 0.001 0.0001 0.0001 0.0001 0.0001 0.0001 0.0001 0.0001 0.0001 0.175 
Proportion of infected at cutoff : 0.0100
Proportion of susceptibles at cutoff : 0.9768
(50,0) : 49
(35,1) : 1
(49,1) : 15
(49,0) : 28
(6,0) : 37
(4,0) : 49
(1,0) : 175
(46,0) : 2
(15,0) : 6
(48,1) : 11
(18,1) : 1
(7,0) : 35
(5,1) : 1
(3,0) : 56
(48,0) : 7
(44,1) : 1
(5,0) : 26
(35,0) : 1
(46,3) : 2
(47,2) : 2
(47,1) : 4
(8,0) : 31
(47,0) : 2
(12,0) : 16
(2,0) : 94
(45,4) : 1
(7,1) : 2
(11,0) : 9
(14,0) : 13
(48,2) : 3
(9,0) : 16
(6,1) : 3
(18,0) : 1
(32,1) : 1
(17,0) : 3
(13,0) : 9
(10,0) : 12
(46,2) : 2
(14,1) : 4
(9,1) : 2
(27,0) : 1
(28,1) : 1
(31,2) : 1
(16,0) : 5
(13,1) : 2
(34,0) : 1
(24,1) : 1
(31,0) : 1
(12,1) : 1
(22,0) : 1
(4,1) : 3
(15,1) : 1
(11,1) : 1
(19,0) : 3
(1,1) : 2
(2,1) : 2
(20,1) : 1
(33,0) : 2
(7,2) : 1
(8,1) : 2
(26,0) : 1
(3,1) : 2
(36,1) : 1
(20,0) : 1
(10,1) : 2
(8,2) : 1
(5,2) : 1
(0,0) : 2
