pop size : 10000, betaG : 0.08500, lambdaH : 0.10000, lambdaW : 0.00100, gamma : 0.12500, Tmax : 150.00, threshold of infected : 0.010
0.37 0.32 0.13 0.12 0.04 0.02 
0.2192 0.12 0.08 0.06 0.05 0.045 0.04 0.035 0.03 0.02 0.02 0.02 0.015 0.015 0.015 0.015 0.001 0.001 0.001 0.001 0.001 0.001 0.001 0.001 0.001 0.001 0.001 0.001 0.001 0.001 0.001 0.001 0.001 0.001 0.001 0.001 0.001 0.001 0.001 0.001 0.001 0.0001 0.0001 0.0001 0.0001 0.0001 0.0001 0.0001 0.0001 0.175 
Proportion of infected at cutoff : 0.0100
Proportion of susceptibles at cutoff : 0.9733
(15,0) : 8
(50,0) : 40
(49,0) : 24
(17,1) : 1
(48,1) : 13
(49,1) : 17
(13,0) : 11
(1,0) : 182
(5,0) : 39
(10,0) : 18
(38,2) : 1
(9,0) : 34
(41,0) : 1
(46,1) : 5
(48,0) : 11
(36,0) : 1
(7,0) : 29
(28,0) : 2
(3,0) : 65
(46,2) : 1
(14,0) : 7
(2,0) : 87
(16,0) : 12
(24,0) : 1
(14,1) : 2
(11,0) : 13
(10,1) : 3
(8,0) : 18
(43,5) : 1
(45,2) : 4
(21,0) : 1
(46,4) : 1
(6,0) : 40
(32,0) : 1
(15,1) : 3
(45,0) : 1
(47,0) : 2
(47,3) : 1
(38,0) : 1
(34,0) : 1
(12,0) : 12
(12,1) : 2
(18,0) : 2
(34,1) : 1
(47,1) : 1
(4,1) : 1
(9,1) : 3
(4,0) : 47
(47,2) : 2
(39,5) : 1
(13,1) : 2
(37,0) : 1
(33,3) : 1
(19,0) : 2
(6,1) : 2
(27,0) : 1
(17,0) : 1
(22,0) : 1
(20,0) : 1
(10,2) : 1
(0,1) : 4
(5,1) : 1
(2,1) : 1
(0,0) : 1
