pop size : 10000, betaG : 0.08500, lambdaH : 0.10000, lambdaW : 0.00100, gamma : 0.12500, Tmax : 150.00, threshold of infected : 0.010
0.37 0.32 0.13 0.12 0.04 0.02 
0.2192 0.12 0.08 0.06 0.05 0.045 0.04 0.035 0.03 0.02 0.02 0.02 0.015 0.015 0.015 0.015 0.001 0.001 0.001 0.001 0.001 0.001 0.001 0.001 0.001 0.001 0.001 0.001 0.001 0.001 0.001 0.001 0.001 0.001 0.001 0.001 0.001 0.001 0.001 0.001 0.001 0.0001 0.0001 0.0001 0.0001 0.0001 0.0001 0.0001 0.0001 0.175 
Proportion of infected at cutoff : 0.0100
Proportion of susceptibles at cutoff : 0.9810
(14,0) : 9
(48,1) : 11
(50,0) : 53
(22,0) : 1
(3,0) : 68
(49,1) : 27
(45,2) : 1
(44,2) : 1
(49,0) : 17
(16,0) : 12
(12,0) : 17
(47,2) : 3
(47,1) : 2
(11,1) : 3
(39,1) : 1
(48,0) : 6
(6,0) : 39
(7,0) : 30
(40,1) : 1
(10,0) : 17
(5,0) : 40
(48,2) : 5
(41,0) : 2
(13,0) : 11
(37,0) : 1
(8,0) : 20
(2,0) : 99
(4,0) : 50
(15,0) : 9
(10,1) : 1
(46,4) : 1
(11,0) : 10
(9,0) : 19
(1,0) : 162
(6,1) : 1
(25,0) : 1
(21,0) : 2
(12,1) : 2
(32,0) : 1
(8,1) : 1
(2,1) : 1
(15,1) : 3
(24,0) : 1
(3,1) : 4
(44,1) : 1
(34,0) : 1
(0,0) : 2
(20,0) : 1
(44,3) : 1
(18,0) : 1
(4,1) : 4
(29,0) : 1
(7,1) : 5
(32,1) : 1
(2,2) : 1
(1,1) : 2
