pop size : 10000, betaG : 0.08500, lambdaH : 0.10000, lambdaW : 0.00100, gamma : 0.12500, Tmax : 150.00, threshold of infected : 0.010
0.37 0.32 0.13 0.12 0.04 0.02 
0.2192 0.12 0.08 0.06 0.05 0.045 0.04 0.035 0.03 0.02 0.02 0.02 0.015 0.015 0.015 0.015 0.001 0.001 0.001 0.001 0.001 0.001 0.001 0.001 0.001 0.001 0.001 0.001 0.001 0.001 0.001 0.001 0.001 0.001 0.001 0.001 0.001 0.001 0.001 0.001 0.001 0.0001 0.0001 0.0001 0.0001 0.0001 0.0001 0.0001 0.0001 0.175 
Proportion of infected at cutoff : 0.0100
Proportion of susceptibles at cutoff : 0.9780
(48,1) : 9
(49,1) : 17
(50,0) : 54
(48,0) : 9
(3,0) : 49
(46,2) : 3
(8,1) : 2
(11,0) : 6
(16,0) : 7
(49,0) : 25
(4,0) : 38
(44,0) : 1
(46,4) : 1
(17,0) : 1
(47,3) : 2
(7,0) : 30
(8,0) : 20
(14,0) : 6
(1,0) : 153
(9,0) : 27
(2,0) : 90
(48,2) : 7
(12,0) : 14
(5,0) : 30
(6,0) : 27
(45,4) : 1
(47,2) : 3
(10,0) : 14
(25,1) : 1
(45,1) : 1
(45,3) : 1
(46,0) : 1
(26,0) : 1
(47,0) : 2
(38,0) : 2
(31,0) : 1
(30,0) : 1
(13,0) : 5
(11,1) : 1
(46,3) : 1
(19,0) : 1
(15,0) : 3
(42,3) : 1
(28,0) : 1
(47,1) : 3
(45,5) : 1
(37,0) : 1
(23,0) : 1
(35,0) : 1
(40,0) : 1
(0,1) : 4
(34,0) : 1
(12,1) : 1
(21,0) : 1
(5,1) : 1
(3,1) : 1
(6,1) : 2
(9,1) : 2
(20,0) : 1
(33,0) : 1
(1,1) : 1
