pop size : 10000, betaG : 0.08500, lambdaH : 0.10000, lambdaW : 0.00100, gamma : 0.12500, Tmax : 150.00, threshold of infected : 0.010
0.37 0.32 0.13 0.12 0.04 0.02 
0.2192 0.12 0.08 0.06 0.05 0.045 0.04 0.035 0.03 0.02 0.02 0.02 0.015 0.015 0.015 0.015 0.001 0.001 0.001 0.001 0.001 0.001 0.001 0.001 0.001 0.001 0.001 0.001 0.001 0.001 0.001 0.001 0.001 0.001 0.001 0.001 0.001 0.001 0.001 0.001 0.001 0.0001 0.0001 0.0001 0.0001 0.0001 0.0001 0.0001 0.0001 0.175 
Proportion of infected at cutoff : 0.0100
Proportion of susceptibles at cutoff : 0.9787
(49,0) : 18
(6,0) : 34
(3,0) : 48
(48,1) : 14
(12,0) : 11
(8,0) : 28
(50,0) : 54
(14,0) : 6
(7,0) : 34
(49,1) : 19
(45,1) : 1
(31,1) : 1
(4,0) : 30
(15,0) : 10
(47,3) : 1
(47,2) : 2
(11,0) : 20
(34,2) : 1
(5,0) : 30
(10,0) : 17
(16,0) : 10
(2,0) : 81
(46,2) : 4
(18,0) : 1
(5,1) : 2
(34,0) : 1
(47,0) : 2
(46,3) : 1
(43,1) : 1
(46,4) : 1
(25,0) : 1
(47,1) : 2
(9,0) : 17
(26,0) : 2
(48,2) : 3
(15,1) : 1
(48,0) : 5
(31,0) : 1
(1,0) : 154
(7,1) : 1
(13,0) : 9
(8,1) : 1
(6,1) : 3
(46,0) : 3
(35,1) : 1
(43,0) : 1
(46,1) : 1
(44,3) : 1
(40,0) : 1
(41,0) : 1
(33,1) : 1
(22,0) : 1
(37,0) : 1
(12,2) : 1
(12,1) : 1
(20,0) : 1
(13,2) : 1
(10,2) : 1
(38,0) : 1
(21,0) : 1
(9,1) : 3
(13,1) : 1
(11,1) : 1
(1,1) : 4
(0,0) : 2
(0,1) : 2
