pop size : 10000, betaG : 0.08500, lambdaH : 0.10000, lambdaW : 0.00100, gamma : 0.12500, Tmax : 150.00, threshold of infected : 0.010
0.37 0.32 0.13 0.12 0.04 0.02 
0.2192 0.12 0.08 0.06 0.05 0.045 0.04 0.035 0.03 0.02 0.02 0.02 0.015 0.015 0.015 0.015 0.001 0.001 0.001 0.001 0.001 0.001 0.001 0.001 0.001 0.001 0.001 0.001 0.001 0.001 0.001 0.001 0.001 0.001 0.001 0.001 0.001 0.001 0.001 0.001 0.001 0.0001 0.0001 0.0001 0.0001 0.0001 0.0001 0.0001 0.0001 0.175 
Proportion of infected at cutoff : 0.0100
Proportion of susceptibles at cutoff : 0.9758
(47,0) : 6
(23,0) : 1
(49,0) : 18
(48,1) : 14
(50,0) : 47
(12,0) : 14
(3,0) : 74
(10,0) : 13
(49,1) : 17
(11,0) : 13
(5,0) : 43
(16,0) : 11
(6,0) : 25
(47,2) : 6
(48,0) : 10
(7,0) : 22
(9,0) : 34
(47,1) : 5
(15,0) : 12
(40,1) : 2
(21,0) : 1
(48,2) : 3
(6,1) : 4
(8,0) : 16
(19,0) : 2
(27,3) : 1
(4,0) : 46
(30,0) : 2
(14,0) : 6
(1,0) : 157
(39,3) : 1
(4,2) : 1
(2,0) : 88
(18,0) : 2
(46,1) : 1
(34,0) : 1
(46,2) : 1
(32,0) : 2
(13,0) : 12
(13,1) : 2
(29,0) : 1
(31,1) : 2
(17,0) : 1
(2,1) : 1
(36,1) : 1
(9,1) : 2
(1,1) : 2
(7,1) : 3
(45,2) : 1
(8,1) : 2
(5,1) : 1
(3,1) : 5
(12,1) : 1
(4,1) : 2
(0,0) : 4
(13,2) : 1
(0,1) : 1
