pop size : 10000, betaG : 0.08500, lambdaH : 0.10000, lambdaW : 0.00100, gamma : 0.12500, Tmax : 150.00, threshold of infected : 0.010
0.37 0.32 0.13 0.12 0.04 0.02 
0.2192 0.12 0.08 0.06 0.05 0.045 0.04 0.035 0.03 0.02 0.02 0.02 0.015 0.015 0.015 0.015 0.001 0.001 0.001 0.001 0.001 0.001 0.001 0.001 0.001 0.001 0.001 0.001 0.001 0.001 0.001 0.001 0.001 0.001 0.001 0.001 0.001 0.001 0.001 0.001 0.001 0.0001 0.0001 0.0001 0.0001 0.0001 0.0001 0.0001 0.0001 0.175 
Proportion of infected at cutoff : 0.0100
Proportion of susceptibles at cutoff : 0.9705
(46,1) : 5
(50,0) : 31
(27,0) : 1
(49,0) : 32
(26,2) : 2
(21,0) : 1
(48,1) : 9
(42,3) : 1
(47,2) : 2
(47,1) : 5
(6,0) : 31
(49,1) : 18
(46,2) : 3
(7,0) : 30
(48,0) : 12
(3,0) : 63
(4,0) : 54
(2,0) : 89
(9,0) : 21
(10,0) : 18
(35,0) : 1
(14,0) : 8
(1,0) : 175
(5,0) : 40
(47,0) : 5
(26,0) : 1
(11,0) : 11
(15,1) : 1
(41,0) : 1
(42,0) : 1
(43,1) : 1
(16,0) : 4
(12,0) : 8
(44,2) : 2
(12,1) : 1
(33,1) : 1
(8,0) : 23
(13,0) : 13
(15,0) : 14
(45,0) : 1
(17,0) : 1
(48,2) : 2
(46,3) : 1
(14,1) : 2
(21,1) : 1
(37,0) : 1
(8,1) : 2
(23,0) : 1
(24,0) : 1
(10,1) : 1
(37,1) : 1
(45,5) : 1
(22,0) : 1
(7,1) : 1
(12,3) : 1
(5,1) : 4
(13,1) : 2
(2,1) : 3
(25,0) : 1
(9,1) : 1
(14,2) : 1
(0,0) : 3
(1,1) : 1
(18,0) : 1
(4,1) : 1
(0,1) : 1
