pop size : 10000, betaG : 0.08500, lambdaH : 0.10000, lambdaW : 0.00100, gamma : 0.12500, Tmax : 150.00, threshold of infected : 0.010
0.37 0.32 0.13 0.12 0.04 0.02 
0.2192 0.12 0.08 0.06 0.05 0.045 0.04 0.035 0.03 0.02 0.02 0.02 0.015 0.015 0.015 0.015 0.001 0.001 0.001 0.001 0.001 0.001 0.001 0.001 0.001 0.001 0.001 0.001 0.001 0.001 0.001 0.001 0.001 0.001 0.001 0.001 0.001 0.001 0.001 0.001 0.001 0.0001 0.0001 0.0001 0.0001 0.0001 0.0001 0.0001 0.0001 0.175 
Proportion of infected at cutoff : 0.0100
Proportion of susceptibles at cutoff : 0.9789
(49,0) : 20
(49,1) : 14
(50,0) : 62
(6,1) : 2
(12,0) : 15
(9,0) : 19
(7,0) : 20
(46,2) : 3
(47,1) : 6
(8,0) : 26
(47,2) : 6
(12,2) : 1
(46,0) : 1
(38,0) : 1
(48,2) : 5
(48,0) : 3
(13,0) : 8
(32,1) : 1
(4,0) : 44
(5,0) : 39
(48,1) : 9
(39,1) : 1
(33,2) : 1
(2,0) : 88
(11,0) : 17
(1,0) : 173
(10,0) : 16
(15,0) : 13
(45,2) : 1
(45,3) : 1
(6,0) : 34
(3,0) : 58
(45,1) : 1
(14,0) : 6
(19,1) : 1
(43,4) : 1
(10,1) : 1
(46,3) : 1
(16,0) : 7
(30,0) : 1
(15,1) : 3
(18,0) : 1
(3,1) : 4
(47,0) : 1
(24,0) : 2
(27,0) : 1
(35,1) : 1
(46,1) : 1
(8,1) : 1
(12,1) : 2
(20,0) : 1
(5,1) : 3
(9,1) : 1
(11,2) : 1
(4,1) : 1
(2,1) : 1
(0,0) : 1
