pop size : 10000, betaG : 0.08500, lambdaH : 0.10000, lambdaW : 0.00100, gamma : 0.12500, Tmax : 150.00, threshold of infected : 0.010
0.37 0.32 0.13 0.12 0.04 0.02 
0.2192 0.12 0.08 0.06 0.05 0.045 0.04 0.035 0.03 0.02 0.02 0.02 0.015 0.015 0.015 0.015 0.001 0.001 0.001 0.001 0.001 0.001 0.001 0.001 0.001 0.001 0.001 0.001 0.001 0.001 0.001 0.001 0.001 0.001 0.001 0.001 0.001 0.001 0.001 0.001 0.001 0.0001 0.0001 0.0001 0.0001 0.0001 0.0001 0.0001 0.0001 0.175 
Proportion of infected at cutoff : 0.0100
Proportion of susceptibles at cutoff : 0.9802
(50,0) : 53
(49,1) : 25
(49,0) : 21
(6,0) : 28
(2,0) : 101
(7,0) : 25
(48,0) : 4
(13,0) : 14
(5,0) : 21
(46,2) : 1
(15,0) : 15
(3,0) : 67
(48,2) : 8
(8,0) : 24
(1,0) : 156
(34,1) : 1
(39,0) : 2
(18,0) : 1
(28,0) : 1
(46,0) : 1
(14,0) : 12
(10,0) : 15
(47,1) : 4
(48,1) : 8
(9,0) : 25
(23,0) : 1
(14,1) : 3
(47,2) : 2
(36,0) : 1
(35,1) : 1
(16,0) : 10
(5,1) : 3
(11,0) : 7
(47,0) : 1
(46,1) : 2
(12,0) : 13
(46,3) : 1
(14,2) : 1
(25,1) : 1
(4,0) : 43
(12,1) : 1
(8,1) : 1
(40,3) : 1
(43,4) : 1
(36,1) : 1
(15,1) : 1
(0,1) : 1
(40,0) : 1
(3,1) : 4
(22,0) : 1
(17,0) : 1
(38,1) : 1
(7,1) : 2
(13,3) : 1
(4,1) : 1
(2,1) : 1
(1,1) : 1
