pop size : 10000, betaG : 0.08500, lambdaH : 0.10000, lambdaW : 0.00100, gamma : 0.12500, Tmax : 150.00, threshold of infected : 0.010
0.37 0.32 0.13 0.12 0.04 0.02 
0.2192 0.12 0.08 0.06 0.05 0.045 0.04 0.035 0.03 0.02 0.02 0.02 0.015 0.015 0.015 0.015 0.001 0.001 0.001 0.001 0.001 0.001 0.001 0.001 0.001 0.001 0.001 0.001 0.001 0.001 0.001 0.001 0.001 0.001 0.001 0.001 0.001 0.001 0.001 0.001 0.001 0.0001 0.0001 0.0001 0.0001 0.0001 0.0001 0.0001 0.0001 0.175 
Proportion of infected at cutoff : 0.0100
Proportion of susceptibles at cutoff : 0.9744
(50,0) : 40
(48,0) : 12
(46,1) : 2
(47,1) : 7
(49,1) : 14
(49,0) : 23
(42,0) : 1
(27,0) : 1
(47,3) : 2
(48,1) : 13
(12,0) : 21
(7,0) : 31
(3,0) : 71
(13,0) : 10
(46,2) : 2
(1,0) : 186
(11,0) : 19
(40,0) : 3
(14,0) : 13
(6,0) : 29
(10,0) : 12
(45,1) : 1
(15,0) : 11
(5,0) : 39
(4,0) : 38
(48,2) : 2
(8,0) : 23
(32,0) : 1
(2,0) : 83
(46,3) : 1
(14,1) : 2
(42,4) : 1
(39,0) : 1
(37,0) : 2
(9,0) : 27
(35,0) : 1
(18,0) : 1
(47,2) : 1
(45,2) : 2
(26,0) : 1
(28,2) : 1
(20,0) : 1
(23,0) : 1
(11,1) : 2
(45,3) : 1
(12,1) : 1
(31,0) : 1
(44,2) : 1
(6,1) : 2
(22,0) : 1
(13,1) : 1
(16,0) : 4
(46,4) : 1
(3,1) : 3
(5,1) : 1
(46,0) : 1
(47,0) : 1
(9,1) : 1
(2,1) : 1
(8,1) : 1
(4,1) : 2
(10,1) : 1
(1,2) : 1
(1,1) : 2
(0,0) : 2
(0,1) : 3
