pop size : 10000, betaG : 0.08500, lambdaH : 0.10000, lambdaW : 0.00100, gamma : 0.12500, Tmax : 150.00, threshold of infected : 0.010
0.37 0.32 0.13 0.12 0.04 0.02 
0.2192 0.12 0.08 0.06 0.05 0.045 0.04 0.035 0.03 0.02 0.02 0.02 0.015 0.015 0.015 0.015 0.001 0.001 0.001 0.001 0.001 0.001 0.001 0.001 0.001 0.001 0.001 0.001 0.001 0.001 0.001 0.001 0.001 0.001 0.001 0.001 0.001 0.001 0.001 0.001 0.001 0.0001 0.0001 0.0001 0.0001 0.0001 0.0001 0.0001 0.0001 0.175 
Proportion of infected at cutoff : 0.0100
Proportion of susceptibles at cutoff : 0.9800
(50,0) : 62
(1,0) : 169
(15,0) : 16
(49,0) : 14
(49,1) : 16
(46,4) : 2
(21,0) : 1
(47,2) : 4
(48,1) : 9
(33,1) : 1
(7,0) : 27
(29,0) : 2
(5,0) : 35
(3,0) : 61
(19,1) : 1
(48,2) : 4
(9,0) : 23
(16,0) : 10
(48,0) : 5
(6,0) : 37
(44,2) : 1
(12,0) : 16
(10,0) : 9
(24,0) : 1
(47,0) : 2
(37,0) : 1
(46,2) : 1
(8,0) : 18
(4,0) : 41
(42,0) : 1
(13,0) : 10
(2,0) : 80
(46,3) : 3
(11,0) : 12
(38,1) : 1
(45,1) : 3
(30,0) : 2
(6,1) : 3
(43,3) : 1
(14,0) : 9
(14,2) : 1
(25,0) : 1
(46,1) : 1
(3,1) : 3
(13,1) : 1
(18,0) : 1
(47,1) : 3
(1,1) : 3
(34,1) : 1
(10,1) : 3
(33,0) : 1
(39,0) : 1
(47,3) : 1
(38,0) : 1
(11,1) : 2
(34,0) : 1
(2,1) : 1
(5,1) : 1
(0,1) : 2
