pop size : 10000, betaG : 0.08500, lambdaH : 0.10000, lambdaW : 0.00100, gamma : 0.12500, Tmax : 150.00, threshold of infected : 0.010
0.37 0.32 0.13 0.12 0.04 0.02 
0.2192 0.12 0.08 0.06 0.05 0.045 0.04 0.035 0.03 0.02 0.02 0.02 0.015 0.015 0.015 0.015 0.001 0.001 0.001 0.001 0.001 0.001 0.001 0.001 0.001 0.001 0.001 0.001 0.001 0.001 0.001 0.001 0.001 0.001 0.001 0.001 0.001 0.001 0.001 0.001 0.001 0.0001 0.0001 0.0001 0.0001 0.0001 0.0001 0.0001 0.0001 0.175 
Proportion of infected at cutoff : 0.0100
Proportion of susceptibles at cutoff : 0.9812
(49,0) : 19
(50,0) : 61
(37,0) : 1
(1,0) : 162
(2,0) : 82
(10,0) : 11
(13,0) : 14
(49,1) : 18
(48,2) : 6
(9,0) : 22
(36,4) : 1
(15,0) : 11
(6,0) : 35
(43,7) : 1
(5,0) : 36
(47,2) : 5
(43,0) : 1
(31,0) : 1
(4,0) : 41
(47,0) : 4
(48,0) : 2
(16,0) : 9
(12,0) : 15
(28,0) : 2
(11,0) : 7
(32,2) : 1
(3,0) : 63
(8,0) : 20
(48,1) : 7
(4,1) : 4
(36,0) : 3
(7,0) : 29
(19,1) : 1
(14,0) : 13
(34,0) : 2
(47,1) : 2
(32,0) : 2
(14,1) : 4
(12,1) : 1
(39,0) : 1
(46,4) : 1
(15,1) : 2
(24,1) : 1
(13,1) : 5
(38,0) : 1
(9,2) : 1
(40,2) : 1
(23,2) : 1
(11,1) : 2
(1,1) : 2
(8,1) : 2
(30,0) : 1
(0,1) : 2
(18,0) : 1
(10,1) : 1
(9,1) : 1
(0,0) : 1
