pop size : 10000, betaG : 0.08500, lambdaH : 0.10000, lambdaW : 0.00100, gamma : 0.12500, Tmax : 150.00, threshold of infected : 0.010
0.37 0.32 0.13 0.12 0.04 0.02 
0.2192 0.12 0.08 0.06 0.05 0.045 0.04 0.035 0.03 0.02 0.02 0.02 0.015 0.015 0.015 0.015 0.001 0.001 0.001 0.001 0.001 0.001 0.001 0.001 0.001 0.001 0.001 0.001 0.001 0.001 0.001 0.001 0.001 0.001 0.001 0.001 0.001 0.001 0.001 0.001 0.001 0.0001 0.0001 0.0001 0.0001 0.0001 0.0001 0.0001 0.0001 0.175 
Proportion of infected at cutoff : 0.0100
Proportion of susceptibles at cutoff : 0.9827
(49,0) : 19
(33,0) : 1
(48,1) : 9
(50,0) : 71
(49,1) : 12
(36,0) : 1
(11,0) : 15
(7,0) : 29
(15,0) : 12
(9,0) : 28
(8,0) : 27
(31,1) : 1
(48,0) : 2
(46,3) : 2
(2,0) : 86
(8,2) : 1
(48,2) : 3
(13,0) : 14
(47,1) : 3
(5,0) : 41
(14,0) : 7
(23,0) : 2
(24,0) : 2
(21,0) : 1
(47,2) : 2
(4,0) : 49
(24,1) : 1
(3,0) : 62
(47,3) : 3
(1,0) : 180
(12,0) : 10
(15,1) : 2
(45,2) : 1
(16,0) : 8
(13,1) : 3
(45,1) : 1
(34,1) : 1
(30,0) : 1
(10,0) : 8
(14,1) : 1
(6,1) : 3
(3,1) : 3
(6,0) : 22
(32,0) : 1
(13,2) : 1
(10,1) : 2
(29,0) : 1
(12,1) : 2
(0,1) : 4
(45,5) : 1
(16,1) : 1
(25,0) : 2
(19,0) : 2
(44,2) : 1
(34,0) : 1
(8,1) : 1
(18,0) : 1
(5,1) : 2
(2,1) : 2
(4,2) : 1
(7,1) : 1
(9,1) : 1
(5,2) : 1
(1,1) : 2
