pop size : 10000, betaG : 0.08500, lambdaH : 0.10000, lambdaW : 0.00100, gamma : 0.12500, Tmax : 150.00, threshold of infected : 0.010
0.37 0.32 0.13 0.12 0.04 0.02 
0.2192 0.12 0.08 0.06 0.05 0.045 0.04 0.035 0.03 0.02 0.02 0.02 0.015 0.015 0.015 0.015 0.001 0.001 0.001 0.001 0.001 0.001 0.001 0.001 0.001 0.001 0.001 0.001 0.001 0.001 0.001 0.001 0.001 0.001 0.001 0.001 0.001 0.001 0.001 0.001 0.001 0.0001 0.0001 0.0001 0.0001 0.0001 0.0001 0.0001 0.0001 0.175 
Proportion of infected at cutoff : 0.0100
Proportion of susceptibles at cutoff : 0.9794
(48,0) : 6
(10,0) : 20
(6,0) : 33
(50,0) : 59
(49,1) : 13
(49,0) : 20
(47,3) : 2
(5,1) : 2
(48,1) : 8
(22,0) : 1
(47,2) : 3
(15,0) : 19
(5,0) : 26
(1,0) : 151
(48,2) : 10
(7,0) : 32
(36,1) : 1
(12,0) : 17
(9,0) : 20
(46,2) : 3
(3,0) : 60
(45,1) : 1
(13,0) : 13
(46,1) : 2
(14,0) : 12
(26,0) : 2
(30,0) : 1
(2,0) : 60
(17,0) : 1
(4,0) : 44
(8,0) : 16
(15,1) : 2
(46,4) : 2
(12,1) : 1
(47,1) : 1
(33,0) : 1
(46,3) : 1
(16,1) : 1
(34,0) : 1
(43,4) : 2
(11,0) : 10
(27,0) : 1
(19,1) : 1
(36,0) : 1
(41,0) : 1
(16,0) : 4
(31,0) : 1
(11,1) : 1
(29,1) : 1
(28,0) : 1
(10,1) : 2
(28,1) : 1
(8,1) : 2
(6,1) : 1
(23,0) : 1
(0,0) : 1
(0,1) : 2
