pop size : 10000, betaG : 0.08500, lambdaH : 0.10000, lambdaW : 0.00100, gamma : 0.12500, Tmax : 150.00, threshold of infected : 0.010
0.37 0.32 0.13 0.12 0.04 0.02 
0.2192 0.12 0.08 0.06 0.05 0.045 0.04 0.035 0.03 0.02 0.02 0.02 0.015 0.015 0.015 0.015 0.001 0.001 0.001 0.001 0.001 0.001 0.001 0.001 0.001 0.001 0.001 0.001 0.001 0.001 0.001 0.001 0.001 0.001 0.001 0.001 0.001 0.001 0.001 0.001 0.001 0.0001 0.0001 0.0001 0.0001 0.0001 0.0001 0.0001 0.0001 0.175 
Proportion of infected at cutoff : 0.0100
Proportion of susceptibles at cutoff : 0.9716
(50,0) : 50
(15,0) : 13
(45,2) : 1
(11,0) : 17
(49,0) : 26
(10,0) : 14
(47,2) : 3
(48,0) : 7
(3,0) : 68
(49,1) : 13
(5,0) : 41
(48,2) : 3
(7,0) : 26
(47,3) : 2
(46,3) : 2
(47,1) : 6
(4,0) : 39
(46,0) : 1
(23,0) : 1
(13,0) : 14
(6,0) : 30
(14,0) : 12
(2,0) : 87
(12,0) : 16
(48,1) : 6
(40,0) : 2
(17,0) : 1
(6,1) : 3
(5,1) : 2
(46,1) : 2
(16,0) : 5
(2,2) : 1
(45,1) : 1
(9,0) : 16
(41,3) : 1
(0,0) : 4
(46,2) : 2
(19,0) : 1
(44,2) : 2
(44,0) : 1
(8,0) : 27
(47,0) : 1
(1,0) : 148
(7,1) : 2
(33,1) : 1
(29,1) : 1
(41,4) : 1
(45,0) : 2
(14,1) : 3
(4,1) : 1
(11,1) : 2
(3,1) : 3
(5,2) : 1
(33,0) : 1
(12,1) : 2
(35,0) : 1
(36,2) : 1
(2,1) : 1
(25,0) : 1
(1,1) : 1
(13,1) : 1
(0,1) : 1
(8,1) : 1
