pop size : 10000, betaG : 0.08500, lambdaH : 0.10000, lambdaW : 0.00100, gamma : 0.12500, Tmax : 150.00, threshold of infected : 0.010
0.37 0.32 0.13 0.12 0.04 0.02 
0.2192 0.12 0.08 0.06 0.05 0.045 0.04 0.035 0.03 0.02 0.02 0.02 0.015 0.015 0.015 0.015 0.001 0.001 0.001 0.001 0.001 0.001 0.001 0.001 0.001 0.001 0.001 0.001 0.001 0.001 0.001 0.001 0.001 0.001 0.001 0.001 0.001 0.001 0.001 0.001 0.001 0.0001 0.0001 0.0001 0.0001 0.0001 0.0001 0.0001 0.0001 0.175 
Proportion of infected at cutoff : 0.0100
Proportion of susceptibles at cutoff : 0.9766
(50,0) : 41
(14,0) : 12
(13,0) : 12
(47,0) : 2
(48,1) : 9
(5,0) : 31
(2,0) : 100
(16,0) : 7
(46,0) : 1
(12,0) : 15
(49,0) : 27
(49,1) : 26
(34,0) : 1
(46,1) : 2
(8,0) : 19
(29,0) : 1
(7,0) : 35
(5,1) : 1
(47,1) : 5
(44,1) : 2
(47,2) : 4
(6,0) : 27
(48,0) : 6
(33,0) : 2
(4,0) : 44
(13,1) : 4
(9,0) : 16
(10,0) : 14
(1,0) : 149
(21,0) : 1
(11,0) : 9
(15,0) : 11
(45,4) : 2
(3,0) : 58
(32,0) : 2
(48,2) : 5
(46,2) : 1
(3,1) : 2
(38,0) : 3
(19,0) : 1
(43,1) : 1
(26,0) : 1
(10,1) : 2
(11,1) : 3
(18,0) : 1
(7,1) : 1
(27,0) : 1
(22,0) : 1
(2,1) : 4
(12,1) : 2
(24,1) : 1
(15,1) : 2
(6,1) : 1
(4,2) : 1
(1,1) : 1
(0,1) : 1
(0,0) : 2
