pop size : 10000, betaG : 0.08500, lambdaH : 0.10000, lambdaW : 0.00100, gamma : 0.12500, Tmax : 150.00, threshold of infected : 0.010
0.37 0.32 0.13 0.12 0.04 0.02 
0.2192 0.12 0.08 0.06 0.05 0.045 0.04 0.035 0.03 0.02 0.02 0.02 0.015 0.015 0.015 0.015 0.001 0.001 0.001 0.001 0.001 0.001 0.001 0.001 0.001 0.001 0.001 0.001 0.001 0.001 0.001 0.001 0.001 0.001 0.001 0.001 0.001 0.001 0.001 0.001 0.001 0.0001 0.0001 0.0001 0.0001 0.0001 0.0001 0.0001 0.0001 0.175 
Proportion of infected at cutoff : 0.0100
Proportion of susceptibles at cutoff : 0.9791
(49,1) : 18
(49,0) : 20
(5,0) : 32
(7,0) : 28
(48,2) : 8
(46,4) : 1
(3,0) : 65
(40,0) : 1
(50,0) : 45
(45,2) : 1
(48,1) : 11
(16,0) : 14
(48,0) : 9
(1,0) : 188
(10,0) : 9
(32,0) : 1
(2,0) : 107
(11,0) : 14
(45,3) : 1
(47,2) : 4
(9,0) : 29
(8,0) : 18
(6,0) : 28
(47,3) : 3
(14,0) : 9
(47,1) : 4
(12,1) : 3
(47,0) : 3
(22,1) : 1
(17,0) : 1
(46,1) : 2
(10,2) : 1
(15,0) : 10
(31,0) : 1
(4,0) : 47
(13,0) : 11
(12,0) : 5
(46,2) : 1
(5,1) : 2
(38,0) : 1
(39,1) : 1
(29,0) : 1
(35,0) : 3
(23,0) : 1
(36,0) : 1
(13,1) : 1
(28,0) : 1
(20,0) : 1
(11,1) : 1
(46,3) : 1
(46,0) : 1
(25,0) : 1
(6,1) : 1
(27,0) : 1
(4,1) : 2
(7,1) : 1
(20,1) : 1
(8,1) : 1
(9,1) : 1
(0,0) : 1
