pop size : 10000, betaG : 0.08500, lambdaH : 0.10000, lambdaW : 0.00100, gamma : 0.12500, Tmax : 150.00, threshold of infected : 0.010
0.37 0.32 0.13 0.12 0.04 0.02 
0.2192 0.12 0.08 0.06 0.05 0.045 0.04 0.035 0.03 0.02 0.02 0.02 0.015 0.015 0.015 0.015 0.001 0.001 0.001 0.001 0.001 0.001 0.001 0.001 0.001 0.001 0.001 0.001 0.001 0.001 0.001 0.001 0.001 0.001 0.001 0.001 0.001 0.001 0.001 0.001 0.001 0.0001 0.0001 0.0001 0.0001 0.0001 0.0001 0.0001 0.0001 0.175 
Proportion of infected at cutoff : 0.0100
Proportion of susceptibles at cutoff : 0.9745
(49,0) : 30
(50,0) : 44
(47,1) : 5
(47,0) : 6
(46,1) : 2
(6,0) : 43
(48,0) : 6
(12,0) : 19
(48,1) : 11
(32,0) : 2
(49,1) : 12
(40,2) : 1
(45,4) : 1
(15,0) : 9
(4,1) : 1
(14,0) : 9
(47,3) : 1
(10,0) : 10
(24,0) : 3
(11,0) : 16
(3,0) : 65
(37,0) : 2
(1,0) : 177
(29,0) : 1
(43,7) : 1
(5,0) : 32
(44,2) : 1
(7,0) : 41
(4,0) : 28
(2,0) : 93
(7,1) : 2
(38,0) : 1
(48,2) : 2
(46,2) : 4
(16,0) : 8
(23,0) : 1
(8,2) : 2
(33,0) : 3
(9,0) : 19
(46,4) : 1
(8,0) : 19
(13,1) : 1
(13,0) : 9
(20,0) : 1
(46,3) : 1
(26,0) : 2
(10,1) : 2
(45,2) : 1
(15,1) : 3
(45,5) : 1
(3,1) : 3
(43,3) : 1
(5,1) : 2
(8,1) : 1
(2,1) : 1
(6,1) : 3
