pop size : 10000, betaG : 0.08500, lambdaH : 0.10000, lambdaW : 0.00100, gamma : 0.12500, Tmax : 150.00, threshold of infected : 0.010
0.37 0.32 0.13 0.12 0.04 0.02 
0.2192 0.12 0.08 0.06 0.05 0.045 0.04 0.035 0.03 0.02 0.02 0.02 0.015 0.015 0.015 0.015 0.001 0.001 0.001 0.001 0.001 0.001 0.001 0.001 0.001 0.001 0.001 0.001 0.001 0.001 0.001 0.001 0.001 0.001 0.001 0.001 0.001 0.001 0.001 0.001 0.001 0.0001 0.0001 0.0001 0.0001 0.0001 0.0001 0.0001 0.0001 0.175 
Proportion of infected at cutoff : 0.0100
Proportion of susceptibles at cutoff : 0.9823
(11,0) : 11
(47,2) : 4
(49,0) : 17
(49,1) : 19
(5,0) : 41
(50,0) : 65
(48,1) : 11
(15,0) : 10
(6,0) : 35
(10,1) : 2
(24,2) : 1
(8,0) : 22
(4,0) : 30
(12,0) : 17
(7,0) : 28
(9,0) : 29
(14,0) : 9
(37,0) : 1
(45,4) : 1
(34,0) : 1
(48,2) : 8
(16,0) : 6
(30,0) : 2
(13,0) : 11
(44,2) : 1
(46,3) : 1
(10,0) : 14
(36,0) : 1
(27,1) : 1
(14,1) : 3
(47,1) : 3
(48,0) : 1
(3,0) : 52
(45,2) : 1
(15,1) : 2
(47,3) : 1
(4,1) : 3
(2,0) : 74
(38,0) : 1
(3,1) : 1
(1,0) : 155
(19,0) : 3
(14,2) : 1
(11,1) : 2
(9,1) : 3
(25,1) : 1
(26,0) : 2
(27,0) : 1
(2,1) : 2
(12,1) : 1
(23,1) : 1
(24,0) : 1
(23,0) : 1
(6,1) : 1
(7,1) : 1
(0,1) : 1
