pop size : 10000, betaG : 0.08500, lambdaH : 0.10000, lambdaW : 0.00100, gamma : 0.12500, Tmax : 150.00, threshold of infected : 0.010
0.37 0.32 0.13 0.12 0.04 0.02 
0.2192 0.12 0.08 0.06 0.05 0.045 0.04 0.035 0.03 0.02 0.02 0.02 0.015 0.015 0.015 0.015 0.001 0.001 0.001 0.001 0.001 0.001 0.001 0.001 0.001 0.001 0.001 0.001 0.001 0.001 0.001 0.001 0.001 0.001 0.001 0.001 0.001 0.001 0.001 0.001 0.001 0.0001 0.0001 0.0001 0.0001 0.0001 0.0001 0.0001 0.0001 0.175 
Proportion of infected at cutoff : 0.0100
Proportion of susceptibles at cutoff : 0.9772
(3,0) : 62
(48,2) : 9
(48,1) : 8
(49,0) : 24
(8,0) : 19
(6,0) : 24
(49,1) : 16
(15,0) : 12
(50,0) : 46
(45,1) : 3
(10,0) : 19
(47,2) : 5
(45,3) : 1
(48,0) : 9
(16,0) : 11
(14,0) : 10
(34,0) : 2
(47,0) : 3
(4,0) : 40
(20,0) : 1
(46,3) : 2
(29,0) : 2
(9,0) : 27
(4,1) : 1
(5,0) : 46
(13,0) : 7
(11,0) : 12
(1,0) : 174
(24,1) : 1
(32,0) : 2
(30,1) : 1
(7,0) : 26
(47,1) : 3
(2,0) : 93
(21,1) : 1
(9,1) : 2
(12,0) : 15
(38,0) : 1
(46,2) : 1
(5,1) : 3
(31,1) : 1
(37,0) : 1
(7,1) : 3
(46,0) : 1
(28,0) : 2
(3,1) : 3
(14,1) : 2
(10,2) : 2
(6,2) : 1
(17,0) : 1
(13,1) : 1
(12,1) : 1
(0,0) : 3
(15,1) : 1
(6,1) : 2
(0,1) : 2
