pop size : 10000, betaG : 0.08500, lambdaH : 0.10000, lambdaW : 0.00100, gamma : 0.12500, Tmax : 150.00, threshold of infected : 0.010
0.37 0.32 0.13 0.12 0.04 0.02 
0.2192 0.12 0.08 0.06 0.05 0.045 0.04 0.035 0.03 0.02 0.02 0.02 0.015 0.015 0.015 0.015 0.001 0.001 0.001 0.001 0.001 0.001 0.001 0.001 0.001 0.001 0.001 0.001 0.001 0.001 0.001 0.001 0.001 0.001 0.001 0.001 0.001 0.001 0.001 0.001 0.001 0.0001 0.0001 0.0001 0.0001 0.0001 0.0001 0.0001 0.0001 0.175 
Proportion of infected at cutoff : 0.0100
Proportion of susceptibles at cutoff : 0.9752
(50,0) : 45
(47,1) : 3
(49,1) : 16
(48,1) : 8
(48,2) : 7
(49,0) : 26
(2,1) : 2
(14,0) : 12
(39,0) : 1
(16,0) : 8
(47,0) : 6
(36,0) : 1
(1,0) : 133
(10,1) : 2
(11,0) : 12
(48,0) : 9
(45,0) : 1
(3,0) : 52
(46,1) : 3
(23,0) : 1
(47,3) : 6
(46,3) : 1
(15,0) : 14
(7,0) : 30
(9,0) : 10
(46,4) : 1
(9,1) : 2
(2,0) : 83
(6,0) : 21
(20,0) : 1
(12,0) : 17
(8,0) : 20
(6,1) : 4
(26,0) : 2
(14,1) : 1
(19,0) : 1
(10,0) : 12
(4,0) : 40
(47,2) : 2
(11,2) : 1
(46,2) : 3
(34,0) : 1
(5,0) : 39
(42,0) : 1
(33,0) : 2
(38,2) : 1
(24,0) : 1
(27,0) : 1
(32,0) : 1
(13,0) : 6
(13,1) : 1
(8,1) : 1
(19,1) : 1
(46,0) : 1
(5,1) : 1
(7,1) : 1
(3,1) : 1
(0,0) : 1
