pop size : 10000, betaG : 0.08500, lambdaH : 0.10000, lambdaW : 0.00100, gamma : 0.12500, Tmax : 150.00, threshold of infected : 0.010
0.37 0.32 0.13 0.12 0.04 0.02 
0.2192 0.12 0.08 0.06 0.05 0.045 0.04 0.035 0.03 0.02 0.02 0.02 0.015 0.015 0.015 0.015 0.001 0.001 0.001 0.001 0.001 0.001 0.001 0.001 0.001 0.001 0.001 0.001 0.001 0.001 0.001 0.001 0.001 0.001 0.001 0.001 0.001 0.001 0.001 0.001 0.001 0.0001 0.0001 0.0001 0.0001 0.0001 0.0001 0.0001 0.0001 0.175 
Proportion of infected at cutoff : 0.0100
Proportion of susceptibles at cutoff : 0.9813
(26,2) : 1
(50,0) : 65
(12,0) : 17
(48,0) : 4
(5,0) : 36
(4,0) : 53
(47,2) : 3
(8,0) : 23
(1,0) : 186
(45,2) : 1
(16,0) : 8
(13,0) : 10
(6,0) : 37
(9,0) : 18
(7,0) : 25
(49,0) : 16
(14,0) : 11
(46,2) : 1
(48,1) : 8
(47,3) : 2
(49,1) : 17
(21,0) : 1
(32,0) : 1
(10,0) : 15
(11,1) : 3
(48,2) : 8
(11,0) : 10
(2,0) : 74
(7,1) : 2
(47,0) : 2
(3,0) : 52
(13,1) : 2
(15,0) : 11
(3,1) : 3
(12,1) : 1
(47,1) : 6
(35,0) : 2
(5,1) : 2
(17,0) : 1
(40,1) : 1
(27,0) : 1
(28,0) : 1
(25,0) : 1
(33,0) : 1
(46,3) : 2
(42,6) : 1
(12,2) : 1
(22,0) : 1
(8,1) : 1
(6,1) : 1
(4,1) : 3
(0,1) : 1
(0,0) : 1
(1,1) : 1
