pop size : 10000, betaG : 0.08500, lambdaH : 0.10000, lambdaW : 0.00100, gamma : 0.12500, Tmax : 150.00, threshold of infected : 0.010
0.37 0.32 0.13 0.12 0.04 0.02 
0.2192 0.12 0.08 0.06 0.05 0.045 0.04 0.035 0.03 0.02 0.02 0.02 0.015 0.015 0.015 0.015 0.001 0.001 0.001 0.001 0.001 0.001 0.001 0.001 0.001 0.001 0.001 0.001 0.001 0.001 0.001 0.001 0.001 0.001 0.001 0.001 0.001 0.001 0.001 0.001 0.001 0.0001 0.0001 0.0001 0.0001 0.0001 0.0001 0.0001 0.0001 0.175 
Proportion of infected at cutoff : 0.0100
Proportion of susceptibles at cutoff : 0.9728
(49,0) : 28
(8,0) : 29
(50,0) : 36
(49,1) : 12
(43,0) : 1
(48,2) : 4
(7,0) : 26
(13,0) : 13
(47,0) : 6
(47,2) : 5
(48,0) : 14
(6,1) : 3
(19,0) : 1
(47,1) : 2
(48,1) : 10
(44,4) : 2
(3,0) : 50
(47,3) : 2
(4,0) : 39
(12,0) : 11
(39,0) : 2
(14,0) : 12
(6,0) : 30
(45,4) : 1
(21,0) : 1
(10,0) : 19
(14,1) : 4
(39,1) : 1
(28,0) : 3
(1,0) : 156
(12,1) : 2
(11,0) : 8
(46,2) : 3
(5,0) : 29
(15,0) : 7
(2,0) : 93
(35,2) : 1
(35,0) : 1
(32,0) : 1
(9,0) : 23
(46,3) : 1
(46,0) : 2
(32,1) : 1
(31,0) : 1
(8,1) : 1
(18,0) : 3
(10,1) : 2
(29,0) : 1
(16,0) : 3
(9,1) : 1
(15,1) : 1
(37,0) : 1
(46,1) : 2
(5,1) : 2
(35,1) : 1
(21,1) : 1
(27,1) : 1
(26,0) : 1
(27,0) : 1
(24,0) : 2
(3,1) : 1
(1,1) : 2
(4,1) : 1
(2,1) : 1
(0,1) : 1
