pop size : 10000, betaG : 0.08500, lambdaH : 0.10000, lambdaW : 0.00100, gamma : 0.12500, Tmax : 150.00, threshold of infected : 0.010
0.37 0.32 0.13 0.12 0.04 0.02 
0.2192 0.12 0.08 0.06 0.05 0.045 0.04 0.035 0.03 0.02 0.02 0.02 0.015 0.015 0.015 0.015 0.001 0.001 0.001 0.001 0.001 0.001 0.001 0.001 0.001 0.001 0.001 0.001 0.001 0.001 0.001 0.001 0.001 0.001 0.001 0.001 0.001 0.001 0.001 0.001 0.001 0.0001 0.0001 0.0001 0.0001 0.0001 0.0001 0.0001 0.0001 0.175 
Proportion of infected at cutoff : 0.0100
Proportion of susceptibles at cutoff : 0.9784
(12,1) : 3
(48,0) : 9
(48,1) : 8
(11,0) : 13
(5,0) : 35
(13,0) : 10
(49,1) : 20
(4,0) : 44
(1,0) : 181
(47,0) : 2
(12,0) : 14
(49,0) : 14
(50,0) : 51
(16,0) : 11
(7,0) : 33
(15,0) : 20
(9,0) : 23
(38,0) : 2
(8,0) : 33
(46,1) : 4
(46,2) : 1
(6,0) : 32
(14,0) : 13
(44,2) : 1
(28,0) : 2
(46,4) : 1
(10,0) : 13
(47,1) : 2
(3,0) : 80
(47,2) : 2
(48,2) : 5
(23,0) : 2
(45,1) : 1
(9,1) : 1
(2,0) : 82
(43,0) : 1
(25,2) : 1
(15,1) : 1
(11,2) : 1
(26,0) : 1
(31,1) : 1
(14,2) : 1
(46,0) : 1
(4,1) : 2
(18,1) : 1
(33,0) : 1
(29,0) : 1
(8,1) : 1
(14,1) : 2
(3,1) : 5
(10,1) : 3
(21,0) : 1
(39,0) : 1
(10,2) : 1
(5,2) : 1
(1,1) : 4
(30,0) : 1
(7,1) : 2
(6,1) : 1
(36,1) : 1
(2,1) : 3
(27,1) : 1
(5,1) : 1
(0,0) : 2
