pop size : 10000, betaG : 0.08500, lambdaH : 0.10000, lambdaW : 0.00100, gamma : 0.12500, Tmax : 150.00, threshold of infected : 0.010
0.37 0.32 0.13 0.12 0.04 0.02 
0.2192 0.12 0.08 0.06 0.05 0.045 0.04 0.035 0.03 0.02 0.02 0.02 0.015 0.015 0.015 0.015 0.001 0.001 0.001 0.001 0.001 0.001 0.001 0.001 0.001 0.001 0.001 0.001 0.001 0.001 0.001 0.001 0.001 0.001 0.001 0.001 0.001 0.001 0.001 0.001 0.001 0.0001 0.0001 0.0001 0.0001 0.0001 0.0001 0.0001 0.0001 0.175 
Proportion of infected at cutoff : 0.0100
Proportion of susceptibles at cutoff : 0.9737
(48,0) : 7
(23,0) : 2
(14,0) : 12
(5,0) : 35
(4,0) : 41
(50,0) : 45
(3,0) : 58
(49,0) : 22
(48,1) : 14
(5,1) : 4
(46,3) : 1
(45,2) : 1
(15,0) : 15
(49,1) : 9
(46,1) : 1
(45,1) : 1
(7,0) : 39
(12,0) : 15
(16,0) : 7
(11,0) : 11
(9,0) : 24
(36,0) : 2
(47,2) : 4
(24,1) : 1
(22,0) : 3
(39,2) : 2
(47,0) : 3
(13,0) : 10
(1,0) : 159
(10,0) : 11
(44,2) : 2
(46,0) : 2
(24,0) : 2
(32,0) : 2
(48,2) : 1
(35,1) : 1
(9,1) : 2
(30,0) : 2
(19,1) : 1
(31,1) : 1
(8,0) : 24
(6,0) : 27
(14,1) : 3
(45,3) : 1
(31,0) : 1
(15,1) : 2
(46,2) : 3
(23,1) : 1
(2,0) : 100
(40,0) : 1
(10,2) : 1
(47,1) : 4
(47,3) : 2
(20,0) : 1
(4,1) : 1
(8,1) : 2
(13,1) : 2
(46,4) : 1
(27,1) : 1
(29,0) : 1
(30,1) : 1
(11,1) : 1
(19,0) : 1
(3,1) : 1
(6,1) : 1
(0,0) : 2
(1,1) : 1
