pop size : 10000, betaG : 0.08500, lambdaH : 0.10000, lambdaW : 0.00100, gamma : 0.12500, Tmax : 150.00, threshold of infected : 0.010
0.37 0.32 0.13 0.12 0.04 0.02 
0.2192 0.12 0.08 0.06 0.05 0.045 0.04 0.035 0.03 0.02 0.02 0.02 0.015 0.015 0.015 0.015 0.001 0.001 0.001 0.001 0.001 0.001 0.001 0.001 0.001 0.001 0.001 0.001 0.001 0.001 0.001 0.001 0.001 0.001 0.001 0.001 0.001 0.001 0.001 0.001 0.001 0.0001 0.0001 0.0001 0.0001 0.0001 0.0001 0.0001 0.0001 0.175 
Proportion of infected at cutoff : 0.0100
Proportion of susceptibles at cutoff : 0.9788
(50,0) : 49
(4,0) : 42
(16,0) : 8
(12,0) : 11
(9,0) : 16
(8,0) : 22
(49,1) : 26
(48,0) : 4
(49,0) : 26
(2,0) : 90
(15,0) : 10
(47,0) : 4
(46,1) : 3
(47,2) : 2
(14,0) : 7
(48,1) : 12
(3,0) : 47
(30,0) : 4
(7,0) : 22
(47,1) : 3
(23,0) : 1
(11,1) : 1
(48,2) : 7
(32,0) : 2
(1,0) : 162
(29,1) : 1
(44,5) : 2
(6,1) : 2
(6,0) : 28
(33,0) : 1
(2,1) : 3
(45,3) : 1
(13,0) : 9
(41,3) : 1
(10,0) : 15
(12,1) : 1
(5,0) : 26
(11,0) : 7
(35,0) : 2
(23,1) : 1
(39,1) : 1
(31,0) : 1
(7,1) : 2
(14,1) : 1
(8,1) : 1
(27,0) : 1
(17,0) : 1
(20,0) : 2
(10,1) : 2
(43,0) : 1
(5,1) : 3
(1,1) : 2
(3,1) : 1
