pop size : 10000, betaG : 0.08500, lambdaH : 0.10000, lambdaW : 0.00100, gamma : 0.12500, Tmax : 150.00, threshold of infected : 0.010
0.37 0.32 0.13 0.12 0.04 0.02 
0.2192 0.12 0.08 0.06 0.05 0.045 0.04 0.035 0.03 0.02 0.02 0.02 0.015 0.015 0.015 0.015 0.001 0.001 0.001 0.001 0.001 0.001 0.001 0.001 0.001 0.001 0.001 0.001 0.001 0.001 0.001 0.001 0.001 0.001 0.001 0.001 0.001 0.001 0.001 0.001 0.001 0.0001 0.0001 0.0001 0.0001 0.0001 0.0001 0.0001 0.0001 0.175 
Proportion of infected at cutoff : 0.0100
Proportion of susceptibles at cutoff : 0.9770
(13,1) : 2
(14,0) : 10
(50,0) : 50
(48,2) : 6
(49,1) : 18
(49,0) : 21
(1,0) : 181
(45,1) : 1
(48,0) : 12
(6,0) : 35
(47,0) : 4
(47,1) : 5
(3,0) : 66
(2,0) : 85
(21,0) : 1
(4,0) : 49
(47,2) : 4
(7,0) : 26
(48,1) : 9
(8,0) : 25
(12,0) : 10
(13,0) : 6
(5,0) : 30
(11,0) : 9
(16,0) : 9
(47,3) : 1
(44,3) : 2
(9,0) : 22
(40,1) : 1
(10,0) : 10
(46,3) : 1
(34,0) : 1
(15,0) : 13
(5,1) : 1
(41,1) : 1
(44,2) : 1
(22,0) : 1
(46,1) : 2
(18,0) : 2
(45,2) : 1
(9,2) : 1
(38,0) : 1
(31,0) : 1
(10,2) : 1
(33,2) : 1
(11,1) : 2
(7,1) : 1
(10,1) : 1
(1,1) : 3
(19,2) : 1
(12,1) : 1
(26,1) : 1
(5,2) : 1
(2,1) : 1
(8,1) : 1
(0,0) : 1
(15,1) : 1
(6,1) : 1
(3,1) : 1
