pop size : 10000, betaG : 0.08500, lambdaH : 0.10000, lambdaW : 0.00100, gamma : 0.12500, Tmax : 150.00, threshold of infected : 0.010
0.37 0.32 0.13 0.12 0.04 0.02 
0.2192 0.12 0.08 0.06 0.05 0.045 0.04 0.035 0.03 0.02 0.02 0.02 0.015 0.015 0.015 0.015 0.001 0.001 0.001 0.001 0.001 0.001 0.001 0.001 0.001 0.001 0.001 0.001 0.001 0.001 0.001 0.001 0.001 0.001 0.001 0.001 0.001 0.001 0.001 0.001 0.001 0.0001 0.0001 0.0001 0.0001 0.0001 0.0001 0.0001 0.0001 0.175 
Proportion of infected at cutoff : 0.0100
Proportion of susceptibles at cutoff : 0.9771
(45,2) : 3
(49,0) : 25
(48,0) : 15
(5,0) : 30
(14,1) : 2
(47,1) : 2
(1,0) : 144
(50,0) : 47
(11,0) : 19
(37,0) : 1
(49,1) : 20
(12,0) : 12
(13,1) : 2
(31,0) : 1
(6,0) : 25
(48,1) : 11
(4,0) : 35
(15,0) : 11
(16,0) : 10
(14,0) : 9
(48,2) : 4
(3,0) : 50
(10,0) : 13
(45,3) : 1
(41,3) : 1
(9,0) : 20
(19,0) : 1
(21,0) : 2
(7,0) : 27
(2,0) : 82
(47,2) : 2
(8,0) : 19
(25,2) : 1
(9,1) : 3
(47,3) : 1
(46,1) : 1
(23,0) : 1
(13,0) : 9
(26,0) : 1
(46,4) : 1
(35,0) : 1
(45,4) : 1
(28,0) : 1
(46,2) : 1
(7,1) : 1
(28,1) : 1
(39,0) : 1
(36,0) : 1
(6,1) : 2
(35,1) : 1
(12,2) : 1
(20,1) : 1
(11,1) : 1
(24,0) : 1
(33,0) : 1
(5,1) : 2
(17,1) : 1
(8,1) : 1
(15,1) : 1
(2,1) : 3
(3,1) : 2
(0,0) : 1
(1,1) : 1
