pop size : 10000, betaG : 0.08500, lambdaH : 0.10000, lambdaW : 0.00100, gamma : 0.12500, Tmax : 150.00, threshold of infected : 0.010
0.37 0.32 0.13 0.12 0.04 0.02 
0.2192 0.12 0.08 0.06 0.05 0.045 0.04 0.035 0.03 0.02 0.02 0.02 0.015 0.015 0.015 0.015 0.001 0.001 0.001 0.001 0.001 0.001 0.001 0.001 0.001 0.001 0.001 0.001 0.001 0.001 0.001 0.001 0.001 0.001 0.001 0.001 0.001 0.001 0.001 0.001 0.001 0.0001 0.0001 0.0001 0.0001 0.0001 0.0001 0.0001 0.0001 0.175 
Proportion of infected at cutoff : 0.0100
Proportion of susceptibles at cutoff : 0.9767
(50,0) : 45
(31,1) : 3
(49,0) : 26
(12,0) : 11
(40,0) : 1
(3,0) : 70
(49,1) : 17
(11,0) : 16
(8,0) : 19
(5,0) : 49
(33,0) : 3
(26,0) : 1
(48,0) : 8
(25,0) : 2
(32,1) : 1
(10,0) : 12
(14,0) : 7
(40,4) : 1
(48,1) : 7
(7,1) : 4
(47,2) : 4
(46,2) : 3
(7,0) : 37
(48,2) : 5
(2,0) : 96
(6,0) : 30
(16,0) : 6
(28,1) : 1
(1,0) : 184
(38,0) : 1
(15,1) : 2
(4,0) : 55
(24,0) : 1
(12,1) : 1
(15,0) : 11
(11,1) : 2
(47,0) : 1
(45,3) : 1
(13,1) : 2
(9,0) : 15
(36,0) : 1
(47,1) : 3
(13,0) : 10
(46,1) : 1
(29,0) : 1
(28,0) : 1
(5,1) : 4
(22,0) : 3
(45,1) : 1
(44,5) : 1
(43,0) : 1
(46,0) : 1
(4,1) : 2
(32,0) : 1
(23,0) : 2
(13,2) : 1
(10,1) : 2
(6,1) : 2
(1,1) : 1
(31,0) : 1
(20,0) : 1
(3,1) : 2
(0,0) : 2
(8,1) : 1
(9,1) : 1
(0,1) : 2
