pop size : 10000, betaG : 0.08500, lambdaH : 0.10000, lambdaW : 0.00100, gamma : 0.12500, Tmax : 150.00, threshold of infected : 0.010
0.37 0.32 0.13 0.12 0.04 0.02 
0.2192 0.12 0.08 0.06 0.05 0.045 0.04 0.035 0.03 0.02 0.02 0.02 0.015 0.015 0.015 0.015 0.001 0.001 0.001 0.001 0.001 0.001 0.001 0.001 0.001 0.001 0.001 0.001 0.001 0.001 0.001 0.001 0.001 0.001 0.001 0.001 0.001 0.001 0.001 0.001 0.001 0.0001 0.0001 0.0001 0.0001 0.0001 0.0001 0.0001 0.0001 0.175 
Proportion of infected at cutoff : 0.0100
Proportion of susceptibles at cutoff : 0.9769
(13,0) : 12
(49,0) : 11
(5,0) : 39
(50,0) : 59
(48,2) : 6
(11,1) : 1
(46,2) : 2
(49,1) : 13
(24,0) : 1
(47,1) : 4
(4,1) : 3
(10,0) : 13
(48,1) : 10
(43,4) : 1
(48,0) : 10
(47,3) : 1
(11,0) : 21
(12,0) : 12
(17,0) : 5
(16,0) : 10
(8,0) : 16
(47,0) : 1
(9,1) : 3
(9,0) : 17
(21,0) : 1
(27,0) : 1
(36,1) : 2
(7,0) : 26
(46,0) : 3
(1,0) : 176
(15,0) : 8
(3,0) : 56
(4,0) : 48
(2,0) : 83
(40,0) : 2
(33,1) : 1
(45,0) : 1
(6,0) : 39
(15,1) : 1
(6,1) : 4
(35,1) : 2
(44,2) : 1
(33,0) : 1
(47,2) : 1
(14,0) : 9
(23,0) : 2
(30,1) : 1
(29,0) : 1
(45,2) : 1
(10,1) : 3
(22,0) : 1
(32,1) : 1
(20,0) : 2
(43,0) : 1
(7,1) : 3
(1,1) : 5
(38,0) : 1
(19,0) : 2
(4,2) : 1
(26,0) : 1
(14,1) : 2
(2,1) : 2
(9,2) : 1
(3,1) : 3
(5,1) : 2
(0,0) : 1
(0,1) : 1
