pop size : 10000, betaG : 0.08500, lambdaH : 0.10000, lambdaW : 0.00100, gamma : 0.12500, Tmax : 150.00, threshold of infected : 0.010
0.37 0.32 0.13 0.12 0.04 0.02 
0.2192 0.12 0.08 0.06 0.05 0.045 0.04 0.035 0.03 0.02 0.02 0.02 0.015 0.015 0.015 0.015 0.001 0.001 0.001 0.001 0.001 0.001 0.001 0.001 0.001 0.001 0.001 0.001 0.001 0.001 0.001 0.001 0.001 0.001 0.001 0.001 0.001 0.001 0.001 0.001 0.001 0.0001 0.0001 0.0001 0.0001 0.0001 0.0001 0.0001 0.0001 0.175 
Proportion of infected at cutoff : 0.0100
Proportion of susceptibles at cutoff : 0.9641
(49,0) : 25
(27,0) : 1
(49,1) : 15
(50,0) : 24
(11,0) : 13
(37,3) : 1
(34,0) : 2
(43,3) : 1
(48,1) : 10
(46,2) : 7
(47,1) : 3
(8,0) : 31
(47,0) : 7
(33,0) : 1
(5,0) : 45
(2,0) : 89
(46,1) : 8
(48,0) : 10
(12,0) : 16
(47,2) : 2
(6,0) : 33
(13,0) : 11
(10,0) : 18
(4,0) : 45
(1,0) : 185
(9,0) : 18
(14,0) : 14
(16,0) : 5
(11,1) : 2
(24,0) : 2
(2,1) : 1
(15,0) : 10
(45,1) : 2
(7,0) : 36
(38,0) : 1
(40,5) : 1
(43,0) : 1
(44,0) : 1
(48,2) : 2
(3,0) : 69
(45,3) : 1
(34,1) : 1
(47,3) : 1
(46,0) : 1
(45,2) : 1
(41,0) : 1
(13,1) : 2
(45,0) : 1
(24,1) : 1
(9,1) : 1
(42,0) : 1
(40,0) : 1
(36,0) : 1
(32,0) : 1
(8,1) : 1
(28,0) : 1
(20,0) : 1
(3,1) : 3
(21,0) : 1
(42,2) : 1
(18,0) : 1
(7,1) : 1
(5,1) : 2
(17,0) : 1
(0,1) : 1
(18,1) : 1
(1,1) : 1
(0,0) : 5
(6,1) : 1
