pop size : 10000, betaG : 0.08500, lambdaH : 0.10000, lambdaW : 0.00100, gamma : 0.12500, Tmax : 150.00, threshold of infected : 0.010
0.37 0.32 0.13 0.12 0.04 0.02 
0.2192 0.12 0.08 0.06 0.05 0.045 0.04 0.035 0.03 0.02 0.02 0.02 0.015 0.015 0.015 0.015 0.001 0.001 0.001 0.001 0.001 0.001 0.001 0.001 0.001 0.001 0.001 0.001 0.001 0.001 0.001 0.001 0.001 0.001 0.001 0.001 0.001 0.001 0.001 0.001 0.001 0.0001 0.0001 0.0001 0.0001 0.0001 0.0001 0.0001 0.0001 0.175 
Proportion of infected at cutoff : 0.0100
Proportion of susceptibles at cutoff : 0.9720
(12,0) : 22
(9,0) : 25
(50,0) : 44
(43,1) : 1
(8,0) : 24
(2,0) : 92
(41,0) : 2
(49,1) : 9
(10,0) : 17
(7,0) : 29
(48,0) : 12
(48,2) : 4
(49,0) : 18
(47,2) : 7
(3,0) : 62
(34,0) : 1
(14,0) : 18
(42,2) : 1
(15,0) : 8
(47,1) : 7
(48,1) : 6
(38,0) : 1
(1,0) : 158
(6,0) : 26
(46,1) : 2
(47,3) : 1
(13,1) : 2
(36,0) : 1
(25,0) : 1
(13,0) : 8
(47,0) : 4
(12,1) : 1
(4,0) : 55
(5,0) : 45
(11,0) : 22
(45,2) : 2
(15,1) : 3
(7,1) : 3
(46,2) : 1
(44,3) : 1
(27,0) : 2
(46,3) : 1
(17,0) : 1
(2,1) : 3
(20,0) : 2
(42,0) : 1
(46,0) : 3
(27,1) : 1
(33,0) : 1
(0,1) : 2
(45,3) : 1
(16,0) : 6
(32,0) : 1
(0,0) : 3
(22,1) : 1
(12,3) : 1
(14,2) : 1
(8,1) : 2
(5,1) : 4
(6,1) : 1
(1,1) : 5
