pop size : 10000, betaG : 0.08500, lambdaH : 0.10000, lambdaW : 0.00100, gamma : 0.12500, Tmax : 150.00, threshold of infected : 0.010
0.37 0.32 0.13 0.12 0.04 0.02 
0.2192 0.12 0.08 0.06 0.05 0.045 0.04 0.035 0.03 0.02 0.02 0.02 0.015 0.015 0.015 0.015 0.001 0.001 0.001 0.001 0.001 0.001 0.001 0.001 0.001 0.001 0.001 0.001 0.001 0.001 0.001 0.001 0.001 0.001 0.001 0.001 0.001 0.001 0.001 0.001 0.001 0.0001 0.0001 0.0001 0.0001 0.0001 0.0001 0.0001 0.0001 0.175 
Proportion of infected at cutoff : 0.0100
Proportion of susceptibles at cutoff : 0.9789
(46,3) : 2
(7,0) : 29
(50,0) : 55
(1,0) : 163
(47,1) : 3
(48,2) : 6
(47,2) : 3
(49,0) : 18
(15,0) : 8
(6,0) : 33
(10,0) : 17
(48,1) : 11
(11,0) : 16
(4,0) : 40
(43,5) : 1
(46,2) : 1
(49,1) : 17
(34,0) : 2
(24,0) : 3
(33,1) : 1
(8,0) : 30
(36,0) : 2
(3,0) : 58
(12,0) : 20
(9,0) : 15
(14,0) : 14
(48,0) : 5
(46,1) : 1
(24,1) : 1
(2,0) : 71
(45,1) : 1
(41,0) : 2
(5,0) : 31
(29,0) : 2
(44,2) : 1
(45,4) : 1
(13,0) : 8
(31,0) : 1
(4,1) : 2
(45,0) : 1
(13,1) : 1
(16,0) : 7
(7,1) : 1
(23,0) : 1
(12,1) : 2
(27,2) : 1
(11,1) : 4
(37,2) : 1
(46,0) : 1
(8,1) : 1
(33,0) : 1
(32,0) : 1
(10,1) : 1
(39,0) : 1
(19,0) : 1
(9,2) : 1
(35,2) : 1
(15,1) : 1
(5,1) : 2
(6,1) : 1
(3,1) : 2
(0,0) : 2
(1,1) : 1
(0,1) : 1
