pop size : 10000, betaG : 0.08500, lambdaH : 0.10000, lambdaW : 0.00100, gamma : 0.12500, Tmax : 150.00, threshold of infected : 0.010
0.37 0.32 0.13 0.12 0.04 0.02 
0.2192 0.12 0.08 0.06 0.05 0.045 0.04 0.035 0.03 0.02 0.02 0.02 0.015 0.015 0.015 0.015 0.001 0.001 0.001 0.001 0.001 0.001 0.001 0.001 0.001 0.001 0.001 0.001 0.001 0.001 0.001 0.001 0.001 0.001 0.001 0.001 0.001 0.001 0.001 0.001 0.001 0.0001 0.0001 0.0001 0.0001 0.0001 0.0001 0.0001 0.0001 0.175 
Proportion of infected at cutoff : 0.0100
Proportion of susceptibles at cutoff : 0.9765
(2,0) : 86
(15,0) : 9
(49,0) : 21
(49,1) : 23
(48,2) : 9
(50,0) : 52
(5,0) : 35
(12,0) : 18
(1,0) : 157
(47,1) : 4
(45,3) : 1
(43,2) : 1
(13,0) : 8
(7,0) : 27
(10,0) : 17
(3,0) : 62
(4,0) : 49
(28,0) : 2
(6,0) : 31
(8,0) : 23
(45,1) : 2
(16,0) : 8
(46,0) : 2
(36,0) : 1
(40,0) : 1
(48,1) : 7
(38,0) : 1
(11,0) : 9
(48,0) : 3
(20,0) : 1
(10,1) : 3
(9,0) : 24
(45,0) : 1
(43,0) : 1
(46,2) : 1
(13,1) : 2
(47,2) : 3
(35,0) : 1
(8,1) : 1
(17,0) : 1
(22,1) : 1
(47,0) : 2
(14,0) : 5
(9,1) : 1
(22,0) : 2
(35,2) : 1
(31,1) : 1
(6,1) : 3
(23,0) : 1
(7,1) : 1
(39,0) : 1
(45,5) : 1
(25,0) : 1
(33,1) : 1
(3,1) : 1
(11,2) : 1
(11,1) : 1
(3,2) : 1
(12,1) : 1
(1,1) : 2
(0,0) : 4
(4,1) : 1
(2,1) : 2
