pop size : 10000, betaG : 0.08500, lambdaH : 0.10000, lambdaW : 0.00100, gamma : 0.12500, Tmax : 150.00, threshold of infected : 0.010
0.37 0.32 0.13 0.12 0.04 0.02 
0.2192 0.12 0.08 0.06 0.05 0.045 0.04 0.035 0.03 0.02 0.02 0.02 0.015 0.015 0.015 0.015 0.001 0.001 0.001 0.001 0.001 0.001 0.001 0.001 0.001 0.001 0.001 0.001 0.001 0.001 0.001 0.001 0.001 0.001 0.001 0.001 0.001 0.001 0.001 0.001 0.001 0.0001 0.0001 0.0001 0.0001 0.0001 0.0001 0.0001 0.0001 0.175 
Proportion of infected at cutoff : 0.0100
Proportion of susceptibles at cutoff : 0.9758
(48,2) : 5
(48,0) : 10
(49,0) : 28
(27,0) : 2
(50,0) : 41
(6,0) : 35
(16,0) : 9
(25,0) : 3
(48,1) : 13
(5,0) : 34
(4,0) : 57
(26,0) : 2
(1,0) : 155
(7,0) : 26
(30,1) : 1
(49,1) : 21
(12,0) : 8
(47,2) : 4
(47,0) : 3
(9,0) : 16
(45,3) : 1
(14,0) : 7
(45,2) : 1
(47,1) : 1
(44,3) : 1
(47,3) : 2
(3,0) : 52
(19,0) : 1
(10,0) : 15
(13,0) : 7
(46,2) : 2
(46,1) : 1
(44,0) : 1
(23,0) : 1
(8,0) : 19
(15,0) : 5
(37,0) : 2
(29,0) : 2
(2,0) : 78
(1,1) : 2
(2,1) : 3
(10,1) : 2
(11,0) : 19
(45,0) : 1
(46,3) : 1
(7,1) : 6
(30,0) : 1
(20,0) : 1
(5,1) : 1
(40,0) : 1
(42,2) : 1
(15,1) : 1
(4,1) : 1
(14,1) : 1
(17,0) : 1
(3,1) : 2
(13,1) : 1
(9,2) : 1
(0,0) : 1
