pop size : 10000, betaG : 0.08500, lambdaH : 0.10000, lambdaW : 0.00100, gamma : 0.12500, Tmax : 150.00, threshold of infected : 0.010
0.37 0.32 0.13 0.12 0.04 0.02 
0.2192 0.12 0.08 0.06 0.05 0.045 0.04 0.035 0.03 0.02 0.02 0.02 0.015 0.015 0.015 0.015 0.001 0.001 0.001 0.001 0.001 0.001 0.001 0.001 0.001 0.001 0.001 0.001 0.001 0.001 0.001 0.001 0.001 0.001 0.001 0.001 0.001 0.001 0.001 0.001 0.001 0.0001 0.0001 0.0001 0.0001 0.0001 0.0001 0.0001 0.0001 0.175 
Proportion of infected at cutoff : 0.0100
Proportion of susceptibles at cutoff : 0.9813
(2,0) : 82
(14,0) : 16
(50,0) : 59
(49,1) : 26
(49,0) : 21
(48,1) : 6
(5,0) : 33
(10,0) : 9
(48,0) : 2
(1,0) : 144
(17,0) : 1
(15,0) : 9
(8,0) : 29
(44,4) : 2
(47,3) : 4
(47,2) : 3
(3,0) : 70
(47,1) : 3
(46,3) : 1
(9,0) : 22
(47,0) : 1
(7,0) : 34
(4,0) : 52
(16,0) : 13
(6,0) : 21
(38,0) : 2
(11,0) : 10
(48,2) : 4
(22,0) : 1
(27,0) : 1
(12,0) : 12
(19,0) : 1
(45,2) : 1
(13,1) : 2
(19,1) : 1
(11,1) : 1
(44,3) : 1
(15,1) : 2
(36,1) : 1
(23,0) : 1
(35,0) : 2
(7,1) : 2
(46,2) : 1
(24,0) : 1
(10,1) : 1
(20,0) : 1
(32,0) : 1
(13,0) : 4
(5,1) : 3
(46,1) : 1
(4,1) : 2
(3,1) : 1
(2,2) : 1
(0,1) : 2
(0,0) : 1
