pop size : 10000, betaG : 0.08500, lambdaH : 0.10000, lambdaW : 0.00100, gamma : 0.12500, Tmax : 150.00, threshold of infected : 0.010
0.37 0.32 0.13 0.12 0.04 0.02 
0.2192 0.12 0.08 0.06 0.05 0.045 0.04 0.035 0.03 0.02 0.02 0.02 0.015 0.015 0.015 0.015 0.001 0.001 0.001 0.001 0.001 0.001 0.001 0.001 0.001 0.001 0.001 0.001 0.001 0.001 0.001 0.001 0.001 0.001 0.001 0.001 0.001 0.001 0.001 0.001 0.001 0.0001 0.0001 0.0001 0.0001 0.0001 0.0001 0.0001 0.0001 0.175 
Proportion of infected at cutoff : 0.0100
Proportion of susceptibles at cutoff : 0.9778
(50,0) : 55
(47,2) : 1
(48,0) : 12
(47,3) : 3
(16,0) : 9
(1,0) : 163
(13,0) : 10
(49,0) : 18
(46,0) : 1
(10,0) : 14
(6,0) : 34
(49,1) : 21
(25,0) : 2
(5,0) : 34
(46,3) : 3
(47,1) : 4
(9,0) : 23
(48,2) : 5
(47,0) : 1
(48,1) : 7
(12,0) : 11
(45,3) : 1
(35,0) : 1
(2,0) : 94
(4,0) : 45
(3,0) : 54
(41,0) : 1
(37,3) : 1
(36,1) : 1
(46,1) : 2
(7,0) : 25
(32,0) : 1
(44,4) : 1
(8,0) : 19
(14,0) : 9
(26,1) : 1
(6,1) : 2
(15,0) : 7
(8,1) : 2
(11,0) : 9
(40,1) : 3
(45,2) : 1
(14,1) : 4
(45,0) : 1
(9,1) : 2
(22,0) : 1
(21,0) : 1
(34,0) : 1
(5,1) : 1
(15,1) : 1
(3,1) : 4
(21,1) : 1
(0,0) : 1
(1,1) : 1
(0,1) : 1
