pop size : 10000, betaG : 0.08500, lambdaH : 0.10000, lambdaW : 0.00100, gamma : 0.12500, Tmax : 150.00, threshold of infected : 0.010
0.37 0.32 0.13 0.12 0.04 0.02 
0.2192 0.12 0.08 0.06 0.05 0.045 0.04 0.035 0.03 0.02 0.02 0.02 0.015 0.015 0.015 0.015 0.001 0.001 0.001 0.001 0.001 0.001 0.001 0.001 0.001 0.001 0.001 0.001 0.001 0.001 0.001 0.001 0.001 0.001 0.001 0.001 0.001 0.001 0.001 0.001 0.001 0.0001 0.0001 0.0001 0.0001 0.0001 0.0001 0.0001 0.0001 0.175 
Proportion of infected at cutoff : 0.0100
Proportion of susceptibles at cutoff : 0.9798
(49,0) : 18
(48,2) : 5
(50,0) : 57
(49,1) : 20
(5,0) : 41
(4,1) : 5
(48,1) : 10
(3,0) : 70
(35,1) : 1
(4,0) : 40
(46,3) : 2
(48,0) : 9
(11,0) : 13
(8,0) : 20
(12,0) : 7
(10,0) : 13
(44,1) : 1
(3,1) : 1
(14,0) : 6
(47,1) : 3
(21,0) : 1
(1,0) : 171
(15,0) : 10
(38,1) : 1
(24,1) : 1
(29,0) : 2
(47,0) : 2
(43,0) : 1
(16,0) : 14
(46,2) : 2
(10,1) : 2
(30,1) : 1
(47,2) : 1
(7,0) : 25
(25,1) : 1
(9,0) : 18
(13,0) : 8
(6,0) : 30
(11,1) : 3
(45,2) : 1
(20,2) : 1
(22,0) : 1
(12,1) : 1
(2,0) : 81
(47,3) : 1
(28,1) : 1
(44,4) : 1
(35,0) : 1
(24,0) : 1
(7,1) : 5
(45,0) : 1
(32,0) : 2
(17,0) : 1
(46,1) : 1
(26,0) : 1
(1,1) : 2
(19,0) : 1
(34,1) : 1
(5,1) : 1
(0,0) : 1
(0,1) : 5
