pop size : 10000, betaG : 0.08500, lambdaH : 0.10000, lambdaW : 0.00100, gamma : 0.12500, Tmax : 150.00, threshold of infected : 0.010
0.37 0.32 0.13 0.12 0.04 0.02 
0.2192 0.12 0.08 0.06 0.05 0.045 0.04 0.035 0.03 0.02 0.02 0.02 0.015 0.015 0.015 0.015 0.001 0.001 0.001 0.001 0.001 0.001 0.001 0.001 0.001 0.001 0.001 0.001 0.001 0.001 0.001 0.001 0.001 0.001 0.001 0.001 0.001 0.001 0.001 0.001 0.001 0.0001 0.0001 0.0001 0.0001 0.0001 0.0001 0.0001 0.0001 0.175 
Proportion of infected at cutoff : 0.0100
Proportion of susceptibles at cutoff : 0.9752
(41,0) : 2
(4,0) : 46
(50,0) : 39
(47,1) : 4
(47,0) : 6
(49,0) : 20
(31,0) : 1
(49,1) : 16
(48,1) : 17
(14,0) : 12
(5,0) : 36
(9,0) : 22
(7,0) : 31
(8,0) : 36
(1,0) : 172
(18,0) : 3
(48,0) : 7
(15,0) : 8
(4,1) : 2
(48,2) : 5
(47,2) : 4
(15,1) : 1
(14,1) : 3
(3,0) : 72
(45,2) : 1
(35,1) : 1
(43,7) : 1
(12,0) : 15
(2,0) : 99
(16,0) : 13
(12,1) : 1
(10,0) : 11
(6,0) : 26
(38,0) : 1
(13,0) : 7
(22,0) : 1
(5,1) : 1
(11,0) : 12
(32,0) : 1
(42,1) : 1
(33,0) : 1
(46,2) : 1
(26,0) : 1
(45,1) : 1
(28,0) : 1
(9,1) : 2
(35,0) : 1
(38,1) : 1
(3,1) : 1
(37,0) : 1
(20,0) : 1
(30,0) : 1
(32,1) : 1
(1,1) : 3
(24,1) : 1
(11,1) : 2
(6,1) : 5
(8,1) : 2
(23,0) : 1
(25,0) : 1
(47,3) : 1
(36,0) : 1
(20,1) : 1
(27,0) : 1
(0,0) : 2
(0,1) : 1
