pop size : 10000, betaG : 0.08500, lambdaH : 0.10000, lambdaW : 0.00100, gamma : 0.12500, Tmax : 150.00, threshold of infected : 0.010
0.37 0.32 0.13 0.12 0.04 0.02 
0.2192 0.12 0.08 0.06 0.05 0.045 0.04 0.035 0.03 0.02 0.02 0.02 0.015 0.015 0.015 0.015 0.001 0.001 0.001 0.001 0.001 0.001 0.001 0.001 0.001 0.001 0.001 0.001 0.001 0.001 0.001 0.001 0.001 0.001 0.001 0.001 0.001 0.001 0.001 0.001 0.001 0.0001 0.0001 0.0001 0.0001 0.0001 0.0001 0.0001 0.0001 0.175 
Proportion of infected at cutoff : 0.0100
Proportion of susceptibles at cutoff : 0.9721
(7,0) : 25
(47,1) : 3
(50,0) : 40
(8,0) : 25
(46,0) : 2
(10,0) : 19
(46,1) : 2
(4,0) : 49
(18,0) : 1
(3,0) : 71
(5,0) : 45
(49,0) : 29
(48,2) : 8
(46,2) : 2
(47,0) : 7
(46,4) : 1
(45,0) : 1
(11,0) : 14
(15,0) : 10
(48,0) : 11
(49,1) : 11
(6,0) : 31
(22,0) : 1
(14,0) : 12
(9,0) : 23
(13,0) : 7
(1,1) : 3
(15,1) : 1
(47,3) : 1
(44,3) : 1
(17,0) : 2
(48,1) : 5
(1,0) : 172
(16,0) : 7
(44,2) : 1
(27,2) : 1
(2,0) : 95
(7,1) : 2
(12,0) : 17
(45,2) : 1
(28,0) : 2
(28,1) : 1
(30,1) : 1
(47,2) : 1
(44,0) : 1
(5,1) : 5
(27,1) : 1
(34,0) : 1
(4,2) : 1
(24,1) : 1
(44,1) : 1
(46,3) : 1
(14,1) : 1
(29,0) : 1
(17,1) : 1
(32,0) : 1
(20,0) : 1
(25,0) : 1
(9,1) : 2
(4,1) : 3
(8,1) : 1
(10,1) : 1
(2,1) : 3
(11,1) : 1
(3,1) : 3
(0,1) : 3
(6,1) : 1
(0,0) : 2
