pop size : 10000, betaG : 0.08500, lambdaH : 0.10000, lambdaW : 0.00100, gamma : 0.12500, Tmax : 150.00, threshold of infected : 0.010
0.37 0.32 0.13 0.12 0.04 0.02 
0.2192 0.12 0.08 0.06 0.05 0.045 0.04 0.035 0.03 0.02 0.02 0.02 0.015 0.015 0.015 0.015 0.001 0.001 0.001 0.001 0.001 0.001 0.001 0.001 0.001 0.001 0.001 0.001 0.001 0.001 0.001 0.001 0.001 0.001 0.001 0.001 0.001 0.001 0.001 0.001 0.001 0.0001 0.0001 0.0001 0.0001 0.0001 0.0001 0.0001 0.0001 0.175 
Proportion of infected at cutoff : 0.0100
Proportion of susceptibles at cutoff : 0.9753
(48,0) : 10
(10,0) : 14
(5,0) : 33
(14,0) : 10
(50,0) : 49
(8,0) : 27
(47,0) : 6
(31,0) : 1
(47,2) : 2
(12,0) : 11
(49,0) : 18
(35,0) : 2
(9,0) : 22
(46,2) : 1
(46,1) : 1
(48,1) : 8
(49,1) : 18
(6,0) : 29
(15,0) : 5
(16,0) : 8
(45,3) : 1
(1,0) : 174
(45,1) : 1
(26,0) : 1
(13,0) : 9
(3,0) : 58
(45,2) : 2
(22,1) : 1
(41,0) : 2
(20,0) : 1
(8,1) : 2
(4,0) : 41
(44,2) : 1
(2,0) : 63
(18,0) : 1
(34,0) : 1
(46,0) : 3
(25,1) : 2
(7,0) : 25
(39,0) : 2
(11,0) : 11
(48,2) : 7
(47,1) : 3
(36,0) : 1
(37,0) : 1
(34,3) : 1
(46,4) : 1
(12,1) : 3
(44,5) : 1
(24,0) : 1
(37,1) : 1
(6,1) : 1
(11,1) : 2
(40,0) : 1
(10,1) : 1
(44,4) : 1
(1,1) : 1
(9,1) : 2
(13,1) : 2
(19,0) : 1
(7,1) : 2
(5,1) : 1
(3,1) : 1
(0,1) : 2
(0,0) : 2
