pop size : 10000, betaG : 0.08500, lambdaH : 0.10000, lambdaW : 0.00100, gamma : 0.12500, Tmax : 150.00, threshold of infected : 0.010
0.37 0.32 0.13 0.12 0.04 0.02 
0.2192 0.12 0.08 0.06 0.05 0.045 0.04 0.035 0.03 0.02 0.02 0.02 0.015 0.015 0.015 0.015 0.001 0.001 0.001 0.001 0.001 0.001 0.001 0.001 0.001 0.001 0.001 0.001 0.001 0.001 0.001 0.001 0.001 0.001 0.001 0.001 0.001 0.001 0.001 0.001 0.001 0.0001 0.0001 0.0001 0.0001 0.0001 0.0001 0.0001 0.0001 0.175 
Proportion of infected at cutoff : 0.0100
Proportion of susceptibles at cutoff : 0.9742
(50,0) : 47
(5,0) : 46
(7,0) : 30
(10,0) : 12
(49,0) : 24
(48,1) : 8
(48,0) : 9
(45,3) : 1
(1,0) : 196
(11,0) : 10
(29,1) : 1
(49,1) : 17
(2,0) : 98
(6,0) : 31
(43,2) : 1
(16,0) : 14
(45,2) : 3
(47,0) : 2
(12,0) : 18
(3,0) : 73
(14,0) : 16
(39,0) : 2
(4,0) : 48
(46,3) : 1
(45,0) : 2
(47,1) : 1
(15,0) : 12
(8,0) : 20
(13,0) : 9
(17,0) : 2
(48,2) : 5
(9,0) : 25
(8,1) : 5
(4,1) : 1
(46,1) : 2
(38,0) : 1
(32,1) : 1
(13,1) : 4
(11,1) : 2
(47,2) : 2
(34,0) : 1
(32,0) : 1
(44,1) : 1
(28,1) : 1
(7,1) : 4
(43,5) : 1
(12,1) : 1
(9,1) : 3
(14,2) : 1
(6,1) : 2
(10,2) : 1
(14,1) : 1
(0,1) : 2
(3,1) : 1
(1,2) : 1
(2,1) : 2
(0,0) : 2
(1,1) : 1
