pop size : 10000, betaG : 0.08500, lambdaH : 0.10000, lambdaW : 0.00100, gamma : 0.12500, Tmax : 150.00, threshold of infected : 0.010
0.37 0.32 0.13 0.12 0.04 0.02 
0.2192 0.12 0.08 0.06 0.05 0.045 0.04 0.035 0.03 0.02 0.02 0.02 0.015 0.015 0.015 0.015 0.001 0.001 0.001 0.001 0.001 0.001 0.001 0.001 0.001 0.001 0.001 0.001 0.001 0.001 0.001 0.001 0.001 0.001 0.001 0.001 0.001 0.001 0.001 0.001 0.001 0.0001 0.0001 0.0001 0.0001 0.0001 0.0001 0.0001 0.0001 0.175 
Proportion of infected at cutoff : 0.0100
Proportion of susceptibles at cutoff : 0.9760
(48,1) : 7
(49,1) : 14
(50,0) : 50
(1,0) : 153
(26,0) : 2
(10,0) : 19
(45,3) : 2
(37,0) : 1
(4,0) : 44
(9,0) : 23
(47,1) : 5
(49,0) : 28
(48,2) : 6
(46,0) : 2
(16,0) : 10
(47,3) : 1
(47,0) : 2
(3,0) : 52
(28,1) : 1
(2,0) : 83
(13,0) : 11
(8,0) : 29
(5,0) : 33
(47,2) : 2
(35,0) : 1
(23,0) : 2
(24,0) : 1
(34,0) : 1
(27,1) : 2
(7,0) : 27
(12,0) : 16
(38,0) : 1
(15,0) : 8
(43,2) : 1
(46,1) : 1
(48,0) : 3
(46,3) : 2
(46,2) : 2
(6,0) : 31
(45,2) : 2
(36,0) : 1
(40,0) : 2
(27,0) : 1
(13,1) : 2
(11,0) : 12
(8,1) : 3
(29,3) : 1
(19,0) : 2
(46,4) : 1
(12,3) : 1
(44,0) : 1
(7,1) : 1
(17,0) : 1
(14,0) : 1
(15,1) : 1
(44,4) : 1
(10,1) : 1
(6,1) : 1
(3,1) : 1
(9,1) : 1
(11,1) : 1
(1,1) : 2
(0,0) : 4
(4,1) : 1
