pop size : 10000, betaG : 0.08500, lambdaH : 0.10000, lambdaW : 0.00100, gamma : 0.12500, Tmax : 150.00, threshold of infected : 0.010
0.37 0.32 0.13 0.12 0.04 0.02 
0.2192 0.12 0.08 0.06 0.05 0.045 0.04 0.035 0.03 0.02 0.02 0.02 0.015 0.015 0.015 0.015 0.001 0.001 0.001 0.001 0.001 0.001 0.001 0.001 0.001 0.001 0.001 0.001 0.001 0.001 0.001 0.001 0.001 0.001 0.001 0.001 0.001 0.001 0.001 0.001 0.001 0.0001 0.0001 0.0001 0.0001 0.0001 0.0001 0.0001 0.0001 0.175 
Proportion of infected at cutoff : 0.0100
Proportion of susceptibles at cutoff : 0.9742
(49,1) : 13
(50,0) : 42
(1,0) : 166
(16,0) : 7
(49,0) : 30
(46,1) : 1
(8,1) : 1
(48,1) : 7
(4,0) : 32
(48,0) : 13
(14,0) : 7
(32,0) : 1
(48,2) : 8
(6,0) : 28
(43,1) : 1
(13,0) : 9
(47,2) : 4
(45,2) : 2
(7,0) : 24
(8,0) : 31
(12,1) : 1
(19,1) : 1
(47,0) : 2
(10,1) : 2
(14,1) : 4
(10,0) : 13
(45,1) : 1
(9,0) : 22
(11,0) : 15
(5,0) : 39
(3,0) : 55
(12,0) : 16
(46,2) : 2
(15,0) : 12
(40,0) : 1
(44,2) : 1
(5,1) : 2
(35,0) : 1
(3,1) : 3
(2,0) : 82
(18,0) : 1
(15,1) : 2
(47,1) : 3
(28,0) : 1
(36,0) : 1
(23,0) : 1
(41,0) : 1
(12,2) : 1
(38,0) : 2
(41,3) : 1
(38,2) : 1
(21,1) : 1
(44,3) : 1
(39,1) : 1
(28,2) : 1
(7,1) : 1
(25,1) : 1
(11,1) : 1
(9,1) : 1
(27,0) : 1
(6,1) : 1
(13,1) : 1
(0,1) : 4
(0,0) : 1
