pop size : 10000, betaG : 0.08500, lambdaH : 0.10000, lambdaW : 0.00100, gamma : 0.12500, Tmax : 150.00, threshold of infected : 0.010
0.37 0.32 0.13 0.12 0.04 0.02 
0.2192 0.12 0.08 0.06 0.05 0.045 0.04 0.035 0.03 0.02 0.02 0.02 0.015 0.015 0.015 0.015 0.001 0.001 0.001 0.001 0.001 0.001 0.001 0.001 0.001 0.001 0.001 0.001 0.001 0.001 0.001 0.001 0.001 0.001 0.001 0.001 0.001 0.001 0.001 0.001 0.001 0.0001 0.0001 0.0001 0.0001 0.0001 0.0001 0.0001 0.0001 0.175 
Proportion of infected at cutoff : 0.0100
Proportion of susceptibles at cutoff : 0.9780
(49,1) : 16
(50,0) : 46
(49,0) : 24
(25,1) : 1
(48,1) : 13
(2,0) : 76
(1,0) : 168
(47,2) : 7
(8,1) : 3
(13,0) : 11
(16,0) : 8
(9,0) : 24
(10,0) : 16
(4,0) : 43
(46,3) : 3
(39,0) : 2
(48,0) : 10
(7,0) : 30
(3,0) : 60
(44,2) : 1
(15,0) : 13
(48,2) : 6
(47,0) : 1
(46,2) : 2
(6,0) : 31
(5,0) : 36
(11,0) : 13
(46,1) : 1
(14,1) : 1
(8,0) : 29
(32,0) : 1
(25,0) : 2
(0,1) : 4
(12,0) : 10
(11,1) : 2
(14,0) : 6
(46,0) : 1
(22,0) : 2
(6,1) : 2
(43,1) : 1
(45,2) : 1
(5,1) : 2
(3,1) : 2
(35,0) : 1
(13,1) : 4
(27,0) : 1
(15,1) : 1
(36,1) : 1
(34,0) : 1
(7,1) : 2
(33,0) : 1
(40,0) : 1
(2,1) : 1
(24,0) : 1
(0,0) : 2
