pop size : 10000, betaG : 0.08500, lambdaH : 0.10000, lambdaW : 0.00100, gamma : 0.12500, Tmax : 150.00, threshold of infected : 0.010
0.37 0.32 0.13 0.12 0.04 0.02 
0.2192 0.12 0.08 0.06 0.05 0.045 0.04 0.035 0.03 0.02 0.02 0.02 0.015 0.015 0.015 0.015 0.001 0.001 0.001 0.001 0.001 0.001 0.001 0.001 0.001 0.001 0.001 0.001 0.001 0.001 0.001 0.001 0.001 0.001 0.001 0.001 0.001 0.001 0.001 0.001 0.001 0.0001 0.0001 0.0001 0.0001 0.0001 0.0001 0.0001 0.0001 0.175 
Proportion of infected at cutoff : 0.0100
Proportion of susceptibles at cutoff : 0.9751
(49,0) : 24
(49,1) : 17
(2,0) : 93
(48,0) : 9
(12,1) : 1
(9,0) : 19
(50,0) : 47
(6,0) : 34
(47,0) : 3
(14,0) : 8
(16,0) : 8
(14,1) : 3
(45,3) : 1
(46,1) : 5
(5,0) : 41
(23,0) : 1
(47,2) : 3
(37,0) : 2
(48,1) : 12
(47,1) : 1
(1,0) : 155
(7,0) : 23
(12,0) : 12
(33,1) : 2
(3,0) : 51
(8,0) : 16
(44,4) : 1
(15,0) : 7
(4,1) : 1
(9,1) : 1
(4,0) : 41
(38,0) : 1
(46,2) : 2
(33,0) : 3
(20,0) : 2
(45,0) : 1
(11,0) : 10
(45,2) : 2
(10,0) : 15
(34,1) : 1
(7,1) : 1
(13,0) : 12
(2,1) : 2
(30,0) : 3
(48,2) : 4
(46,4) : 1
(47,3) : 1
(32,0) : 1
(24,0) : 1
(10,1) : 1
(28,0) : 1
(13,1) : 2
(18,0) : 1
(8,1) : 3
(29,2) : 1
(20,1) : 1
(22,1) : 1
(11,1) : 1
(0,1) : 4
(5,1) : 1
(1,1) : 1
(0,0) : 1
