pop size : 10000, betaG : 0.08500, lambdaH : 0.10000, lambdaW : 0.00100, gamma : 0.12500, Tmax : 150.00, threshold of infected : 0.010
0.37 0.32 0.13 0.12 0.04 0.02 
0.2192 0.12 0.08 0.06 0.05 0.045 0.04 0.035 0.03 0.02 0.02 0.02 0.015 0.015 0.015 0.015 0.001 0.001 0.001 0.001 0.001 0.001 0.001 0.001 0.001 0.001 0.001 0.001 0.001 0.001 0.001 0.001 0.001 0.001 0.001 0.001 0.001 0.001 0.001 0.001 0.001 0.0001 0.0001 0.0001 0.0001 0.0001 0.0001 0.0001 0.0001 0.175 
Proportion of infected at cutoff : 0.0100
Proportion of susceptibles at cutoff : 0.9812
(9,0) : 25
(2,0) : 91
(49,1) : 21
(50,0) : 59
(47,3) : 3
(5,0) : 33
(48,2) : 5
(49,0) : 14
(46,4) : 1
(6,0) : 42
(46,0) : 1
(48,1) : 3
(4,0) : 49
(48,0) : 4
(46,1) : 1
(3,0) : 82
(47,0) : 2
(8,0) : 29
(10,1) : 2
(46,2) : 1
(10,0) : 15
(11,0) : 21
(44,1) : 1
(12,0) : 15
(13,0) : 6
(24,0) : 2
(44,5) : 1
(47,2) : 6
(1,0) : 175
(14,0) : 11
(46,3) : 1
(7,0) : 33
(32,1) : 2
(45,2) : 2
(27,0) : 2
(12,1) : 2
(13,1) : 1
(16,0) : 5
(23,0) : 1
(34,0) : 1
(33,0) : 1
(0,0) : 3
(2,2) : 1
(28,0) : 1
(15,0) : 17
(14,1) : 1
(21,0) : 2
(15,1) : 1
(25,0) : 1
(22,0) : 1
(29,1) : 1
(40,0) : 1
(11,2) : 1
(6,1) : 2
(17,0) : 1
(4,1) : 1
(8,1) : 1
(3,1) : 3
(11,1) : 2
(1,1) : 1
(0,1) : 1
