pop size : 10000, betaG : 0.08500, lambdaH : 0.10000, lambdaW : 0.00100, gamma : 0.12500, Tmax : 150.00, threshold of infected : 0.010
0.37 0.32 0.13 0.12 0.04 0.02 
0.2192 0.12 0.08 0.06 0.05 0.045 0.04 0.035 0.03 0.02 0.02 0.02 0.015 0.015 0.015 0.015 0.001 0.001 0.001 0.001 0.001 0.001 0.001 0.001 0.001 0.001 0.001 0.001 0.001 0.001 0.001 0.001 0.001 0.001 0.001 0.001 0.001 0.001 0.001 0.001 0.001 0.0001 0.0001 0.0001 0.0001 0.0001 0.0001 0.0001 0.0001 0.175 
Proportion of infected at cutoff : 0.0100
Proportion of susceptibles at cutoff : 0.9839
(48,1) : 6
(49,0) : 16
(50,0) : 65
(49,1) : 26
(12,1) : 2
(8,0) : 25
(47,3) : 1
(15,0) : 10
(7,0) : 33
(44,5) : 1
(4,0) : 50
(48,2) : 4
(47,2) : 3
(25,0) : 1
(12,0) : 13
(5,0) : 25
(9,0) : 21
(47,0) : 1
(10,0) : 11
(2,0) : 86
(24,0) : 1
(10,1) : 2
(14,0) : 11
(3,0) : 64
(40,0) : 1
(47,1) : 2
(23,0) : 2
(13,0) : 13
(46,2) : 2
(4,2) : 2
(8,1) : 1
(15,1) : 2
(6,0) : 34
(38,1) : 1
(48,0) : 3
(20,0) : 1
(1,0) : 149
(39,0) : 2
(27,0) : 1
(11,0) : 6
(16,0) : 6
(37,0) : 1
(21,0) : 2
(9,1) : 2
(18,1) : 1
(36,2) : 1
(41,0) : 1
(46,4) : 1
(20,1) : 1
(2,1) : 2
(4,1) : 2
(28,0) : 1
(45,4) : 1
(29,0) : 2
(17,0) : 1
(11,1) : 1
(5,1) : 2
(19,0) : 1
(6,1) : 2
(7,1) : 2
(3,1) : 2
(0,0) : 1
(1,1) : 1
