pop size : 10000, betaG : 0.08500, lambdaH : 0.10000, lambdaW : 0.00100, gamma : 0.12500, Tmax : 150.00, threshold of infected : 0.010
0.37 0.32 0.13 0.12 0.04 0.02 
0.2192 0.12 0.08 0.06 0.05 0.045 0.04 0.035 0.03 0.02 0.02 0.02 0.015 0.015 0.015 0.015 0.001 0.001 0.001 0.001 0.001 0.001 0.001 0.001 0.001 0.001 0.001 0.001 0.001 0.001 0.001 0.001 0.001 0.001 0.001 0.001 0.001 0.001 0.001 0.001 0.001 0.0001 0.0001 0.0001 0.0001 0.0001 0.0001 0.0001 0.0001 0.175 
Proportion of infected at cutoff : 0.0100
Proportion of susceptibles at cutoff : 0.9780
(48,1) : 10
(50,0) : 43
(46,0) : 2
(16,0) : 13
(47,2) : 4
(3,0) : 53
(8,0) : 26
(9,0) : 25
(31,0) : 1
(47,0) : 4
(12,0) : 19
(49,0) : 30
(30,0) : 3
(49,1) : 17
(46,4) : 1
(11,0) : 22
(7,0) : 26
(2,0) : 74
(15,0) : 10
(44,2) : 1
(47,1) : 4
(23,0) : 1
(45,4) : 1
(4,0) : 53
(10,0) : 17
(5,0) : 43
(48,2) : 4
(5,1) : 2
(11,1) : 2
(6,0) : 34
(13,0) : 7
(1,0) : 161
(29,1) : 1
(7,1) : 3
(43,3) : 1
(33,0) : 1
(14,0) : 9
(41,0) : 1
(25,0) : 1
(48,0) : 4
(13,3) : 1
(37,2) : 1
(46,1) : 1
(2,1) : 2
(23,1) : 1
(8,1) : 3
(14,1) : 1
(13,1) : 1
(32,0) : 1
(44,3) : 1
(12,1) : 3
(36,1) : 1
(1,1) : 3
(6,1) : 2
(19,1) : 1
(3,1) : 1
(12,2) : 1
(0,0) : 1
(4,1) : 1
(0,1) : 1
