pop size : 10000, betaG : 0.08500, lambdaH : 0.10000, lambdaW : 0.00100, gamma : 0.12500, Tmax : 150.00, threshold of infected : 0.010
0.37 0.32 0.13 0.12 0.04 0.02 
0.2192 0.12 0.08 0.06 0.05 0.045 0.04 0.035 0.03 0.02 0.02 0.02 0.015 0.015 0.015 0.015 0.001 0.001 0.001 0.001 0.001 0.001 0.001 0.001 0.001 0.001 0.001 0.001 0.001 0.001 0.001 0.001 0.001 0.001 0.001 0.001 0.001 0.001 0.001 0.001 0.001 0.0001 0.0001 0.0001 0.0001 0.0001 0.0001 0.0001 0.0001 0.175 
Proportion of infected at cutoff : 0.0100
Proportion of susceptibles at cutoff : 0.9789
(48,0) : 7
(49,1) : 20
(48,2) : 6
(47,0) : 2
(7,0) : 31
(14,0) : 10
(49,0) : 23
(3,0) : 59
(47,1) : 6
(50,0) : 58
(38,0) : 2
(16,0) : 9
(1,0) : 172
(34,0) : 1
(10,0) : 5
(36,4) : 1
(13,0) : 11
(15,0) : 10
(31,1) : 1
(30,1) : 2
(5,0) : 39
(48,1) : 4
(2,0) : 80
(11,1) : 2
(39,1) : 1
(6,0) : 36
(40,2) : 1
(10,1) : 4
(36,0) : 1
(47,2) : 2
(15,1) : 2
(8,0) : 23
(9,0) : 13
(11,0) : 17
(4,0) : 37
(12,1) : 1
(12,0) : 12
(5,3) : 1
(41,0) : 1
(6,1) : 1
(9,1) : 1
(14,1) : 1
(26,0) : 1
(4,1) : 2
(42,3) : 1
(5,1) : 5
(40,0) : 1
(46,4) : 1
(32,3) : 1
(13,1) : 1
(7,1) : 2
(37,0) : 1
(28,1) : 1
(3,1) : 3
(31,0) : 1
(8,1) : 1
(2,1) : 2
(35,0) : 1
(22,1) : 1
(1,1) : 1
(0,0) : 1
