pop size : 10000, betaG : 0.08500, lambdaH : 0.10000, lambdaW : 0.00100, gamma : 0.12500, Tmax : 150.00, threshold of infected : 0.010
0.37 0.32 0.13 0.12 0.04 0.02 
0.2192 0.12 0.08 0.06 0.05 0.045 0.04 0.035 0.03 0.02 0.02 0.02 0.015 0.015 0.015 0.015 0.001 0.001 0.001 0.001 0.001 0.001 0.001 0.001 0.001 0.001 0.001 0.001 0.001 0.001 0.001 0.001 0.001 0.001 0.001 0.001 0.001 0.001 0.001 0.001 0.001 0.0001 0.0001 0.0001 0.0001 0.0001 0.0001 0.0001 0.0001 0.175 
Proportion of infected at cutoff : 0.0100
Proportion of susceptibles at cutoff : 0.9794
(47,2) : 2
(48,1) : 11
(49,1) : 21
(50,0) : 50
(48,0) : 6
(13,0) : 9
(15,0) : 8
(46,3) : 1
(12,0) : 13
(48,2) : 8
(11,0) : 16
(18,1) : 1
(8,0) : 21
(49,0) : 26
(2,0) : 89
(4,0) : 48
(5,0) : 29
(46,2) : 3
(46,0) : 3
(47,3) : 2
(7,0) : 34
(16,0) : 7
(46,4) : 1
(36,0) : 3
(14,0) : 10
(6,0) : 20
(31,0) : 1
(42,2) : 1
(9,0) : 18
(18,0) : 1
(14,1) : 3
(1,0) : 157
(47,1) : 2
(26,1) : 1
(13,1) : 2
(47,0) : 1
(21,0) : 2
(10,1) : 1
(3,0) : 67
(10,0) : 11
(39,1) : 1
(30,1) : 1
(33,0) : 1
(12,1) : 1
(6,1) : 3
(4,1) : 2
(30,0) : 1
(8,1) : 2
(15,1) : 2
(9,1) : 1
(2,1) : 1
(1,1) : 1
(11,1) : 1
(0,1) : 1
