pop size : 10000, betaG : 0.08500, lambdaH : 0.10000, lambdaW : 0.00100, gamma : 0.12500, Tmax : 150.00, threshold of infected : 0.010
0.37 0.32 0.13 0.12 0.04 0.02 
0.2192 0.12 0.08 0.06 0.05 0.045 0.04 0.035 0.03 0.02 0.02 0.02 0.015 0.015 0.015 0.015 0.001 0.001 0.001 0.001 0.001 0.001 0.001 0.001 0.001 0.001 0.001 0.001 0.001 0.001 0.001 0.001 0.001 0.001 0.001 0.001 0.001 0.001 0.001 0.001 0.001 0.0001 0.0001 0.0001 0.0001 0.0001 0.0001 0.0001 0.0001 0.175 
Proportion of infected at cutoff : 0.0100
Proportion of susceptibles at cutoff : 0.9826
(5,0) : 36
(8,0) : 27
(50,0) : 62
(49,0) : 22
(6,0) : 39
(47,2) : 4
(46,0) : 1
(13,0) : 11
(3,0) : 71
(49,1) : 21
(1,0) : 168
(11,0) : 15
(7,0) : 32
(47,3) : 2
(25,0) : 2
(48,1) : 4
(14,0) : 12
(48,2) : 7
(26,0) : 1
(2,0) : 95
(16,0) : 6
(48,0) : 4
(47,1) : 2
(10,0) : 11
(40,0) : 2
(4,0) : 36
(45,3) : 2
(9,0) : 14
(13,1) : 1
(27,0) : 3
(15,0) : 12
(8,1) : 4
(47,0) : 1
(12,0) : 10
(43,4) : 1
(23,1) : 1
(33,2) : 1
(4,1) : 1
(1,1) : 2
(9,1) : 1
(20,1) : 1
(41,0) : 1
(18,0) : 2
(5,1) : 4
(7,1) : 2
(15,1) : 1
(46,2) : 1
(6,1) : 2
(17,1) : 1
(2,1) : 2
(9,2) : 1
(10,1) : 1
(11,1) : 1
(12,1) : 1
(0,1) : 3
