pop size : 10000, betaG : 0.08500, lambdaH : 0.10000, lambdaW : 0.00100, gamma : 0.12500, Tmax : 150.00, threshold of infected : 0.010
0.37 0.32 0.13 0.12 0.04 0.02 
0.2192 0.12 0.08 0.06 0.05 0.045 0.04 0.035 0.03 0.02 0.02 0.02 0.015 0.015 0.015 0.015 0.001 0.001 0.001 0.001 0.001 0.001 0.001 0.001 0.001 0.001 0.001 0.001 0.001 0.001 0.001 0.001 0.001 0.001 0.001 0.001 0.001 0.001 0.001 0.001 0.001 0.0001 0.0001 0.0001 0.0001 0.0001 0.0001 0.0001 0.0001 0.175 
Proportion of infected at cutoff : 0.0100
Proportion of susceptibles at cutoff : 0.9729
(6,0) : 24
(46,2) : 3
(48,0) : 13
(50,0) : 46
(15,0) : 8
(49,0) : 28
(34,0) : 1
(13,0) : 8
(14,0) : 16
(11,0) : 12
(2,0) : 81
(3,0) : 60
(7,0) : 21
(48,2) : 5
(46,1) : 2
(1,0) : 152
(49,1) : 11
(9,0) : 20
(41,0) : 1
(48,1) : 8
(47,1) : 5
(46,0) : 3
(8,0) : 27
(47,2) : 4
(46,3) : 2
(38,1) : 1
(45,3) : 1
(32,0) : 2
(47,0) : 2
(43,6) : 1
(35,0) : 1
(12,0) : 11
(44,4) : 1
(10,2) : 1
(15,1) : 2
(47,3) : 2
(9,1) : 1
(5,0) : 30
(1,1) : 2
(3,1) : 2
(33,0) : 1
(27,0) : 1
(39,0) : 1
(24,0) : 1
(22,0) : 1
(21,0) : 2
(13,1) : 1
(37,0) : 1
(23,0) : 1
(4,0) : 32
(31,1) : 1
(39,1) : 1
(45,0) : 1
(44,1) : 1
(14,1) : 1
(19,0) : 1
(7,1) : 2
(0,0) : 1
(36,1) : 1
(10,0) : 7
(9,2) : 1
(5,1) : 3
(16,0) : 1
(11,1) : 1
(4,1) : 1
