pop size : 10000, betaG : 0.08500, lambdaH : 0.10000, lambdaW : 0.00100, gamma : 0.12500, Tmax : 150.00, threshold of infected : 0.010
0.37 0.32 0.13 0.12 0.04 0.02 
0.2192 0.12 0.08 0.06 0.05 0.045 0.04 0.035 0.03 0.02 0.02 0.02 0.015 0.015 0.015 0.015 0.001 0.001 0.001 0.001 0.001 0.001 0.001 0.001 0.001 0.001 0.001 0.001 0.001 0.001 0.001 0.001 0.001 0.001 0.001 0.001 0.001 0.001 0.001 0.001 0.001 0.0001 0.0001 0.0001 0.0001 0.0001 0.0001 0.0001 0.0001 0.175 
Proportion of infected at cutoff : 0.0100
Proportion of susceptibles at cutoff : 0.9775
(13,1) : 2
(9,0) : 14
(49,1) : 21
(4,0) : 36
(3,0) : 67
(49,0) : 24
(7,0) : 26
(12,0) : 14
(24,1) : 3
(31,2) : 1
(13,0) : 12
(50,0) : 47
(15,0) : 4
(47,1) : 5
(46,1) : 2
(38,0) : 1
(46,2) : 2
(48,0) : 4
(8,0) : 25
(46,3) : 1
(5,0) : 40
(48,1) : 16
(6,0) : 30
(1,0) : 168
(11,1) : 1
(48,2) : 2
(47,2) : 4
(37,0) : 1
(25,0) : 2
(45,2) : 2
(33,0) : 1
(30,0) : 1
(2,0) : 76
(28,0) : 2
(10,0) : 10
(11,0) : 19
(14,0) : 7
(8,1) : 1
(14,1) : 1
(29,0) : 1
(41,0) : 1
(16,0) : 9
(47,0) : 2
(36,0) : 3
(18,0) : 2
(28,2) : 1
(34,0) : 1
(13,2) : 1
(10,1) : 1
(46,0) : 1
(3,1) : 5
(12,1) : 2
(4,1) : 1
(23,3) : 1
(7,1) : 2
(5,1) : 1
(0,1) : 2
(1,1) : 1
(2,1) : 1
