pop size : 10000, betaG : 0.08500, lambdaH : 0.10000, lambdaW : 0.00100, gamma : 0.12500, Tmax : 150.00, threshold of infected : 0.010
0.37 0.32 0.13 0.12 0.04 0.02 
0.2192 0.12 0.08 0.06 0.05 0.045 0.04 0.035 0.03 0.02 0.02 0.02 0.015 0.015 0.015 0.015 0.001 0.001 0.001 0.001 0.001 0.001 0.001 0.001 0.001 0.001 0.001 0.001 0.001 0.001 0.001 0.001 0.001 0.001 0.001 0.001 0.001 0.001 0.001 0.001 0.001 0.0001 0.0001 0.0001 0.0001 0.0001 0.0001 0.0001 0.0001 0.175 
Proportion of infected at cutoff : 0.0100
Proportion of susceptibles at cutoff : 0.9726
(48,0) : 6
(49,0) : 26
(46,0) : 2
(47,0) : 6
(48,1) : 10
(50,0) : 37
(49,1) : 23
(45,1) : 1
(48,2) : 4
(4,0) : 44
(7,0) : 27
(43,1) : 1
(3,0) : 56
(5,0) : 44
(2,0) : 86
(8,0) : 26
(16,0) : 9
(6,0) : 36
(47,1) : 3
(10,0) : 22
(15,0) : 10
(27,0) : 3
(47,3) : 1
(5,1) : 1
(44,3) : 1
(45,2) : 2
(19,0) : 1
(11,0) : 12
(37,0) : 2
(14,0) : 8
(23,1) : 1
(45,3) : 1
(47,2) : 1
(9,0) : 19
(13,0) : 9
(20,0) : 1
(1,0) : 152
(14,1) : 2
(35,1) : 1
(12,1) : 1
(32,0) : 2
(12,0) : 15
(26,0) : 2
(45,0) : 1
(46,1) : 1
(7,1) : 2
(10,1) : 3
(20,1) : 1
(6,1) : 2
(46,2) : 1
(40,0) : 1
(29,0) : 1
(15,1) : 2
(22,2) : 1
(24,0) : 2
(3,1) : 4
(9,1) : 1
(31,0) : 1
(13,1) : 1
(18,0) : 1
(2,1) : 3
(4,1) : 1
(0,0) : 3
(11,3) : 1
(11,1) : 1
(1,2) : 1
(1,1) : 1
(0,1) : 1
