pop size : 10000, betaG : 0.08500, lambdaH : 0.10000, lambdaW : 0.00100, gamma : 0.12500, Tmax : 150.00, threshold of infected : 0.010
0.37 0.32 0.13 0.12 0.04 0.02 
0.2192 0.12 0.08 0.06 0.05 0.045 0.04 0.035 0.03 0.02 0.02 0.02 0.015 0.015 0.015 0.015 0.001 0.001 0.001 0.001 0.001 0.001 0.001 0.001 0.001 0.001 0.001 0.001 0.001 0.001 0.001 0.001 0.001 0.001 0.001 0.001 0.001 0.001 0.001 0.001 0.001 0.0001 0.0001 0.0001 0.0001 0.0001 0.0001 0.0001 0.0001 0.175 
Proportion of infected at cutoff : 0.0100
Proportion of susceptibles at cutoff : 0.9812
(50,0) : 55
(45,1) : 1
(48,2) : 7
(1,0) : 184
(37,0) : 1
(20,1) : 1
(4,0) : 52
(46,1) : 2
(47,1) : 4
(49,1) : 24
(13,0) : 10
(36,1) : 1
(47,3) : 4
(49,0) : 21
(46,0) : 1
(2,0) : 99
(26,0) : 2
(8,0) : 20
(17,0) : 3
(48,1) : 4
(6,0) : 26
(12,0) : 8
(47,0) : 3
(9,0) : 21
(15,0) : 9
(48,0) : 5
(7,0) : 32
(33,0) : 1
(20,0) : 1
(5,0) : 52
(39,0) : 1
(3,0) : 54
(33,1) : 1
(12,1) : 2
(40,0) : 1
(44,0) : 1
(10,0) : 15
(16,0) : 4
(13,1) : 3
(47,2) : 1
(14,0) : 10
(5,1) : 4
(11,0) : 8
(20,2) : 1
(9,1) : 1
(6,1) : 2
(46,2) : 2
(10,2) : 1
(4,2) : 1
(8,1) : 2
(7,1) : 5
(32,0) : 1
(4,1) : 1
(21,0) : 1
(18,0) : 1
(10,1) : 2
(15,1) : 1
(2,1) : 1
