pop size : 10000, betaG : 0.08500, lambdaH : 0.10000, lambdaW : 0.00100, gamma : 0.12500, Tmax : 150.00, threshold of infected : 0.010
0.37 0.32 0.13 0.12 0.04 0.02 
0.2192 0.12 0.08 0.06 0.05 0.045 0.04 0.035 0.03 0.02 0.02 0.02 0.015 0.015 0.015 0.015 0.001 0.001 0.001 0.001 0.001 0.001 0.001 0.001 0.001 0.001 0.001 0.001 0.001 0.001 0.001 0.001 0.001 0.001 0.001 0.001 0.001 0.001 0.001 0.001 0.001 0.0001 0.0001 0.0001 0.0001 0.0001 0.0001 0.0001 0.0001 0.175 
Proportion of infected at cutoff : 0.0100
Proportion of susceptibles at cutoff : 0.9774
(50,0) : 45
(49,0) : 33
(47,1) : 7
(16,0) : 13
(1,0) : 159
(48,0) : 7
(44,4) : 1
(14,0) : 7
(46,2) : 1
(38,0) : 2
(47,2) : 5
(49,1) : 14
(7,0) : 26
(48,1) : 11
(5,0) : 39
(17,0) : 3
(13,1) : 4
(6,1) : 5
(18,0) : 1
(47,0) : 1
(6,0) : 38
(3,0) : 60
(8,0) : 24
(12,1) : 2
(10,0) : 12
(4,1) : 3
(15,0) : 6
(5,1) : 2
(13,0) : 11
(11,0) : 13
(39,0) : 1
(41,0) : 1
(48,2) : 3
(12,0) : 21
(46,1) : 3
(22,0) : 1
(21,0) : 1
(10,1) : 3
(9,0) : 17
(46,4) : 1
(4,0) : 37
(2,0) : 60
(24,0) : 1
(29,0) : 1
(35,0) : 1
(34,1) : 1
(33,0) : 2
(11,1) : 2
(1,1) : 2
(7,1) : 4
(8,1) : 2
(3,1) : 2
(0,1) : 4
(2,1) : 3
(23,0) : 1
(0,0) : 3
