pop size : 10000, betaG : 0.08500, lambdaH : 0.10000, lambdaW : 0.00100, gamma : 0.12500, Tmax : 150.00, threshold of infected : 0.010
0.37 0.32 0.13 0.12 0.04 0.02 
0.2192 0.12 0.08 0.06 0.05 0.045 0.04 0.035 0.03 0.02 0.02 0.02 0.015 0.015 0.015 0.015 0.001 0.001 0.001 0.001 0.001 0.001 0.001 0.001 0.001 0.001 0.001 0.001 0.001 0.001 0.001 0.001 0.001 0.001 0.001 0.001 0.001 0.001 0.001 0.001 0.001 0.0001 0.0001 0.0001 0.0001 0.0001 0.0001 0.0001 0.0001 0.175 
Proportion of infected at cutoff : 0.0100
Proportion of susceptibles at cutoff : 0.9680
(49,0) : 20
(46,2) : 3
(47,3) : 2
(48,1) : 19
(11,0) : 21
(50,0) : 37
(48,0) : 7
(16,0) : 15
(46,3) : 1
(4,0) : 44
(47,0) : 8
(48,2) : 4
(8,0) : 24
(44,0) : 1
(47,1) : 5
(7,0) : 37
(37,0) : 1
(49,1) : 11
(11,1) : 2
(2,0) : 88
(6,0) : 31
(1,0) : 158
(13,0) : 8
(10,0) : 17
(43,1) : 1
(44,1) : 3
(17,0) : 2
(45,3) : 1
(46,1) : 1
(15,0) : 12
(4,1) : 2
(14,0) : 8
(5,0) : 32
(3,0) : 58
(9,0) : 22
(12,0) : 15
(32,1) : 1
(41,1) : 1
(8,1) : 2
(21,0) : 1
(36,0) : 1
(45,0) : 1
(46,0) : 2
(12,1) : 1
(20,0) : 2
(45,2) : 1
(1,1) : 2
(24,0) : 1
(47,2) : 2
(7,1) : 4
(14,1) : 1
(9,1) : 3
(0,0) : 2
(2,1) : 2
(12,2) : 1
(19,2) : 1
(32,0) : 1
(23,0) : 1
(10,1) : 1
(6,1) : 1
(0,1) : 1
