pop size : 10000, betaG : 0.08500, lambdaH : 0.10000, lambdaW : 0.00100, gamma : 0.12500, Tmax : 150.00, threshold of infected : 0.010
0.37 0.32 0.13 0.12 0.04 0.02 
0.2192 0.12 0.08 0.06 0.05 0.045 0.04 0.035 0.03 0.02 0.02 0.02 0.015 0.015 0.015 0.015 0.001 0.001 0.001 0.001 0.001 0.001 0.001 0.001 0.001 0.001 0.001 0.001 0.001 0.001 0.001 0.001 0.001 0.001 0.001 0.001 0.001 0.001 0.001 0.001 0.001 0.0001 0.0001 0.0001 0.0001 0.0001 0.0001 0.0001 0.0001 0.175 
Proportion of infected at cutoff : 0.0100
Proportion of susceptibles at cutoff : 0.9764
(49,0) : 16
(47,1) : 5
(8,0) : 39
(21,0) : 2
(47,2) : 2
(6,0) : 42
(15,0) : 11
(48,2) : 4
(13,0) : 16
(50,0) : 44
(39,0) : 1
(47,0) : 3
(43,3) : 1
(48,1) : 12
(5,0) : 33
(12,0) : 16
(10,0) : 16
(35,0) : 1
(48,0) : 8
(49,1) : 15
(9,0) : 28
(3,0) : 64
(25,0) : 2
(45,1) : 3
(16,0) : 9
(11,0) : 17
(7,0) : 31
(46,2) : 1
(14,1) : 2
(4,1) : 2
(10,1) : 3
(1,0) : 145
(11,1) : 2
(2,0) : 96
(13,2) : 1
(2,1) : 2
(17,0) : 3
(4,0) : 34
(47,3) : 2
(12,2) : 1
(44,3) : 1
(13,1) : 1
(20,0) : 1
(35,1) : 1
(46,0) : 2
(14,0) : 11
(26,0) : 1
(31,1) : 2
(43,0) : 1
(27,0) : 1
(18,1) : 1
(30,0) : 1
(46,3) : 1
(5,1) : 2
(46,1) : 1
(38,0) : 1
(9,2) : 2
(15,1) : 1
(39,1) : 1
(29,0) : 1
(26,1) : 1
(7,1) : 1
(8,1) : 1
(1,1) : 3
(3,1) : 1
