pop size : 10000, betaG : 0.08500, lambdaH : 0.10000, lambdaW : 0.00100, gamma : 0.12500, Tmax : 150.00, threshold of infected : 0.010
0.37 0.32 0.13 0.12 0.04 0.02 
0.2192 0.12 0.08 0.06 0.05 0.045 0.04 0.035 0.03 0.02 0.02 0.02 0.015 0.015 0.015 0.015 0.001 0.001 0.001 0.001 0.001 0.001 0.001 0.001 0.001 0.001 0.001 0.001 0.001 0.001 0.001 0.001 0.001 0.001 0.001 0.001 0.001 0.001 0.001 0.001 0.001 0.0001 0.0001 0.0001 0.0001 0.0001 0.0001 0.0001 0.0001 0.175 
Proportion of infected at cutoff : 0.0100
Proportion of susceptibles at cutoff : 0.9781
(49,1) : 17
(9,0) : 17
(8,0) : 21
(49,0) : 29
(15,0) : 14
(13,0) : 12
(50,0) : 47
(12,0) : 18
(14,0) : 9
(16,0) : 9
(1,0) : 153
(48,0) : 3
(35,1) : 1
(32,0) : 1
(2,0) : 90
(48,2) : 7
(7,0) : 31
(37,0) : 2
(48,1) : 11
(4,0) : 35
(44,5) : 1
(47,0) : 3
(45,1) : 3
(6,0) : 22
(44,0) : 1
(3,0) : 59
(46,2) : 4
(45,2) : 1
(8,1) : 2
(10,0) : 18
(11,0) : 17
(20,1) : 1
(28,0) : 1
(17,0) : 2
(5,0) : 37
(9,1) : 3
(7,1) : 5
(30,0) : 3
(33,0) : 1
(11,1) : 1
(46,3) : 1
(39,0) : 1
(15,1) : 2
(26,0) : 2
(19,0) : 1
(9,2) : 1
(47,2) : 1
(24,0) : 1
(33,1) : 1
(12,1) : 1
(5,1) : 2
(28,1) : 1
(4,1) : 1
(13,1) : 1
(19,1) : 1
(14,1) : 1
(4,2) : 1
(2,1) : 3
(0,0) : 1
(0,1) : 1
(5,2) : 1
(3,1) : 1
