pop size : 10000, betaG : 0.08500, lambdaH : 0.10000, lambdaW : 0.00100, gamma : 0.12500, Tmax : 150.00, threshold of infected : 0.010
0.37 0.32 0.13 0.12 0.04 0.02 
0.2192 0.12 0.08 0.06 0.05 0.045 0.04 0.035 0.03 0.02 0.02 0.02 0.015 0.015 0.015 0.015 0.001 0.001 0.001 0.001 0.001 0.001 0.001 0.001 0.001 0.001 0.001 0.001 0.001 0.001 0.001 0.001 0.001 0.001 0.001 0.001 0.001 0.001 0.001 0.001 0.001 0.0001 0.0001 0.0001 0.0001 0.0001 0.0001 0.0001 0.0001 0.175 
Proportion of infected at cutoff : 0.0100
Proportion of susceptibles at cutoff : 0.9743
(50,0) : 50
(49,1) : 19
(49,0) : 19
(46,1) : 4
(25,0) : 2
(48,1) : 7
(37,0) : 1
(2,0) : 96
(22,0) : 3
(7,0) : 21
(11,0) : 13
(45,3) : 1
(48,2) : 3
(14,0) : 13
(46,2) : 5
(6,0) : 40
(44,5) : 1
(13,0) : 9
(48,0) : 10
(42,0) : 1
(10,0) : 14
(16,0) : 6
(47,3) : 1
(17,0) : 2
(12,0) : 16
(8,0) : 24
(9,0) : 21
(47,0) : 3
(23,0) : 1
(13,1) : 2
(33,0) : 1
(3,0) : 64
(47,1) : 2
(4,0) : 43
(26,0) : 2
(14,1) : 3
(5,0) : 33
(31,0) : 1
(15,0) : 6
(44,1) : 1
(12,1) : 2
(5,1) : 2
(47,2) : 3
(32,1) : 1
(20,1) : 1
(1,0) : 169
(45,1) : 1
(38,0) : 1
(9,1) : 1
(20,0) : 1
(4,1) : 3
(15,1) : 1
(37,3) : 1
(18,0) : 1
(28,0) : 1
(8,1) : 1
(43,4) : 1
(0,0) : 4
(10,1) : 1
(6,1) : 1
(7,1) : 1
(1,1) : 2
(11,1) : 1
(0,1) : 2
(2,1) : 1
