pop size : 10000, betaG : 0.08500, lambdaH : 0.10000, lambdaW : 0.00100, gamma : 0.12500, Tmax : 150.00, threshold of infected : 0.010
0.37 0.32 0.13 0.12 0.04 0.02 
0.2192 0.12 0.08 0.06 0.05 0.045 0.04 0.035 0.03 0.02 0.02 0.02 0.015 0.015 0.015 0.015 0.001 0.001 0.001 0.001 0.001 0.001 0.001 0.001 0.001 0.001 0.001 0.001 0.001 0.001 0.001 0.001 0.001 0.001 0.001 0.001 0.001 0.001 0.001 0.001 0.001 0.0001 0.0001 0.0001 0.0001 0.0001 0.0001 0.0001 0.0001 0.175 
Proportion of infected at cutoff : 0.0100
Proportion of susceptibles at cutoff : 0.9784
(49,1) : 19
(22,0) : 2
(8,0) : 28
(50,0) : 58
(12,2) : 1
(47,2) : 4
(13,0) : 15
(30,1) : 1
(16,0) : 11
(5,0) : 43
(28,1) : 1
(48,0) : 7
(49,0) : 14
(48,1) : 10
(44,3) : 1
(34,0) : 1
(4,0) : 36
(10,0) : 20
(9,0) : 26
(11,0) : 9
(46,3) : 1
(14,0) : 9
(43,2) : 1
(45,2) : 1
(32,0) : 2
(6,0) : 32
(1,0) : 160
(12,0) : 16
(23,0) : 1
(3,0) : 71
(7,0) : 20
(8,1) : 1
(2,0) : 93
(35,0) : 1
(26,0) : 2
(33,1) : 1
(15,0) : 7
(48,2) : 5
(20,0) : 1
(42,3) : 1
(46,0) : 1
(10,1) : 1
(39,0) : 2
(15,1) : 1
(46,2) : 2
(6,1) : 4
(12,1) : 2
(43,3) : 1
(9,1) : 1
(47,1) : 1
(31,2) : 1
(20,1) : 1
(34,1) : 1
(5,1) : 2
(47,0) : 1
(36,2) : 1
(18,0) : 1
(2,1) : 1
(25,2) : 1
(3,1) : 2
(0,1) : 2
(1,1) : 2
