pop size : 10000, betaG : 0.08500, lambdaH : 0.10000, lambdaW : 0.00100, gamma : 0.12500, Tmax : 150.00, threshold of infected : 0.010
0.37 0.32 0.13 0.12 0.04 0.02 
0.2192 0.12 0.08 0.06 0.05 0.045 0.04 0.035 0.03 0.02 0.02 0.02 0.015 0.015 0.015 0.015 0.001 0.001 0.001 0.001 0.001 0.001 0.001 0.001 0.001 0.001 0.001 0.001 0.001 0.001 0.001 0.001 0.001 0.001 0.001 0.001 0.001 0.001 0.001 0.001 0.001 0.0001 0.0001 0.0001 0.0001 0.0001 0.0001 0.0001 0.0001 0.175 
Proportion of infected at cutoff : 0.0100
Proportion of susceptibles at cutoff : 0.9746
(2,0) : 106
(45,1) : 3
(11,0) : 19
(49,1) : 15
(9,0) : 26
(50,0) : 47
(48,0) : 7
(27,0) : 3
(4,0) : 44
(49,0) : 28
(3,0) : 54
(47,3) : 2
(45,2) : 1
(1,0) : 183
(36,0) : 2
(40,0) : 1
(41,0) : 1
(7,0) : 34
(47,1) : 4
(44,5) : 1
(8,0) : 19
(48,1) : 7
(22,1) : 1
(46,0) : 1
(10,0) : 17
(31,0) : 2
(14,0) : 7
(6,0) : 28
(47,0) : 1
(47,2) : 4
(13,0) : 10
(12,0) : 13
(7,1) : 1
(45,0) : 1
(9,1) : 1
(44,2) : 1
(48,2) : 5
(15,1) : 2
(46,3) : 1
(46,2) : 1
(5,0) : 34
(10,1) : 3
(44,3) : 1
(28,0) : 2
(16,0) : 7
(0,1) : 2
(45,3) : 1
(15,0) : 5
(39,0) : 1
(4,1) : 2
(38,0) : 1
(8,1) : 1
(6,1) : 2
(18,0) : 1
(13,1) : 1
(11,1) : 1
(37,0) : 1
(10,2) : 1
(14,1) : 1
(1,1) : 2
(5,1) : 1
(8,2) : 1
(0,0) : 4
(2,2) : 1
