pop size : 10000, betaG : 0.08500, lambdaH : 0.10000, lambdaW : 0.00100, gamma : 0.12500, Tmax : 150.00, threshold of infected : 0.010
0.37 0.32 0.13 0.12 0.04 0.02 
0.2192 0.12 0.08 0.06 0.05 0.045 0.04 0.035 0.03 0.02 0.02 0.02 0.015 0.015 0.015 0.015 0.001 0.001 0.001 0.001 0.001 0.001 0.001 0.001 0.001 0.001 0.001 0.001 0.001 0.001 0.001 0.001 0.001 0.001 0.001 0.001 0.001 0.001 0.001 0.001 0.001 0.0001 0.0001 0.0001 0.0001 0.0001 0.0001 0.0001 0.0001 0.175 
Proportion of infected at cutoff : 0.0100
Proportion of susceptibles at cutoff : 0.9726
(12,0) : 16
(28,0) : 1
(49,1) : 11
(48,0) : 10
(50,0) : 39
(49,0) : 25
(2,0) : 98
(41,4) : 1
(7,0) : 38
(11,0) : 11
(8,1) : 2
(48,1) : 6
(47,0) : 6
(46,1) : 1
(1,0) : 169
(16,0) : 12
(8,0) : 26
(10,0) : 20
(38,2) : 2
(47,1) : 4
(46,0) : 3
(47,2) : 4
(36,1) : 1
(35,0) : 1
(30,0) : 1
(45,2) : 1
(47,3) : 3
(15,0) : 12
(9,0) : 28
(31,0) : 1
(46,2) : 3
(5,0) : 43
(5,1) : 3
(40,1) : 2
(3,0) : 64
(37,0) : 1
(4,0) : 42
(19,0) : 1
(44,1) : 1
(48,2) : 4
(45,1) : 1
(14,0) : 8
(27,1) : 1
(11,2) : 1
(34,0) : 2
(27,0) : 1
(6,0) : 28
(13,0) : 6
(3,2) : 1
(6,1) : 4
(38,0) : 1
(20,1) : 1
(4,1) : 2
(36,0) : 1
(34,1) : 1
(3,1) : 4
(33,0) : 1
(11,1) : 1
(21,0) : 1
(24,0) : 1
(9,1) : 2
(0,0) : 6
(2,1) : 4
(20,0) : 1
(1,1) : 1
(0,1) : 2
