pop size : 10000, betaG : 0.08500, lambdaH : 0.10000, lambdaW : 0.00100, gamma : 0.12500, Tmax : 150.00, threshold of infected : 0.010
0.37 0.32 0.13 0.12 0.04 0.02 
0.2192 0.12 0.08 0.06 0.05 0.045 0.04 0.035 0.03 0.02 0.02 0.02 0.015 0.015 0.015 0.015 0.001 0.001 0.001 0.001 0.001 0.001 0.001 0.001 0.001 0.001 0.001 0.001 0.001 0.001 0.001 0.001 0.001 0.001 0.001 0.001 0.001 0.001 0.001 0.001 0.001 0.0001 0.0001 0.0001 0.0001 0.0001 0.0001 0.0001 0.0001 0.175 
Proportion of infected at cutoff : 0.0100
Proportion of susceptibles at cutoff : 0.9789
(11,0) : 23
(50,0) : 58
(12,0) : 12
(5,0) : 34
(49,1) : 20
(49,0) : 18
(14,0) : 10
(47,0) : 5
(44,1) : 1
(16,0) : 8
(48,2) : 4
(1,0) : 162
(18,0) : 1
(47,3) : 3
(4,0) : 48
(9,0) : 18
(48,1) : 8
(2,0) : 86
(15,0) : 16
(13,0) : 13
(8,0) : 20
(27,1) : 1
(46,2) : 3
(6,0) : 30
(10,0) : 15
(47,1) : 4
(7,0) : 23
(33,0) : 1
(21,0) : 2
(48,0) : 1
(27,3) : 1
(29,0) : 1
(26,1) : 1
(25,1) : 1
(35,1) : 1
(19,0) : 1
(47,2) : 3
(27,0) : 1
(3,1) : 3
(46,0) : 1
(46,1) : 1
(43,0) : 1
(36,0) : 1
(28,0) : 2
(14,1) : 2
(39,0) : 1
(5,1) : 3
(3,0) : 51
(46,4) : 1
(12,1) : 1
(8,1) : 3
(18,1) : 1
(0,1) : 3
(7,1) : 1
(4,1) : 3
(13,2) : 1
(11,1) : 1
(1,1) : 2
(9,1) : 1
(0,0) : 1
