pop size : 10000, betaG : 0.08500, lambdaH : 0.10000, lambdaW : 0.00100, gamma : 0.12500, Tmax : 150.00, threshold of infected : 0.010
0.37 0.32 0.13 0.12 0.04 0.02 
0.2192 0.12 0.08 0.06 0.05 0.045 0.04 0.035 0.03 0.02 0.02 0.02 0.015 0.015 0.015 0.015 0.001 0.001 0.001 0.001 0.001 0.001 0.001 0.001 0.001 0.001 0.001 0.001 0.001 0.001 0.001 0.001 0.001 0.001 0.001 0.001 0.001 0.001 0.001 0.001 0.001 0.0001 0.0001 0.0001 0.0001 0.0001 0.0001 0.0001 0.0001 0.175 
Proportion of infected at cutoff : 0.0100
Proportion of susceptibles at cutoff : 0.9723
(49,0) : 28
(11,0) : 12
(33,0) : 1
(43,2) : 1
(6,0) : 43
(7,1) : 2
(47,1) : 6
(1,0) : 163
(43,3) : 2
(49,1) : 24
(48,0) : 9
(50,0) : 35
(46,0) : 4
(10,0) : 16
(2,0) : 85
(9,0) : 21
(15,0) : 15
(13,0) : 12
(15,1) : 2
(48,1) : 8
(48,2) : 3
(44,0) : 2
(5,0) : 35
(44,1) : 1
(4,0) : 35
(36,0) : 1
(12,0) : 15
(37,0) : 1
(8,0) : 9
(11,1) : 2
(47,2) : 3
(39,0) : 2
(45,1) : 2
(3,0) : 58
(44,4) : 1
(10,1) : 2
(27,0) : 2
(47,3) : 1
(14,0) : 6
(30,0) : 2
(47,0) : 2
(2,1) : 2
(16,0) : 5
(46,2) : 1
(45,2) : 1
(7,0) : 35
(44,3) : 1
(17,0) : 1
(8,1) : 3
(3,1) : 2
(9,1) : 1
(25,0) : 1
(28,0) : 1
(14,1) : 2
(8,2) : 1
(18,0) : 1
(0,0) : 2
(17,1) : 1
(5,1) : 1
(4,1) : 1
(7,2) : 1
