pop size : 10000, betaG : 0.08500, lambdaH : 0.10000, lambdaW : 0.00100, gamma : 0.12500, Tmax : 150.00, threshold of infected : 0.010
0.37 0.32 0.13 0.12 0.04 0.02 
0.2192 0.12 0.08 0.06 0.05 0.045 0.04 0.035 0.03 0.02 0.02 0.02 0.015 0.015 0.015 0.015 0.001 0.001 0.001 0.001 0.001 0.001 0.001 0.001 0.001 0.001 0.001 0.001 0.001 0.001 0.001 0.001 0.001 0.001 0.001 0.001 0.001 0.001 0.001 0.001 0.001 0.0001 0.0001 0.0001 0.0001 0.0001 0.0001 0.0001 0.0001 0.175 
Proportion of infected at cutoff : 0.0100
Proportion of susceptibles at cutoff : 0.9773
(4,0) : 43
(33,1) : 1
(50,0) : 55
(13,0) : 10
(27,1) : 1
(49,0) : 20
(39,0) : 3
(8,0) : 28
(48,0) : 7
(47,0) : 2
(48,1) : 8
(45,5) : 1
(46,1) : 3
(47,3) : 2
(16,0) : 18
(7,0) : 30
(37,0) : 1
(30,2) : 1
(49,1) : 12
(30,0) : 2
(23,0) : 2
(15,0) : 11
(15,1) : 2
(2,0) : 91
(10,0) : 16
(6,0) : 39
(33,0) : 1
(9,0) : 16
(5,0) : 36
(44,0) : 1
(3,0) : 51
(14,0) : 9
(18,0) : 1
(48,2) : 2
(17,0) : 1
(46,4) : 2
(12,0) : 10
(33,2) : 1
(45,1) : 2
(47,1) : 2
(1,0) : 167
(4,1) : 1
(30,1) : 1
(20,0) : 1
(13,1) : 3
(42,4) : 1
(45,3) : 1
(14,1) : 2
(3,1) : 4
(47,2) : 1
(25,1) : 1
(41,0) : 1
(44,2) : 1
(21,1) : 1
(11,0) : 9
(11,1) : 1
(9,1) : 2
(34,0) : 1
(1,1) : 3
(5,1) : 5
(35,0) : 2
(32,0) : 1
(36,0) : 1
(26,0) : 1
(23,2) : 1
(21,0) : 1
(0,0) : 4
(6,2) : 1
(6,1) : 1
(2,1) : 2
