pop size : 10000, betaG : 0.08500, lambdaH : 0.10000, lambdaW : 0.00100, gamma : 0.12500, Tmax : 150.00, threshold of infected : 0.010
0.37 0.32 0.13 0.12 0.04 0.02 
0.2192 0.12 0.08 0.06 0.05 0.045 0.04 0.035 0.03 0.02 0.02 0.02 0.015 0.015 0.015 0.015 0.001 0.001 0.001 0.001 0.001 0.001 0.001 0.001 0.001 0.001 0.001 0.001 0.001 0.001 0.001 0.001 0.001 0.001 0.001 0.001 0.001 0.001 0.001 0.001 0.001 0.0001 0.0001 0.0001 0.0001 0.0001 0.0001 0.0001 0.0001 0.175 
Proportion of infected at cutoff : 0.0100
Proportion of susceptibles at cutoff : 0.9804
(50,0) : 56
(3,0) : 51
(49,1) : 18
(8,0) : 25
(48,2) : 5
(35,0) : 3
(5,0) : 38
(6,0) : 38
(1,0) : 174
(2,0) : 77
(49,0) : 16
(9,0) : 21
(7,0) : 20
(36,1) : 1
(47,1) : 3
(12,0) : 15
(15,0) : 12
(25,0) : 1
(31,0) : 1
(14,0) : 11
(11,0) : 16
(46,1) : 1
(19,1) : 1
(42,0) : 1
(12,1) : 4
(47,3) : 4
(47,2) : 2
(28,1) : 1
(48,1) : 12
(10,0) : 9
(48,0) : 5
(38,0) : 1
(4,1) : 1
(16,0) : 13
(19,0) : 2
(26,0) : 2
(46,3) : 3
(13,0) : 8
(28,2) : 1
(47,0) : 1
(24,0) : 2
(27,0) : 1
(7,1) : 1
(17,0) : 1
(10,1) : 1
(11,1) : 2
(46,2) : 2
(5,3) : 1
(32,0) : 1
(4,0) : 44
(28,0) : 1
(21,0) : 1
(40,0) : 1
(9,2) : 1
(30,0) : 1
(5,1) : 1
(6,1) : 2
(2,1) : 1
(20,1) : 1
(8,1) : 1
(3,1) : 1
(0,0) : 2
(0,1) : 1
