pop size : 10000, betaG : 0.08500, lambdaH : 0.10000, lambdaW : 0.00100, gamma : 0.12500, Tmax : 150.00, threshold of infected : 0.010
0.37 0.32 0.13 0.12 0.04 0.02 
0.2192 0.12 0.08 0.06 0.05 0.045 0.04 0.035 0.03 0.02 0.02 0.02 0.015 0.015 0.015 0.015 0.001 0.001 0.001 0.001 0.001 0.001 0.001 0.001 0.001 0.001 0.001 0.001 0.001 0.001 0.001 0.001 0.001 0.001 0.001 0.001 0.001 0.001 0.001 0.001 0.001 0.0001 0.0001 0.0001 0.0001 0.0001 0.0001 0.0001 0.0001 0.175 
Proportion of infected at cutoff : 0.0100
Proportion of susceptibles at cutoff : 0.9723
(5,0) : 33
(46,1) : 6
(8,0) : 22
(47,0) : 7
(48,0) : 10
(48,1) : 6
(49,0) : 28
(50,0) : 42
(48,2) : 3
(13,1) : 2
(1,0) : 161
(16,0) : 6
(40,0) : 3
(3,0) : 66
(41,0) : 2
(47,2) : 5
(49,1) : 17
(47,1) : 3
(12,0) : 14
(7,0) : 22
(13,0) : 7
(43,5) : 1
(47,3) : 1
(8,1) : 2
(6,0) : 19
(2,0) : 114
(4,0) : 45
(15,1) : 1
(42,1) : 1
(23,0) : 1
(2,1) : 2
(11,0) : 14
(14,0) : 6
(46,2) : 2
(10,0) : 13
(44,1) : 1
(15,0) : 5
(46,0) : 2
(46,4) : 1
(24,0) : 1
(28,1) : 1
(35,2) : 1
(18,0) : 1
(45,4) : 1
(12,1) : 1
(9,0) : 14
(45,1) : 1
(46,3) : 1
(9,1) : 2
(31,1) : 1
(25,1) : 1
(11,1) : 1
(19,0) : 2
(34,1) : 1
(7,1) : 1
(24,1) : 1
(14,1) : 1
(0,1) : 1
(9,2) : 1
(3,1) : 1
(33,0) : 1
(5,1) : 1
(27,0) : 1
(1,1) : 1
(0,0) : 1
