pop size : 10000, betaG : 0.08500, lambdaH : 0.10000, lambdaW : 0.00100, gamma : 0.12500, Tmax : 150.00, threshold of infected : 0.010
0.37 0.32 0.13 0.12 0.04 0.02 
0.2192 0.12 0.08 0.06 0.05 0.045 0.04 0.035 0.03 0.02 0.02 0.02 0.015 0.015 0.015 0.015 0.001 0.001 0.001 0.001 0.001 0.001 0.001 0.001 0.001 0.001 0.001 0.001 0.001 0.001 0.001 0.001 0.001 0.001 0.001 0.001 0.001 0.001 0.001 0.001 0.001 0.0001 0.0001 0.0001 0.0001 0.0001 0.0001 0.0001 0.0001 0.175 
Proportion of infected at cutoff : 0.0100
Proportion of susceptibles at cutoff : 0.9778
(50,0) : 50
(42,4) : 1
(39,1) : 1
(4,0) : 52
(48,2) : 5
(49,1) : 21
(12,0) : 5
(8,0) : 35
(46,3) : 1
(49,0) : 22
(48,1) : 9
(47,1) : 4
(1,0) : 175
(44,2) : 1
(6,0) : 27
(14,0) : 11
(3,0) : 68
(2,0) : 79
(48,0) : 6
(47,0) : 3
(5,0) : 21
(30,0) : 1
(46,1) : 2
(2,1) : 3
(7,0) : 29
(13,0) : 11
(11,0) : 15
(9,0) : 19
(46,0) : 1
(16,0) : 9
(10,0) : 16
(31,0) : 2
(9,1) : 2
(46,2) : 2
(15,0) : 10
(25,0) : 1
(7,1) : 1
(38,1) : 1
(32,0) : 3
(35,0) : 1
(15,1) : 2
(45,2) : 1
(37,0) : 1
(16,1) : 1
(33,1) : 1
(47,3) : 2
(26,0) : 1
(13,1) : 2
(46,4) : 1
(4,3) : 1
(8,1) : 2
(14,1) : 3
(17,0) : 1
(10,1) : 2
(7,2) : 1
(11,1) : 1
(20,0) : 1
(27,0) : 1
(0,0) : 1
(5,1) : 1
(0,1) : 1
