pop size : 10000, betaG : 0.08500, lambdaH : 0.10000, lambdaW : 0.00100, gamma : 0.12500, Tmax : 150.00, threshold of infected : 0.010
0.37 0.32 0.13 0.12 0.04 0.02 
0.2192 0.12 0.08 0.06 0.05 0.045 0.04 0.035 0.03 0.02 0.02 0.02 0.015 0.015 0.015 0.015 0.001 0.001 0.001 0.001 0.001 0.001 0.001 0.001 0.001 0.001 0.001 0.001 0.001 0.001 0.001 0.001 0.001 0.001 0.001 0.001 0.001 0.001 0.001 0.001 0.001 0.0001 0.0001 0.0001 0.0001 0.0001 0.0001 0.0001 0.0001 0.175 
Proportion of infected at cutoff : 0.0100
Proportion of susceptibles at cutoff : 0.9800
(50,0) : 50
(9,1) : 1
(49,0) : 20
(47,0) : 1
(49,1) : 22
(13,0) : 17
(9,0) : 16
(6,0) : 26
(47,3) : 2
(8,0) : 25
(10,0) : 14
(45,1) : 1
(7,0) : 39
(1,0) : 172
(28,0) : 1
(15,1) : 2
(48,1) : 7
(16,0) : 13
(12,0) : 13
(24,0) : 1
(43,3) : 1
(48,2) : 9
(48,0) : 8
(47,2) : 3
(3,0) : 61
(4,0) : 49
(2,0) : 96
(46,2) : 2
(5,0) : 43
(11,0) : 13
(14,1) : 1
(36,1) : 1
(22,0) : 1
(14,0) : 10
(15,0) : 9
(37,1) : 2
(35,0) : 1
(46,4) : 1
(6,2) : 1
(34,1) : 1
(13,1) : 2
(4,1) : 1
(29,0) : 1
(21,1) : 1
(47,1) : 2
(31,0) : 2
(6,1) : 3
(20,0) : 1
(26,0) : 1
(10,1) : 2
(9,2) : 1
(41,0) : 1
(8,1) : 1
(3,1) : 1
(7,1) : 2
(0,1) : 1
(1,1) : 1
(0,0) : 1
