pop size : 10000, betaG : 0.08500, lambdaH : 0.10000, lambdaW : 0.00100, gamma : 0.12500, Tmax : 150.00, threshold of infected : 0.010
0.37 0.32 0.13 0.12 0.04 0.02 
0.2192 0.12 0.08 0.06 0.05 0.045 0.04 0.035 0.03 0.02 0.02 0.02 0.015 0.015 0.015 0.015 0.001 0.001 0.001 0.001 0.001 0.001 0.001 0.001 0.001 0.001 0.001 0.001 0.001 0.001 0.001 0.001 0.001 0.001 0.001 0.001 0.001 0.001 0.001 0.001 0.001 0.0001 0.0001 0.0001 0.0001 0.0001 0.0001 0.0001 0.0001 0.175 
Proportion of infected at cutoff : 0.0100
Proportion of susceptibles at cutoff : 0.9779
(49,0) : 17
(46,1) : 2
(11,0) : 23
(50,0) : 49
(13,0) : 8
(6,0) : 42
(49,1) : 17
(48,1) : 12
(1,0) : 200
(14,0) : 5
(36,0) : 2
(45,0) : 1
(48,0) : 7
(4,0) : 58
(9,0) : 26
(7,0) : 36
(5,0) : 50
(3,0) : 53
(23,0) : 3
(44,5) : 1
(15,0) : 11
(40,0) : 2
(2,0) : 87
(47,3) : 2
(48,2) : 3
(10,0) : 16
(12,0) : 13
(46,3) : 1
(47,2) : 7
(8,0) : 22
(46,0) : 2
(8,1) : 3
(30,0) : 1
(47,1) : 2
(19,0) : 1
(10,1) : 4
(16,0) : 9
(29,2) : 1
(29,0) : 1
(4,1) : 1
(24,1) : 1
(45,1) : 1
(14,1) : 4
(11,1) : 1
(28,0) : 1
(38,0) : 1
(43,2) : 1
(13,1) : 3
(7,1) : 2
(25,0) : 2
(9,1) : 1
(6,1) : 2
(12,1) : 1
(5,1) : 1
(3,1) : 2
(0,0) : 2
(2,1) : 1
(0,1) : 1
