pop size : 10000, betaG : 0.08500, lambdaH : 0.10000, lambdaW : 0.00100, gamma : 0.12500, Tmax : 150.00, threshold of infected : 0.010
0.37 0.32 0.13 0.12 0.04 0.02 
0.2192 0.12 0.08 0.06 0.05 0.045 0.04 0.035 0.03 0.02 0.02 0.02 0.015 0.015 0.015 0.015 0.001 0.001 0.001 0.001 0.001 0.001 0.001 0.001 0.001 0.001 0.001 0.001 0.001 0.001 0.001 0.001 0.001 0.001 0.001 0.001 0.001 0.001 0.001 0.001 0.001 0.0001 0.0001 0.0001 0.0001 0.0001 0.0001 0.0001 0.0001 0.175 
Proportion of infected at cutoff : 0.0100
Proportion of susceptibles at cutoff : 0.9697
(48,1) : 6
(49,1) : 13
(47,2) : 3
(16,0) : 10
(50,0) : 40
(48,2) : 4
(47,1) : 6
(11,0) : 18
(4,0) : 46
(45,2) : 3
(43,1) : 1
(2,0) : 95
(47,0) : 4
(6,0) : 30
(3,0) : 57
(5,0) : 29
(15,0) : 11
(1,0) : 152
(49,0) : 26
(10,0) : 21
(35,1) : 1
(32,0) : 1
(17,0) : 1
(7,0) : 26
(48,0) : 11
(35,0) : 2
(45,1) : 1
(22,0) : 1
(14,0) : 11
(7,1) : 2
(9,0) : 24
(30,0) : 1
(46,3) : 2
(44,6) : 1
(44,0) : 2
(24,1) : 1
(45,5) : 1
(8,0) : 26
(45,4) : 1
(44,4) : 1
(28,0) : 1
(43,0) : 1
(29,1) : 1
(46,2) : 1
(45,0) : 1
(14,1) : 3
(6,1) : 2
(13,0) : 6
(31,0) : 1
(18,0) : 1
(12,0) : 7
(46,0) : 3
(5,1) : 3
(47,3) : 1
(21,0) : 1
(34,1) : 1
(3,1) : 1
(42,1) : 1
(39,0) : 1
(8,1) : 1
(10,1) : 1
(10,2) : 1
(3,2) : 1
(1,1) : 1
(0,0) : 2
