pop size : 10000, betaG : 0.08500, lambdaH : 0.10000, lambdaW : 0.00100, gamma : 0.12500, Tmax : 150.00, threshold of infected : 0.010
0.37 0.32 0.13 0.12 0.04 0.02 
0.2192 0.12 0.08 0.06 0.05 0.045 0.04 0.035 0.03 0.02 0.02 0.02 0.015 0.015 0.015 0.015 0.001 0.001 0.001 0.001 0.001 0.001 0.001 0.001 0.001 0.001 0.001 0.001 0.001 0.001 0.001 0.001 0.001 0.001 0.001 0.001 0.001 0.001 0.001 0.001 0.001 0.0001 0.0001 0.0001 0.0001 0.0001 0.0001 0.0001 0.0001 0.175 
Proportion of infected at cutoff : 0.0100
Proportion of susceptibles at cutoff : 0.9805
(44,5) : 1
(49,1) : 14
(50,0) : 63
(47,2) : 4
(49,0) : 20
(29,1) : 1
(5,0) : 37
(13,0) : 10
(10,0) : 17
(3,0) : 54
(48,1) : 8
(11,0) : 19
(11,1) : 2
(4,0) : 47
(41,1) : 1
(7,0) : 37
(48,0) : 6
(2,0) : 80
(47,3) : 3
(14,0) : 11
(44,3) : 1
(6,0) : 34
(9,0) : 18
(15,0) : 11
(12,0) : 9
(3,1) : 1
(16,0) : 5
(8,0) : 25
(46,1) : 1
(47,0) : 2
(47,1) : 2
(33,0) : 1
(26,1) : 1
(48,2) : 3
(10,1) : 3
(38,1) : 1
(1,0) : 214
(25,2) : 1
(27,1) : 1
(23,0) : 2
(27,2) : 1
(23,1) : 1
(46,2) : 1
(25,0) : 2
(43,2) : 1
(16,1) : 1
(35,1) : 1
(14,1) : 2
(31,1) : 1
(21,1) : 1
(6,1) : 2
(9,2) : 1
(26,0) : 1
(19,0) : 1
(5,1) : 5
(4,1) : 1
(1,1) : 2
(7,1) : 2
(9,1) : 1
(12,1) : 1
(0,0) : 1
(0,1) : 2
