pop size : 10000, betaG : 0.08500, lambdaH : 0.10000, lambdaW : 0.00100, gamma : 0.12500, Tmax : 150.00, threshold of infected : 0.010
0.37 0.32 0.13 0.12 0.04 0.02 
0.2192 0.12 0.08 0.06 0.05 0.045 0.04 0.035 0.03 0.02 0.02 0.02 0.015 0.015 0.015 0.015 0.001 0.001 0.001 0.001 0.001 0.001 0.001 0.001 0.001 0.001 0.001 0.001 0.001 0.001 0.001 0.001 0.001 0.001 0.001 0.001 0.001 0.001 0.001 0.001 0.001 0.0001 0.0001 0.0001 0.0001 0.0001 0.0001 0.0001 0.0001 0.175 
Proportion of infected at cutoff : 0.0100
Proportion of susceptibles at cutoff : 0.9825
(15,0) : 11
(48,1) : 10
(12,0) : 13
(49,0) : 20
(49,1) : 25
(50,0) : 56
(7,0) : 24
(48,2) : 7
(4,0) : 52
(34,0) : 1
(9,0) : 21
(1,0) : 176
(40,4) : 1
(30,1) : 1
(5,0) : 39
(46,3) : 1
(48,0) : 1
(6,0) : 29
(22,0) : 1
(14,0) : 16
(47,2) : 2
(37,1) : 1
(28,0) : 2
(16,0) : 15
(11,0) : 9
(35,0) : 1
(42,3) : 1
(3,0) : 63
(36,1) : 1
(20,0) : 1
(33,1) : 1
(13,0) : 7
(8,0) : 30
(33,0) : 2
(45,5) : 1
(18,0) : 2
(47,3) : 1
(38,0) : 1
(2,0) : 83
(10,1) : 1
(10,0) : 11
(7,1) : 2
(9,1) : 1
(46,1) : 1
(47,1) : 1
(24,0) : 1
(13,1) : 2
(5,1) : 2
(12,1) : 2
(6,1) : 1
(47,0) : 1
(14,1) : 2
(37,0) : 1
(15,1) : 1
(11,1) : 2
(19,0) : 1
(0,0) : 2
(8,1) : 2
(3,1) : 3
(0,1) : 2
