pop size : 10000, betaG : 0.08500, lambdaH : 0.10000, lambdaW : 0.00100, gamma : 0.12500, Tmax : 150.00, threshold of infected : 0.010
0.37 0.32 0.13 0.12 0.04 0.02 
0.2192 0.12 0.08 0.06 0.05 0.045 0.04 0.035 0.03 0.02 0.02 0.02 0.015 0.015 0.015 0.015 0.001 0.001 0.001 0.001 0.001 0.001 0.001 0.001 0.001 0.001 0.001 0.001 0.001 0.001 0.001 0.001 0.001 0.001 0.001 0.001 0.001 0.001 0.001 0.001 0.001 0.0001 0.0001 0.0001 0.0001 0.0001 0.0001 0.0001 0.0001 0.175 
Proportion of infected at cutoff : 0.0100
Proportion of susceptibles at cutoff : 0.9804
(8,0) : 22
(10,0) : 19
(9,0) : 24
(6,0) : 33
(4,0) : 53
(50,0) : 47
(30,0) : 2
(48,1) : 6
(3,0) : 68
(14,0) : 11
(36,1) : 1
(16,0) : 7
(1,0) : 177
(23,0) : 1
(49,0) : 15
(49,1) : 19
(7,0) : 41
(48,0) : 7
(48,2) : 9
(46,4) : 1
(47,2) : 2
(15,0) : 12
(47,0) : 2
(11,0) : 23
(5,0) : 51
(12,0) : 15
(33,0) : 1
(47,1) : 4
(2,0) : 117
(45,4) : 1
(27,0) : 2
(11,1) : 4
(25,0) : 2
(34,2) : 1
(22,0) : 2
(45,3) : 2
(39,0) : 3
(21,0) : 1
(7,1) : 2
(4,1) : 2
(26,0) : 1
(13,0) : 7
(22,1) : 1
(15,1) : 1
(17,1) : 1
(35,0) : 2
(17,0) : 3
(19,0) : 1
(43,2) : 1
(24,1) : 1
(31,0) : 2
(45,2) : 1
(10,1) : 2
(20,0) : 1
(12,1) : 3
(14,1) : 1
(3,1) : 3
(8,1) : 1
(0,1) : 2
(9,1) : 1
(7,2) : 1
(1,1) : 1
(0,0) : 1
