pop size : 10000, betaG : 0.08500, lambdaH : 0.10000, lambdaW : 0.00100, gamma : 0.12500, Tmax : 150.00, threshold of infected : 0.010
0.37 0.32 0.13 0.12 0.04 0.02 
0.2192 0.12 0.08 0.06 0.05 0.045 0.04 0.035 0.03 0.02 0.02 0.02 0.015 0.015 0.015 0.015 0.001 0.001 0.001 0.001 0.001 0.001 0.001 0.001 0.001 0.001 0.001 0.001 0.001 0.001 0.001 0.001 0.001 0.001 0.001 0.001 0.001 0.001 0.001 0.001 0.001 0.0001 0.0001 0.0001 0.0001 0.0001 0.0001 0.0001 0.0001 0.175 
Proportion of infected at cutoff : 0.0100
Proportion of susceptibles at cutoff : 0.9763
(47,1) : 7
(49,1) : 14
(6,1) : 1
(48,0) : 10
(35,0) : 1
(8,0) : 21
(1,0) : 141
(16,0) : 7
(50,0) : 50
(49,0) : 24
(48,2) : 2
(48,1) : 10
(9,0) : 13
(33,1) : 1
(26,0) : 1
(33,0) : 2
(3,0) : 55
(11,0) : 15
(40,6) : 1
(4,0) : 39
(42,1) : 1
(46,3) : 1
(6,0) : 32
(47,2) : 5
(7,0) : 26
(5,0) : 33
(12,0) : 12
(37,0) : 3
(1,1) : 1
(10,0) : 17
(44,0) : 2
(47,3) : 3
(9,1) : 2
(25,0) : 1
(32,0) : 1
(47,0) : 1
(13,0) : 7
(46,1) : 2
(2,0) : 83
(41,6) : 1
(21,0) : 1
(41,0) : 3
(15,0) : 4
(24,0) : 2
(30,0) : 1
(28,0) : 1
(4,1) : 3
(8,1) : 2
(5,1) : 3
(14,0) : 8
(20,0) : 1
(18,0) : 1
(9,2) : 1
(31,0) : 1
(45,3) : 1
(11,1) : 1
(12,1) : 1
(13,1) : 3
(39,0) : 1
(7,1) : 1
(3,1) : 1
(23,0) : 1
(23,1) : 1
(10,1) : 1
(2,1) : 1
