pop size : 10000, betaG : 0.08500, lambdaH : 0.10000, lambdaW : 0.00100, gamma : 0.12500, Tmax : 150.00, threshold of infected : 0.010
0.37 0.32 0.13 0.12 0.04 0.02 
0.2192 0.12 0.08 0.06 0.05 0.045 0.04 0.035 0.03 0.02 0.02 0.02 0.015 0.015 0.015 0.015 0.001 0.001 0.001 0.001 0.001 0.001 0.001 0.001 0.001 0.001 0.001 0.001 0.001 0.001 0.001 0.001 0.001 0.001 0.001 0.001 0.001 0.001 0.001 0.001 0.001 0.0001 0.0001 0.0001 0.0001 0.0001 0.0001 0.0001 0.0001 0.175 
Proportion of infected at cutoff : 0.0100
Proportion of susceptibles at cutoff : 0.9775
(15,1) : 3
(49,1) : 13
(41,3) : 1
(2,0) : 86
(47,1) : 4
(23,0) : 1
(48,1) : 8
(4,1) : 2
(8,0) : 25
(50,0) : 50
(47,3) : 3
(5,0) : 37
(10,0) : 9
(13,0) : 12
(47,2) : 4
(49,0) : 24
(37,1) : 1
(1,0) : 162
(39,0) : 1
(36,0) : 1
(6,0) : 38
(41,1) : 1
(48,0) : 8
(48,2) : 3
(46,4) : 1
(3,0) : 61
(16,0) : 10
(46,0) : 1
(22,0) : 1
(14,0) : 10
(12,0) : 16
(27,3) : 1
(46,2) : 2
(7,0) : 24
(15,0) : 13
(11,0) : 11
(14,1) : 3
(27,1) : 2
(47,0) : 2
(9,0) : 24
(33,3) : 1
(37,2) : 1
(46,1) : 1
(42,0) : 1
(32,0) : 1
(4,0) : 42
(21,0) : 2
(27,0) : 1
(26,0) : 1
(8,1) : 2
(11,1) : 4
(30,0) : 1
(13,2) : 1
(34,0) : 1
(33,0) : 1
(2,1) : 1
(12,1) : 1
(9,1) : 1
(7,1) : 2
(44,1) : 1
(6,1) : 2
(18,0) : 1
(10,1) : 1
(19,0) : 1
(5,1) : 1
(3,1) : 1
(0,0) : 2
(1,1) : 1
