pop size : 10000, betaG : 0.08500, lambdaH : 0.10000, lambdaW : 0.00100, gamma : 0.12500, Tmax : 150.00, threshold of infected : 0.010
0.37 0.32 0.13 0.12 0.04 0.02 
0.2192 0.12 0.08 0.06 0.05 0.045 0.04 0.035 0.03 0.02 0.02 0.02 0.015 0.015 0.015 0.015 0.001 0.001 0.001 0.001 0.001 0.001 0.001 0.001 0.001 0.001 0.001 0.001 0.001 0.001 0.001 0.001 0.001 0.001 0.001 0.001 0.001 0.001 0.001 0.001 0.001 0.0001 0.0001 0.0001 0.0001 0.0001 0.0001 0.0001 0.0001 0.175 
Proportion of infected at cutoff : 0.0100
Proportion of susceptibles at cutoff : 0.9722
(50,0) : 47
(14,0) : 13
(49,0) : 23
(49,1) : 9
(48,1) : 10
(10,0) : 23
(16,0) : 6
(4,0) : 53
(48,2) : 5
(6,0) : 41
(47,3) : 1
(2,0) : 86
(45,4) : 1
(48,0) : 9
(46,2) : 2
(7,0) : 32
(8,0) : 20
(47,1) : 5
(31,0) : 1
(45,3) : 1
(11,0) : 18
(44,2) : 2
(47,0) : 4
(5,0) : 35
(1,0) : 181
(40,1) : 1
(47,2) : 4
(3,0) : 65
(37,1) : 1
(9,0) : 23
(8,1) : 5
(46,3) : 1
(12,0) : 11
(13,0) : 7
(35,2) : 1
(9,1) : 1
(15,0) : 8
(29,0) : 1
(30,3) : 1
(7,1) : 3
(24,1) : 1
(46,1) : 2
(23,1) : 1
(41,0) : 1
(30,0) : 1
(18,0) : 1
(46,0) : 2
(14,1) : 1
(12,1) : 1
(27,0) : 1
(19,0) : 1
(45,1) : 1
(26,0) : 1
(20,0) : 2
(4,1) : 3
(15,1) : 1
(23,0) : 1
(2,1) : 1
(3,1) : 2
(22,0) : 1
(1,1) : 2
(0,1) : 5
(0,0) : 2
