pop size : 10000, betaG : 0.08500, lambdaH : 0.10000, lambdaW : 0.00100, gamma : 0.12500, Tmax : 150.00, threshold of infected : 0.010
0.37 0.32 0.13 0.12 0.04 0.02 
0.2192 0.12 0.08 0.06 0.05 0.045 0.04 0.035 0.03 0.02 0.02 0.02 0.015 0.015 0.015 0.015 0.001 0.001 0.001 0.001 0.001 0.001 0.001 0.001 0.001 0.001 0.001 0.001 0.001 0.001 0.001 0.001 0.001 0.001 0.001 0.001 0.001 0.001 0.001 0.001 0.001 0.0001 0.0001 0.0001 0.0001 0.0001 0.0001 0.0001 0.0001 0.175 
Proportion of infected at cutoff : 0.0100
Proportion of susceptibles at cutoff : 0.9770
(48,1) : 12
(15,0) : 9
(50,0) : 53
(1,0) : 126
(48,0) : 3
(47,0) : 4
(19,0) : 1
(25,0) : 3
(49,0) : 27
(16,0) : 8
(26,0) : 4
(8,0) : 14
(49,1) : 18
(2,0) : 76
(39,1) : 1
(45,3) : 1
(46,2) : 2
(4,0) : 36
(14,1) : 3
(47,2) : 3
(5,0) : 37
(14,0) : 8
(13,2) : 1
(6,0) : 17
(7,0) : 20
(33,2) : 1
(9,0) : 22
(10,0) : 12
(46,3) : 2
(3,0) : 53
(47,1) : 2
(41,5) : 1
(32,0) : 1
(27,1) : 1
(11,0) : 17
(46,0) : 1
(34,0) : 2
(33,0) : 2
(48,2) : 2
(12,0) : 12
(30,0) : 1
(7,1) : 4
(13,1) : 2
(23,0) : 1
(12,1) : 3
(8,1) : 2
(39,0) : 1
(1,1) : 3
(22,0) : 1
(23,1) : 1
(46,1) : 3
(4,1) : 4
(15,1) : 1
(5,1) : 1
(21,0) : 1
(13,0) : 8
(27,0) : 1
(18,0) : 2
(0,1) : 2
(24,0) : 1
(24,1) : 1
(28,1) : 1
(10,1) : 1
(4,2) : 1
