pop size : 10000, betaG : 0.08500, lambdaH : 0.10000, lambdaW : 0.00100, gamma : 0.12500, Tmax : 150.00, threshold of infected : 0.010
0.37 0.32 0.13 0.12 0.04 0.02 
0.2192 0.12 0.08 0.06 0.05 0.045 0.04 0.035 0.03 0.02 0.02 0.02 0.015 0.015 0.015 0.015 0.001 0.001 0.001 0.001 0.001 0.001 0.001 0.001 0.001 0.001 0.001 0.001 0.001 0.001 0.001 0.001 0.001 0.001 0.001 0.001 0.001 0.001 0.001 0.001 0.001 0.0001 0.0001 0.0001 0.0001 0.0001 0.0001 0.0001 0.0001 0.175 
Proportion of infected at cutoff : 0.0100
Proportion of susceptibles at cutoff : 0.9759
(45,1) : 1
(50,0) : 50
(48,2) : 6
(49,0) : 20
(44,2) : 2
(13,0) : 8
(4,0) : 37
(48,0) : 9
(1,0) : 145
(14,0) : 17
(7,0) : 29
(17,0) : 1
(14,1) : 1
(48,1) : 12
(9,0) : 21
(49,1) : 17
(8,0) : 28
(46,1) : 2
(8,1) : 4
(47,2) : 5
(47,1) : 3
(33,0) : 2
(33,1) : 1
(16,0) : 5
(15,0) : 7
(47,3) : 1
(11,0) : 11
(0,0) : 6
(6,0) : 30
(34,0) : 1
(5,0) : 31
(10,0) : 15
(2,0) : 79
(15,1) : 2
(36,0) : 1
(29,0) : 1
(25,0) : 1
(37,2) : 1
(43,5) : 1
(46,0) : 2
(38,0) : 1
(47,0) : 1
(46,2) : 2
(3,0) : 48
(12,0) : 10
(23,0) : 1
(45,2) : 1
(22,0) : 1
(45,3) : 1
(19,0) : 2
(28,0) : 1
(19,1) : 1
(5,1) : 2
(27,0) : 1
(32,1) : 1
(7,1) : 2
(32,0) : 1
(4,1) : 2
(10,1) : 3
(0,1) : 1
