pop size : 10000, betaG : 0.08500, lambdaH : 0.10000, lambdaW : 0.00100, gamma : 0.12500, Tmax : 150.00, threshold of infected : 0.010
0.37 0.32 0.13 0.12 0.04 0.02 
0.2192 0.12 0.08 0.06 0.05 0.045 0.04 0.035 0.03 0.02 0.02 0.02 0.015 0.015 0.015 0.015 0.001 0.001 0.001 0.001 0.001 0.001 0.001 0.001 0.001 0.001 0.001 0.001 0.001 0.001 0.001 0.001 0.001 0.001 0.001 0.001 0.001 0.001 0.001 0.001 0.001 0.0001 0.0001 0.0001 0.0001 0.0001 0.0001 0.0001 0.0001 0.175 
Proportion of infected at cutoff : 0.0100
Proportion of susceptibles at cutoff : 0.9788
(50,0) : 55
(49,0) : 16
(49,1) : 20
(7,0) : 25
(8,0) : 19
(48,1) : 12
(2,0) : 99
(11,0) : 15
(46,3) : 1
(47,0) : 1
(1,0) : 157
(18,0) : 1
(48,2) : 4
(9,0) : 19
(15,0) : 9
(47,3) : 2
(10,0) : 16
(47,1) : 2
(4,0) : 49
(39,0) : 2
(22,0) : 1
(13,0) : 14
(24,1) : 1
(5,0) : 37
(36,0) : 1
(6,0) : 31
(43,4) : 1
(48,0) : 7
(31,0) : 1
(14,0) : 13
(47,2) : 4
(45,1) : 2
(29,1) : 1
(30,0) : 3
(3,0) : 52
(45,2) : 1
(46,2) : 1
(44,4) : 1
(16,0) : 6
(15,1) : 1
(11,1) : 2
(29,0) : 2
(25,0) : 1
(40,0) : 2
(21,0) : 1
(12,0) : 15
(39,1) : 1
(14,2) : 2
(28,0) : 1
(26,0) : 1
(6,1) : 3
(33,0) : 1
(1,1) : 2
(7,1) : 1
(0,0) : 3
(2,1) : 1
(0,1) : 5
(8,1) : 1
(5,1) : 2
(3,1) : 1
(4,1) : 1
