pop size : 10000, betaG : 0.08500, lambdaH : 0.10000, lambdaW : 0.00100, gamma : 0.12500, Tmax : 150.00, threshold of infected : 0.010
0.37 0.32 0.13 0.12 0.04 0.02 
0.2192 0.12 0.08 0.06 0.05 0.045 0.04 0.035 0.03 0.02 0.02 0.02 0.015 0.015 0.015 0.015 0.001 0.001 0.001 0.001 0.001 0.001 0.001 0.001 0.001 0.001 0.001 0.001 0.001 0.001 0.001 0.001 0.001 0.001 0.001 0.001 0.001 0.001 0.001 0.001 0.001 0.0001 0.0001 0.0001 0.0001 0.0001 0.0001 0.0001 0.0001 0.175 
Proportion of infected at cutoff : 0.0100
Proportion of susceptibles at cutoff : 0.9820
(50,0) : 62
(49,1) : 26
(11,0) : 16
(49,0) : 17
(46,1) : 1
(9,0) : 27
(27,0) : 1
(3,0) : 59
(48,0) : 8
(46,4) : 1
(47,1) : 2
(47,2) : 1
(13,0) : 11
(10,0) : 9
(6,0) : 27
(16,0) : 5
(48,2) : 5
(19,0) : 2
(48,1) : 7
(4,0) : 52
(46,2) : 2
(5,0) : 27
(14,1) : 3
(29,0) : 3
(7,0) : 23
(47,3) : 3
(1,0) : 147
(2,0) : 89
(12,0) : 14
(47,0) : 1
(34,1) : 1
(8,0) : 18
(14,0) : 6
(15,0) : 7
(18,0) : 1
(11,1) : 1
(44,1) : 1
(6,1) : 3
(46,3) : 1
(5,1) : 1
(8,1) : 3
(15,1) : 1
(24,0) : 1
(10,1) : 2
(30,0) : 1
(45,0) : 1
(44,4) : 1
(4,1) : 1
(34,2) : 1
(24,1) : 1
(20,0) : 1
(9,1) : 1
(25,1) : 1
(13,1) : 1
(25,0) : 1
(11,2) : 1
(0,1) : 2
(0,0) : 1
(2,1) : 1
