pop size : 10000, betaG : 0.08500, lambdaH : 0.10000, lambdaW : 0.00100, gamma : 0.12500, Tmax : 150.00, threshold of infected : 0.010
0.37 0.32 0.13 0.12 0.04 0.02 
0.2192 0.12 0.08 0.06 0.05 0.045 0.04 0.035 0.03 0.02 0.02 0.02 0.015 0.015 0.015 0.015 0.001 0.001 0.001 0.001 0.001 0.001 0.001 0.001 0.001 0.001 0.001 0.001 0.001 0.001 0.001 0.001 0.001 0.001 0.001 0.001 0.001 0.001 0.001 0.001 0.001 0.0001 0.0001 0.0001 0.0001 0.0001 0.0001 0.0001 0.0001 0.175 
Proportion of infected at cutoff : 0.0100
Proportion of susceptibles at cutoff : 0.9775
(47,1) : 4
(49,0) : 20
(49,1) : 20
(46,2) : 3
(13,0) : 10
(50,0) : 52
(48,2) : 5
(12,0) : 9
(23,0) : 2
(26,0) : 2
(11,0) : 12
(47,0) : 3
(28,1) : 1
(45,1) : 1
(16,0) : 11
(8,0) : 16
(5,0) : 36
(3,0) : 61
(48,0) : 5
(4,0) : 40
(38,0) : 1
(48,1) : 7
(7,0) : 26
(2,0) : 90
(14,0) : 7
(1,0) : 144
(6,0) : 25
(46,1) : 3
(35,0) : 2
(45,2) : 1
(19,0) : 1
(15,0) : 13
(29,0) : 1
(9,2) : 1
(43,4) : 1
(47,3) : 2
(32,0) : 1
(37,0) : 1
(10,0) : 21
(38,2) : 1
(39,0) : 1
(47,2) : 2
(22,1) : 2
(36,0) : 1
(9,0) : 24
(6,1) : 3
(31,0) : 1
(42,1) : 1
(13,1) : 2
(34,1) : 1
(46,3) : 2
(22,0) : 1
(10,1) : 2
(27,1) : 1
(8,1) : 1
(0,1) : 3
(12,1) : 1
(25,1) : 1
(1,1) : 2
(17,0) : 1
(5,1) : 1
(3,1) : 1
(0,0) : 1
