pop size : 10000, betaG : 0.08500, lambdaH : 0.10000, lambdaW : 0.00100, gamma : 0.12500, Tmax : 150.00, threshold of infected : 0.010
0.37 0.32 0.13 0.12 0.04 0.02 
0.2192 0.12 0.08 0.06 0.05 0.045 0.04 0.035 0.03 0.02 0.02 0.02 0.015 0.015 0.015 0.015 0.001 0.001 0.001 0.001 0.001 0.001 0.001 0.001 0.001 0.001 0.001 0.001 0.001 0.001 0.001 0.001 0.001 0.001 0.001 0.001 0.001 0.001 0.001 0.001 0.001 0.0001 0.0001 0.0001 0.0001 0.0001 0.0001 0.0001 0.0001 0.175 
Proportion of infected at cutoff : 0.0100
Proportion of susceptibles at cutoff : 0.9746
(5,0) : 28
(1,0) : 156
(48,1) : 16
(6,0) : 36
(49,0) : 21
(3,0) : 61
(15,0) : 10
(12,0) : 16
(50,0) : 54
(14,0) : 8
(48,0) : 10
(7,1) : 5
(44,3) : 1
(49,1) : 7
(10,0) : 10
(30,0) : 1
(12,1) : 1
(7,0) : 26
(47,1) : 2
(9,0) : 23
(39,6) : 1
(48,2) : 5
(11,0) : 17
(29,1) : 1
(46,1) : 3
(8,0) : 25
(2,0) : 91
(44,0) : 1
(16,0) : 8
(14,1) : 2
(25,0) : 1
(45,0) : 1
(37,0) : 1
(1,1) : 3
(13,0) : 8
(41,0) : 1
(6,1) : 2
(47,3) : 1
(4,0) : 39
(8,1) : 2
(35,0) : 2
(45,2) : 1
(13,1) : 3
(47,0) : 2
(45,1) : 1
(36,0) : 2
(31,1) : 1
(36,1) : 1
(20,0) : 1
(33,0) : 1
(10,1) : 1
(10,2) : 1
(9,1) : 1
(44,2) : 1
(46,3) : 1
(33,2) : 1
(11,1) : 1
(47,2) : 1
(22,1) : 1
(12,3) : 1
(39,0) : 1
(38,0) : 1
(5,1) : 2
(21,0) : 1
(4,1) : 2
(27,1) : 1
(0,2) : 1
(0,1) : 1
(0,0) : 4
