pop size : 10000, betaG : 0.08500, lambdaH : 0.10000, lambdaW : 0.00100, gamma : 0.12500, Tmax : 150.00, threshold of infected : 0.010
0.37 0.32 0.13 0.12 0.04 0.02 
0.2192 0.12 0.08 0.06 0.05 0.045 0.04 0.035 0.03 0.02 0.02 0.02 0.015 0.015 0.015 0.015 0.001 0.001 0.001 0.001 0.001 0.001 0.001 0.001 0.001 0.001 0.001 0.001 0.001 0.001 0.001 0.001 0.001 0.001 0.001 0.001 0.001 0.001 0.001 0.001 0.001 0.0001 0.0001 0.0001 0.0001 0.0001 0.0001 0.0001 0.0001 0.175 
Proportion of infected at cutoff : 0.0100
Proportion of susceptibles at cutoff : 0.9728
(49,0) : 28
(46,1) : 2
(46,3) : 2
(12,0) : 17
(48,0) : 8
(49,1) : 19
(9,0) : 21
(50,0) : 39
(46,2) : 2
(13,0) : 7
(48,1) : 9
(5,1) : 2
(47,1) : 5
(5,0) : 28
(11,0) : 14
(6,0) : 34
(4,0) : 55
(7,0) : 28
(47,2) : 4
(14,0) : 13
(15,0) : 15
(30,0) : 1
(10,0) : 12
(8,0) : 31
(43,4) : 1
(1,0) : 165
(7,1) : 1
(2,0) : 106
(46,0) : 1
(22,0) : 2
(37,0) : 1
(23,0) : 1
(47,0) : 4
(17,0) : 1
(16,0) : 6
(3,0) : 76
(45,2) : 2
(33,0) : 1
(24,1) : 1
(13,1) : 1
(39,1) : 1
(6,1) : 3
(39,0) : 1
(0,0) : 1
(25,0) : 1
(11,1) : 1
(46,4) : 1
(4,1) : 1
(33,1) : 1
(29,0) : 1
(45,3) : 1
(45,4) : 1
(8,1) : 3
(15,1) : 1
(31,2) : 1
(3,1) : 2
(12,1) : 1
(48,2) : 1
(10,1) : 1
(0,1) : 3
(1,1) : 1
