pop size : 10000, betaG : 0.08500, lambdaH : 0.10000, lambdaW : 0.00100, gamma : 0.12500, Tmax : 150.00, threshold of infected : 0.010
0.37 0.32 0.13 0.12 0.04 0.02 
0.2192 0.12 0.08 0.06 0.05 0.045 0.04 0.035 0.03 0.02 0.02 0.02 0.015 0.015 0.015 0.015 0.001 0.001 0.001 0.001 0.001 0.001 0.001 0.001 0.001 0.001 0.001 0.001 0.001 0.001 0.001 0.001 0.001 0.001 0.001 0.001 0.001 0.001 0.001 0.001 0.001 0.0001 0.0001 0.0001 0.0001 0.0001 0.0001 0.0001 0.0001 0.175 
Proportion of infected at cutoff : 0.0100
Proportion of susceptibles at cutoff : 0.9756
(48,1) : 9
(48,0) : 6
(50,0) : 37
(1,0) : 176
(46,4) : 1
(49,1) : 13
(49,0) : 33
(4,0) : 49
(7,0) : 36
(26,0) : 2
(10,0) : 15
(45,3) : 1
(29,0) : 1
(5,0) : 48
(16,0) : 7
(12,0) : 12
(13,0) : 9
(45,1) : 2
(11,0) : 15
(34,0) : 1
(47,0) : 3
(2,0) : 81
(3,0) : 54
(9,0) : 21
(22,1) : 1
(27,0) : 3
(47,3) : 2
(15,1) : 2
(15,0) : 9
(14,0) : 19
(48,2) : 3
(38,1) : 1
(47,1) : 2
(32,0) : 1
(45,2) : 2
(14,1) : 2
(39,1) : 1
(47,2) : 4
(6,0) : 28
(8,0) : 21
(45,0) : 1
(22,0) : 2
(6,1) : 1
(5,1) : 3
(20,0) : 1
(34,1) : 1
(8,1) : 4
(30,0) : 1
(45,4) : 1
(46,0) : 1
(28,1) : 1
(7,1) : 4
(33,0) : 1
(46,1) : 1
(41,0) : 1
(35,1) : 1
(13,1) : 2
(43,1) : 1
(23,1) : 1
(17,0) : 1
(31,0) : 1
(10,1) : 2
(24,0) : 1
(2,1) : 3
(28,0) : 1
(11,1) : 1
(46,2) : 1
(5,2) : 1
(1,1) : 1
(4,1) : 1
