pop size : 10000, betaG : 0.08500, lambdaH : 0.10000, lambdaW : 0.00100, gamma : 0.12500, Tmax : 150.00, threshold of infected : 0.010
0.37 0.32 0.13 0.12 0.04 0.02 
0.2192 0.12 0.08 0.06 0.05 0.045 0.04 0.035 0.03 0.02 0.02 0.02 0.015 0.015 0.015 0.015 0.001 0.001 0.001 0.001 0.001 0.001 0.001 0.001 0.001 0.001 0.001 0.001 0.001 0.001 0.001 0.001 0.001 0.001 0.001 0.001 0.001 0.001 0.001 0.001 0.001 0.0001 0.0001 0.0001 0.0001 0.0001 0.0001 0.0001 0.0001 0.175 
Proportion of infected at cutoff : 0.0100
Proportion of susceptibles at cutoff : 0.9801
(49,0) : 19
(50,0) : 57
(28,0) : 1
(7,1) : 2
(47,2) : 6
(46,4) : 1
(11,0) : 21
(7,0) : 27
(48,1) : 6
(9,0) : 19
(46,2) : 1
(34,0) : 1
(33,0) : 1
(8,0) : 34
(5,0) : 31
(45,3) : 1
(48,2) : 5
(32,0) : 1
(3,0) : 70
(49,1) : 15
(10,0) : 12
(36,1) : 1
(10,1) : 3
(2,0) : 78
(12,0) : 17
(1,0) : 159
(13,0) : 11
(46,1) : 3
(45,2) : 1
(45,0) : 1
(4,0) : 52
(48,0) : 3
(41,0) : 1
(15,1) : 2
(23,0) : 2
(15,0) : 8
(42,3) : 1
(40,0) : 2
(14,0) : 8
(6,0) : 30
(16,0) : 8
(35,0) : 1
(47,1) : 3
(18,0) : 1
(31,0) : 1
(13,1) : 1
(19,0) : 1
(4,1) : 3
(1,1) : 2
(25,0) : 2
(47,0) : 1
(3,1) : 3
(26,1) : 1
(47,3) : 1
(5,1) : 2
(13,2) : 1
(37,0) : 1
(6,1) : 4
(21,0) : 1
(11,1) : 1
(20,1) : 1
(26,0) : 2
(17,0) : 1
(24,0) : 1
(33,1) : 1
(2,1) : 2
(0,1) : 1
(9,1) : 1
(29,0) : 1
(8,1) : 1
(0,0) : 1
