pop size : 10000, betaG : 0.08500, lambdaH : 0.10000, lambdaW : 0.00100, gamma : 0.12500, Tmax : 150.00, threshold of infected : 0.010
0.37 0.32 0.13 0.12 0.04 0.02 
0.2192 0.12 0.08 0.06 0.05 0.045 0.04 0.035 0.03 0.02 0.02 0.02 0.015 0.015 0.015 0.015 0.001 0.001 0.001 0.001 0.001 0.001 0.001 0.001 0.001 0.001 0.001 0.001 0.001 0.001 0.001 0.001 0.001 0.001 0.001 0.001 0.001 0.001 0.001 0.001 0.001 0.0001 0.0001 0.0001 0.0001 0.0001 0.0001 0.0001 0.0001 0.175 
Proportion of infected at cutoff : 0.0100
Proportion of susceptibles at cutoff : 0.9758
(1,0) : 168
(20,0) : 1
(50,0) : 56
(48,1) : 14
(47,2) : 4
(9,0) : 16
(11,0) : 9
(10,0) : 16
(48,0) : 6
(14,0) : 12
(12,0) : 17
(49,1) : 17
(6,0) : 26
(2,0) : 109
(33,0) : 1
(7,0) : 20
(42,5) : 1
(8,0) : 26
(15,0) : 16
(42,1) : 1
(46,0) : 2
(3,0) : 53
(48,2) : 2
(23,0) : 2
(49,0) : 18
(23,1) : 1
(47,1) : 5
(5,0) : 47
(47,0) : 2
(13,1) : 3
(36,1) : 1
(4,0) : 32
(29,0) : 1
(16,0) : 12
(46,2) : 1
(42,3) : 1
(4,1) : 3
(14,1) : 1
(31,0) : 1
(10,1) : 2
(13,0) : 6
(7,1) : 3
(26,0) : 1
(9,1) : 2
(44,1) : 1
(14,2) : 1
(15,1) : 1
(33,1) : 1
(8,1) : 3
(6,1) : 3
(46,1) : 1
(19,0) : 1
(24,0) : 1
(3,1) : 2
(27,0) : 1
(24,1) : 1
(13,2) : 1
(22,1) : 1
(1,1) : 2
(3,2) : 1
(5,1) : 1
(0,0) : 3
(2,1) : 1
(0,1) : 1
