pop size : 10000, betaG : 0.08500, lambdaH : 0.10000, lambdaW : 0.00100, gamma : 0.12500, Tmax : 150.00, threshold of infected : 0.010
0.37 0.32 0.13 0.12 0.04 0.02 
0.2192 0.12 0.08 0.06 0.05 0.045 0.04 0.035 0.03 0.02 0.02 0.02 0.015 0.015 0.015 0.015 0.001 0.001 0.001 0.001 0.001 0.001 0.001 0.001 0.001 0.001 0.001 0.001 0.001 0.001 0.001 0.001 0.001 0.001 0.001 0.001 0.001 0.001 0.001 0.001 0.001 0.0001 0.0001 0.0001 0.0001 0.0001 0.0001 0.0001 0.0001 0.175 
Proportion of infected at cutoff : 0.0100
Proportion of susceptibles at cutoff : 0.9828
(48,2) : 2
(50,0) : 68
(42,0) : 1
(49,0) : 12
(49,1) : 27
(46,2) : 3
(47,2) : 3
(5,0) : 38
(39,2) : 1
(8,0) : 21
(1,0) : 148
(6,0) : 31
(47,1) : 3
(3,0) : 39
(48,1) : 7
(48,0) : 2
(2,0) : 78
(11,0) : 15
(7,0) : 44
(14,0) : 7
(10,1) : 3
(45,5) : 1
(42,1) : 1
(9,0) : 21
(16,0) : 8
(38,2) : 1
(22,0) : 2
(15,0) : 12
(11,1) : 6
(30,0) : 1
(36,1) : 1
(10,0) : 7
(12,0) : 13
(47,0) : 1
(13,0) : 8
(44,0) : 1
(15,1) : 2
(23,0) : 3
(4,0) : 41
(38,0) : 1
(35,1) : 1
(33,0) : 1
(40,0) : 1
(19,0) : 1
(12,1) : 3
(46,3) : 2
(7,1) : 1
(39,0) : 1
(9,1) : 2
(14,1) : 1
(24,0) : 1
(1,1) : 2
(0,1) : 2
(4,1) : 1
(6,1) : 1
(20,0) : 1
(4,2) : 1
(3,1) : 3
(0,0) : 1
