pop size : 10000, betaG : 0.08500, lambdaH : 0.10000, lambdaW : 0.00100, gamma : 0.12500, Tmax : 150.00, threshold of infected : 0.010
0.37 0.32 0.13 0.12 0.04 0.02 
0.2192 0.12 0.08 0.06 0.05 0.045 0.04 0.035 0.03 0.02 0.02 0.02 0.015 0.015 0.015 0.015 0.001 0.001 0.001 0.001 0.001 0.001 0.001 0.001 0.001 0.001 0.001 0.001 0.001 0.001 0.001 0.001 0.001 0.001 0.001 0.001 0.001 0.001 0.001 0.001 0.001 0.0001 0.0001 0.0001 0.0001 0.0001 0.0001 0.0001 0.0001 0.175 
Proportion of infected at cutoff : 0.0100
Proportion of susceptibles at cutoff : 0.9798
(48,1) : 18
(50,0) : 50
(5,0) : 23
(49,0) : 25
(10,0) : 21
(2,0) : 93
(1,0) : 149
(25,0) : 2
(11,0) : 16
(13,0) : 6
(49,1) : 11
(48,2) : 13
(9,0) : 25
(3,0) : 74
(8,0) : 27
(46,3) : 1
(34,0) : 1
(48,0) : 7
(14,0) : 11
(12,1) : 1
(16,0) : 6
(12,0) : 11
(6,0) : 20
(7,0) : 33
(4,0) : 39
(46,1) : 1
(15,0) : 9
(11,1) : 2
(35,0) : 2
(33,0) : 1
(47,2) : 3
(47,1) : 3
(24,0) : 1
(36,0) : 1
(14,1) : 2
(26,0) : 1
(15,1) : 1
(47,3) : 1
(6,1) : 1
(38,1) : 1
(5,1) : 3
(13,1) : 1
(31,0) : 1
(15,2) : 1
(47,0) : 1
(45,2) : 1
(30,0) : 1
(8,1) : 1
(39,0) : 1
(7,1) : 2
(6,2) : 1
(10,1) : 2
(0,0) : 1
(1,1) : 3
(4,1) : 2
(0,1) : 1
