pop size : 10000, betaG : 0.08500, lambdaH : 0.10000, lambdaW : 0.00100, gamma : 0.12500, Tmax : 150.00, threshold of infected : 0.010
0.37 0.32 0.13 0.12 0.04 0.02 
0.2192 0.12 0.08 0.06 0.05 0.045 0.04 0.035 0.03 0.02 0.02 0.02 0.015 0.015 0.015 0.015 0.001 0.001 0.001 0.001 0.001 0.001 0.001 0.001 0.001 0.001 0.001 0.001 0.001 0.001 0.001 0.001 0.001 0.001 0.001 0.001 0.001 0.001 0.001 0.001 0.001 0.0001 0.0001 0.0001 0.0001 0.0001 0.0001 0.0001 0.0001 0.175 
Proportion of infected at cutoff : 0.0100
Proportion of susceptibles at cutoff : 0.9687
(12,0) : 18
(7,0) : 38
(50,0) : 33
(49,1) : 13
(46,0) : 4
(12,1) : 5
(20,1) : 1
(14,0) : 16
(45,1) : 1
(10,0) : 23
(8,0) : 23
(25,0) : 3
(2,0) : 100
(49,0) : 27
(31,0) : 2
(6,0) : 40
(16,0) : 6
(15,0) : 10
(48,0) : 11
(29,0) : 2
(45,0) : 3
(12,2) : 1
(11,0) : 9
(48,2) : 2
(47,1) : 3
(48,1) : 13
(13,0) : 7
(44,3) : 1
(22,0) : 2
(27,0) : 3
(5,0) : 34
(43,1) : 1
(46,1) : 2
(9,0) : 15
(4,0) : 37
(45,4) : 3
(47,3) : 1
(43,4) : 1
(1,0) : 165
(3,0) : 72
(47,0) : 3
(7,1) : 4
(46,2) : 2
(23,1) : 1
(33,0) : 1
(18,0) : 1
(44,1) : 1
(17,0) : 1
(27,1) : 1
(47,2) : 1
(2,1) : 4
(25,1) : 1
(44,0) : 1
(11,1) : 1
(8,1) : 2
(23,0) : 1
(4,1) : 1
(24,0) : 1
(10,1) : 1
(14,1) : 1
(5,1) : 2
(11,2) : 1
(3,1) : 2
(0,1) : 1
(0,0) : 5
(1,1) : 2
