pop size : 10000, betaG : 0.08500, lambdaH : 0.10000, lambdaW : 0.00100, gamma : 0.12500, Tmax : 150.00, threshold of infected : 0.010
0.37 0.32 0.13 0.12 0.04 0.02 
0.2192 0.12 0.08 0.06 0.05 0.045 0.04 0.035 0.03 0.02 0.02 0.02 0.015 0.015 0.015 0.015 0.001 0.001 0.001 0.001 0.001 0.001 0.001 0.001 0.001 0.001 0.001 0.001 0.001 0.001 0.001 0.001 0.001 0.001 0.001 0.001 0.001 0.001 0.001 0.001 0.001 0.0001 0.0001 0.0001 0.0001 0.0001 0.0001 0.0001 0.0001 0.175 
Proportion of infected at cutoff : 0.0100
Proportion of susceptibles at cutoff : 0.9793
(14,0) : 11
(50,0) : 52
(49,1) : 22
(49,0) : 20
(47,1) : 3
(48,1) : 10
(13,0) : 16
(29,0) : 1
(16,0) : 6
(48,0) : 4
(48,2) : 9
(10,0) : 17
(46,3) : 1
(47,2) : 1
(12,0) : 17
(46,2) : 3
(3,0) : 61
(44,2) : 1
(8,0) : 27
(8,1) : 3
(7,0) : 32
(47,3) : 1
(27,0) : 4
(1,0) : 159
(11,0) : 8
(14,1) : 2
(45,3) : 2
(28,0) : 2
(6,0) : 34
(5,0) : 35
(35,0) : 2
(2,0) : 83
(6,1) : 1
(25,0) : 1
(15,0) : 7
(4,0) : 34
(18,1) : 1
(47,0) : 2
(23,0) : 1
(22,0) : 1
(44,0) : 1
(7,1) : 6
(9,0) : 15
(45,2) : 2
(4,1) : 2
(24,0) : 1
(5,1) : 1
(46,1) : 1
(11,1) : 1
(35,1) : 1
(38,0) : 1
(9,1) : 1
(0,1) : 1
(0,0) : 1
