pop size : 10000, betaG : 0.08500, lambdaH : 0.10000, lambdaW : 0.00100, gamma : 0.12500, Tmax : 150.00, threshold of infected : 0.010
0.37 0.32 0.13 0.12 0.04 0.02 
0.2192 0.12 0.08 0.06 0.05 0.045 0.04 0.035 0.03 0.02 0.02 0.02 0.015 0.015 0.015 0.015 0.001 0.001 0.001 0.001 0.001 0.001 0.001 0.001 0.001 0.001 0.001 0.001 0.001 0.001 0.001 0.001 0.001 0.001 0.001 0.001 0.001 0.001 0.001 0.001 0.001 0.0001 0.0001 0.0001 0.0001 0.0001 0.0001 0.0001 0.0001 0.175 
Proportion of infected at cutoff : 0.0100
Proportion of susceptibles at cutoff : 0.9731
(50,0) : 35
(48,0) : 14
(48,1) : 12
(5,0) : 42
(2,0) : 93
(6,0) : 35
(38,2) : 2
(49,0) : 25
(41,0) : 1
(14,0) : 10
(4,0) : 56
(43,1) : 1
(46,1) : 3
(15,0) : 10
(7,0) : 33
(49,1) : 13
(8,0) : 24
(48,2) : 6
(47,1) : 6
(20,0) : 3
(10,0) : 15
(13,0) : 10
(8,1) : 2
(46,0) : 2
(9,0) : 15
(6,2) : 1
(1,0) : 177
(15,1) : 3
(33,0) : 1
(12,0) : 7
(16,0) : 10
(3,0) : 67
(45,3) : 1
(47,0) : 3
(31,0) : 1
(36,0) : 1
(7,1) : 1
(47,2) : 3
(34,0) : 1
(11,0) : 19
(46,3) : 1
(5,1) : 1
(47,3) : 1
(13,3) : 1
(17,1) : 1
(35,2) : 1
(37,0) : 1
(9,1) : 3
(18,0) : 1
(22,0) : 1
(33,1) : 1
(14,1) : 1
(13,1) : 1
(46,2) : 1
(45,2) : 1
(10,2) : 1
(25,0) : 1
(21,0) : 1
(28,0) : 1
(11,1) : 1
(10,1) : 1
(0,1) : 2
(2,1) : 1
(1,1) : 2
(0,0) : 1
