pop size : 10000, betaG : 0.08500, lambdaH : 0.10000, lambdaW : 0.00100, gamma : 0.12500, Tmax : 150.00, threshold of infected : 0.010
0.37 0.32 0.13 0.12 0.04 0.02 
0.2192 0.12 0.08 0.06 0.05 0.045 0.04 0.035 0.03 0.02 0.02 0.02 0.015 0.015 0.015 0.015 0.001 0.001 0.001 0.001 0.001 0.001 0.001 0.001 0.001 0.001 0.001 0.001 0.001 0.001 0.001 0.001 0.001 0.001 0.001 0.001 0.001 0.001 0.001 0.001 0.001 0.0001 0.0001 0.0001 0.0001 0.0001 0.0001 0.0001 0.0001 0.175 
Proportion of infected at cutoff : 0.0100
Proportion of susceptibles at cutoff : 0.9762
(46,2) : 4
(50,0) : 43
(47,0) : 2
(48,0) : 15
(49,0) : 22
(30,0) : 1
(49,1) : 16
(3,0) : 52
(48,2) : 6
(27,0) : 1
(15,0) : 10
(5,0) : 36
(1,0) : 184
(8,0) : 25
(46,4) : 1
(14,0) : 5
(48,1) : 7
(47,2) : 3
(12,0) : 13
(47,3) : 2
(6,0) : 49
(10,0) : 17
(7,0) : 30
(11,0) : 13
(13,0) : 11
(38,0) : 1
(5,1) : 3
(23,0) : 2
(9,0) : 19
(16,0) : 12
(4,0) : 48
(45,4) : 1
(28,1) : 1
(13,1) : 2
(17,0) : 1
(47,1) : 2
(44,1) : 1
(32,0) : 2
(35,1) : 1
(37,0) : 2
(45,3) : 1
(44,2) : 1
(46,0) : 1
(2,0) : 89
(18,0) : 1
(41,0) : 1
(12,1) : 1
(29,0) : 1
(2,1) : 2
(11,1) : 3
(8,1) : 2
(14,1) : 1
(7,1) : 2
(33,1) : 1
(21,0) : 1
(26,0) : 1
(10,1) : 1
(15,1) : 2
(4,1) : 1
(30,1) : 1
(0,1) : 2
(3,1) : 1
(1,1) : 2
(0,0) : 2
