pop size : 10000, betaG : 0.08500, lambdaH : 0.10000, lambdaW : 0.00100, gamma : 0.12500, Tmax : 150.00, threshold of infected : 0.010
0.37 0.32 0.13 0.12 0.04 0.02 
0.2192 0.12 0.08 0.06 0.05 0.045 0.04 0.035 0.03 0.02 0.02 0.02 0.015 0.015 0.015 0.015 0.001 0.001 0.001 0.001 0.001 0.001 0.001 0.001 0.001 0.001 0.001 0.001 0.001 0.001 0.001 0.001 0.001 0.001 0.001 0.001 0.001 0.001 0.001 0.001 0.001 0.0001 0.0001 0.0001 0.0001 0.0001 0.0001 0.0001 0.0001 0.175 
Proportion of infected at cutoff : 0.0100
Proportion of susceptibles at cutoff : 0.9784
(49,0) : 23
(50,0) : 59
(46,2) : 4
(47,3) : 2
(49,1) : 20
(48,1) : 7
(45,0) : 1
(44,2) : 1
(48,2) : 6
(2,0) : 81
(3,0) : 50
(37,0) : 1
(11,0) : 8
(33,2) : 1
(8,0) : 32
(29,0) : 1
(40,0) : 2
(16,0) : 7
(10,0) : 7
(14,1) : 1
(38,0) : 1
(6,0) : 33
(47,1) : 2
(15,0) : 7
(7,0) : 22
(14,0) : 6
(46,0) : 1
(47,2) : 1
(12,0) : 9
(9,0) : 22
(48,0) : 5
(46,1) : 2
(13,0) : 10
(25,0) : 3
(22,0) : 1
(5,0) : 32
(12,2) : 1
(4,1) : 2
(4,0) : 47
(24,0) : 1
(27,0) : 1
(18,0) : 2
(40,3) : 1
(3,1) : 1
(34,1) : 1
(43,4) : 1
(47,0) : 1
(43,2) : 1
(10,1) : 1
(13,1) : 2
(1,0) : 135
(15,1) : 2
(4,2) : 1
(21,0) : 1
(41,0) : 1
(7,1) : 3
(44,1) : 1
(5,1) : 2
(30,0) : 1
(8,1) : 1
(2,1) : 1
(12,1) : 2
(1,1) : 3
(0,1) : 1
