pop size : 10000, betaG : 0.08500, lambdaH : 0.10000, lambdaW : 0.00100, gamma : 0.12500, Tmax : 150.00, threshold of infected : 0.010
0.37 0.32 0.13 0.12 0.04 0.02 
0.2192 0.12 0.08 0.06 0.05 0.045 0.04 0.035 0.03 0.02 0.02 0.02 0.015 0.015 0.015 0.015 0.001 0.001 0.001 0.001 0.001 0.001 0.001 0.001 0.001 0.001 0.001 0.001 0.001 0.001 0.001 0.001 0.001 0.001 0.001 0.001 0.001 0.001 0.001 0.001 0.001 0.0001 0.0001 0.0001 0.0001 0.0001 0.0001 0.0001 0.0001 0.175 
Proportion of infected at cutoff : 0.0100
Proportion of susceptibles at cutoff : 0.9823
(48,0) : 6
(49,0) : 20
(40,6) : 1
(50,0) : 57
(14,0) : 13
(38,0) : 1
(7,0) : 32
(13,0) : 8
(2,0) : 87
(39,0) : 2
(49,1) : 19
(1,0) : 158
(48,2) : 7
(47,3) : 2
(9,0) : 23
(5,0) : 39
(16,0) : 15
(10,0) : 13
(46,3) : 1
(21,0) : 2
(15,0) : 6
(45,4) : 1
(11,0) : 15
(45,2) : 1
(48,1) : 8
(46,1) : 1
(3,0) : 60
(12,0) : 11
(0,1) : 2
(38,1) : 1
(47,0) : 2
(26,0) : 1
(43,0) : 1
(2,1) : 1
(8,0) : 29
(10,1) : 3
(34,0) : 2
(6,0) : 24
(12,1) : 2
(47,2) : 3
(18,0) : 1
(5,1) : 2
(4,0) : 38
(36,0) : 1
(30,0) : 1
(14,1) : 1
(13,1) : 1
(6,1) : 3
(29,1) : 1
(26,1) : 1
(17,1) : 1
(9,2) : 1
(9,1) : 1
(7,1) : 1
(33,1) : 1
(32,0) : 1
(31,0) : 1
(8,1) : 2
(15,1) : 1
(24,0) : 1
(11,1) : 1
(3,1) : 2
(1,1) : 1
