pop size : 10000, betaG : 0.08500, lambdaH : 0.10000, lambdaW : 0.00100, gamma : 0.12500, Tmax : 150.00, threshold of infected : 0.010
0.37 0.32 0.13 0.12 0.04 0.02 
0.2192 0.12 0.08 0.06 0.05 0.045 0.04 0.035 0.03 0.02 0.02 0.02 0.015 0.015 0.015 0.015 0.001 0.001 0.001 0.001 0.001 0.001 0.001 0.001 0.001 0.001 0.001 0.001 0.001 0.001 0.001 0.001 0.001 0.001 0.001 0.001 0.001 0.001 0.001 0.001 0.001 0.0001 0.0001 0.0001 0.0001 0.0001 0.0001 0.0001 0.0001 0.175 
Proportion of infected at cutoff : 0.0100
Proportion of susceptibles at cutoff : 0.9773
(49,1) : 18
(16,0) : 9
(10,0) : 11
(49,0) : 24
(47,2) : 3
(48,2) : 7
(4,0) : 44
(11,0) : 18
(1,0) : 159
(3,0) : 65
(10,1) : 2
(50,0) : 49
(48,1) : 10
(46,3) : 3
(48,0) : 7
(47,3) : 1
(2,0) : 69
(45,3) : 1
(12,0) : 11
(27,0) : 2
(7,0) : 31
(47,0) : 3
(34,0) : 1
(8,0) : 28
(42,4) : 1
(13,0) : 8
(45,4) : 1
(5,0) : 36
(42,0) : 1
(45,2) : 1
(45,0) : 1
(14,0) : 8
(6,0) : 29
(46,0) : 1
(20,0) : 1
(41,0) : 1
(33,0) : 1
(37,0) : 1
(9,0) : 19
(40,2) : 1
(15,0) : 11
(11,1) : 1
(5,1) : 2
(47,1) : 4
(29,1) : 1
(31,1) : 1
(28,0) : 1
(40,0) : 1
(12,2) : 2
(6,1) : 1
(30,1) : 1
(26,0) : 1
(0,1) : 2
(4,1) : 1
(2,1) : 1
(3,2) : 1
(14,1) : 1
(12,1) : 1
(0,0) : 2
