pop size : 10000, betaG : 0.08500, lambdaH : 0.10000, lambdaW : 0.00100, gamma : 0.12500, Tmax : 150.00, threshold of infected : 0.010
0.37 0.32 0.13 0.12 0.04 0.02 
0.2192 0.12 0.08 0.06 0.05 0.045 0.04 0.035 0.03 0.02 0.02 0.02 0.015 0.015 0.015 0.015 0.001 0.001 0.001 0.001 0.001 0.001 0.001 0.001 0.001 0.001 0.001 0.001 0.001 0.001 0.001 0.001 0.001 0.001 0.001 0.001 0.001 0.001 0.001 0.001 0.001 0.0001 0.0001 0.0001 0.0001 0.0001 0.0001 0.0001 0.0001 0.175 
Proportion of infected at cutoff : 0.0100
Proportion of susceptibles at cutoff : 0.9784
(13,0) : 14
(10,0) : 16
(4,0) : 51
(50,0) : 50
(49,1) : 26
(8,0) : 28
(7,0) : 24
(47,3) : 1
(48,2) : 3
(44,1) : 1
(6,0) : 23
(49,0) : 24
(48,1) : 11
(15,0) : 12
(46,2) : 3
(48,0) : 4
(12,0) : 12
(47,1) : 4
(11,1) : 5
(29,0) : 1
(29,1) : 2
(5,0) : 33
(1,0) : 157
(45,4) : 1
(2,0) : 89
(11,0) : 11
(14,1) : 1
(3,0) : 54
(36,0) : 1
(40,0) : 1
(38,0) : 2
(12,1) : 2
(19,0) : 2
(8,1) : 3
(24,1) : 1
(28,1) : 1
(46,3) : 1
(16,0) : 10
(43,0) : 1
(9,0) : 15
(44,2) : 1
(47,2) : 3
(47,0) : 1
(42,1) : 1
(14,0) : 5
(34,0) : 1
(9,1) : 3
(6,1) : 1
(4,1) : 1
(15,1) : 1
(21,0) : 1
(17,0) : 1
(18,0) : 1
(0,0) : 2
(1,2) : 1
(7,1) : 1
(1,1) : 1
(0,1) : 2
