pop size : 10000, betaG : 0.08500, lambdaH : 0.10000, lambdaW : 0.00100, gamma : 0.12500, Tmax : 150.00, threshold of infected : 0.010
0.37 0.32 0.13 0.12 0.04 0.02 
0.2192 0.12 0.08 0.06 0.05 0.045 0.04 0.035 0.03 0.02 0.02 0.02 0.015 0.015 0.015 0.015 0.001 0.001 0.001 0.001 0.001 0.001 0.001 0.001 0.001 0.001 0.001 0.001 0.001 0.001 0.001 0.001 0.001 0.001 0.001 0.001 0.001 0.001 0.001 0.001 0.001 0.0001 0.0001 0.0001 0.0001 0.0001 0.0001 0.0001 0.0001 0.175 
Proportion of infected at cutoff : 0.0100
Proportion of susceptibles at cutoff : 0.9812
(50,0) : 59
(5,0) : 36
(49,1) : 18
(9,0) : 25
(13,1) : 2
(8,0) : 36
(18,1) : 1
(7,1) : 3
(46,2) : 2
(47,2) : 5
(14,0) : 12
(49,0) : 30
(1,0) : 141
(48,2) : 8
(10,0) : 19
(4,0) : 44
(12,0) : 12
(48,1) : 4
(17,1) : 1
(34,0) : 1
(7,0) : 22
(17,0) : 1
(13,0) : 11
(24,0) : 1
(6,0) : 29
(46,3) : 1
(2,0) : 95
(47,3) : 2
(44,2) : 1
(48,0) : 3
(14,1) : 1
(47,0) : 2
(3,0) : 55
(12,2) : 1
(6,1) : 1
(0,1) : 5
(16,0) : 7
(10,1) : 2
(47,1) : 1
(11,0) : 6
(23,1) : 1
(26,0) : 1
(15,0) : 8
(37,1) : 1
(43,4) : 1
(23,0) : 1
(21,0) : 1
(43,1) : 1
(11,1) : 1
(29,0) : 1
(3,1) : 1
(1,1) : 3
(15,1) : 1
(5,2) : 1
(2,1) : 1
(5,1) : 1
(4,1) : 1
