pop size : 10000, betaG : 0.08500, lambdaH : 0.10000, lambdaW : 0.00100, gamma : 0.12500, Tmax : 150.00, threshold of infected : 0.010
0.37 0.32 0.13 0.12 0.04 0.02 
0.2192 0.12 0.08 0.06 0.05 0.045 0.04 0.035 0.03 0.02 0.02 0.02 0.015 0.015 0.015 0.015 0.001 0.001 0.001 0.001 0.001 0.001 0.001 0.001 0.001 0.001 0.001 0.001 0.001 0.001 0.001 0.001 0.001 0.001 0.001 0.001 0.001 0.001 0.001 0.001 0.001 0.0001 0.0001 0.0001 0.0001 0.0001 0.0001 0.0001 0.0001 0.175 
Proportion of infected at cutoff : 0.0100
Proportion of susceptibles at cutoff : 0.9819
(7,0) : 27
(49,1) : 21
(48,0) : 5
(21,0) : 4
(4,0) : 46
(21,1) : 1
(50,0) : 69
(9,1) : 3
(49,0) : 15
(48,2) : 8
(14,0) : 11
(46,1) : 1
(5,0) : 40
(37,1) : 2
(6,0) : 30
(46,3) : 1
(12,0) : 11
(9,0) : 23
(8,0) : 24
(1,0) : 144
(48,1) : 3
(47,1) : 4
(15,0) : 8
(13,0) : 9
(2,0) : 83
(3,0) : 50
(47,3) : 1
(10,0) : 16
(16,0) : 4
(11,0) : 11
(20,2) : 1
(20,0) : 1
(10,1) : 3
(43,0) : 1
(47,2) : 2
(45,3) : 3
(37,0) : 1
(30,1) : 1
(35,0) : 1
(5,1) : 1
(28,0) : 1
(36,0) : 1
(14,1) : 1
(4,1) : 1
(3,1) : 4
(34,2) : 1
(29,0) : 2
(44,5) : 1
(8,1) : 2
(6,1) : 2
(19,0) : 1
(17,0) : 1
(18,0) : 1
(15,1) : 1
(11,1) : 2
(12,1) : 1
(13,1) : 1
(1,1) : 1
(0,0) : 2
