pop size : 10000, betaG : 0.08500, lambdaH : 0.10000, lambdaW : 0.00100, gamma : 0.12500, Tmax : 150.00, threshold of infected : 0.010
0.37 0.32 0.13 0.12 0.04 0.02 
0.2192 0.12 0.08 0.06 0.05 0.045 0.04 0.035 0.03 0.02 0.02 0.02 0.015 0.015 0.015 0.015 0.001 0.001 0.001 0.001 0.001 0.001 0.001 0.001 0.001 0.001 0.001 0.001 0.001 0.001 0.001 0.001 0.001 0.001 0.001 0.001 0.001 0.001 0.001 0.001 0.001 0.0001 0.0001 0.0001 0.0001 0.0001 0.0001 0.0001 0.0001 0.175 
Proportion of infected at cutoff : 0.0100
Proportion of susceptibles at cutoff : 0.9787
(50,0) : 57
(2,0) : 98
(7,0) : 24
(14,0) : 11
(49,0) : 16
(26,1) : 1
(48,1) : 9
(4,0) : 41
(12,0) : 15
(6,0) : 40
(32,0) : 2
(15,0) : 10
(1,0) : 153
(9,0) : 17
(48,2) : 4
(14,1) : 3
(32,1) : 2
(41,0) : 1
(16,0) : 13
(49,1) : 14
(10,0) : 16
(47,1) : 5
(8,0) : 19
(46,1) : 1
(30,0) : 1
(48,0) : 7
(47,0) : 1
(43,0) : 1
(3,0) : 60
(6,1) : 1
(5,0) : 43
(18,0) : 2
(13,0) : 11
(46,0) : 1
(17,1) : 2
(31,0) : 2
(45,1) : 1
(11,0) : 15
(26,0) : 1
(45,4) : 1
(17,0) : 1
(28,0) : 1
(44,5) : 1
(44,2) : 1
(47,3) : 2
(7,1) : 1
(8,1) : 3
(47,2) : 3
(44,6) : 1
(15,1) : 2
(43,2) : 1
(9,1) : 4
(23,0) : 1
(12,1) : 3
(11,1) : 2
(27,0) : 1
(27,1) : 1
(44,1) : 1
(10,1) : 1
(22,0) : 1
(19,0) : 1
(0,1) : 1
(4,1) : 1
(1,1) : 2
(0,0) : 2
