pop size : 10000, betaG : 0.08500, lambdaH : 0.10000, lambdaW : 0.00100, gamma : 0.12500, Tmax : 150.00, threshold of infected : 0.010
0.37 0.32 0.13 0.12 0.04 0.02 
0.2192 0.12 0.08 0.06 0.05 0.045 0.04 0.035 0.03 0.02 0.02 0.02 0.015 0.015 0.015 0.015 0.001 0.001 0.001 0.001 0.001 0.001 0.001 0.001 0.001 0.001 0.001 0.001 0.001 0.001 0.001 0.001 0.001 0.001 0.001 0.001 0.001 0.001 0.001 0.001 0.001 0.0001 0.0001 0.0001 0.0001 0.0001 0.0001 0.0001 0.0001 0.175 
Proportion of infected at cutoff : 0.0100
Proportion of susceptibles at cutoff : 0.9762
(50,0) : 50
(41,0) : 1
(5,0) : 43
(49,0) : 23
(46,2) : 3
(9,0) : 23
(49,1) : 19
(13,0) : 11
(1,0) : 183
(47,2) : 2
(2,0) : 106
(25,0) : 1
(46,1) : 3
(40,0) : 1
(8,0) : 26
(46,4) : 2
(23,0) : 1
(40,1) : 1
(45,2) : 1
(48,1) : 6
(29,0) : 1
(10,0) : 18
(48,0) : 8
(6,0) : 39
(10,1) : 1
(14,0) : 8
(47,1) : 4
(35,0) : 2
(20,0) : 1
(4,0) : 47
(7,0) : 36
(34,0) : 1
(48,2) : 4
(45,3) : 1
(11,0) : 9
(36,0) : 1
(14,1) : 1
(8,1) : 2
(15,0) : 7
(12,0) : 7
(3,0) : 55
(43,3) : 1
(17,0) : 1
(47,0) : 1
(16,0) : 6
(44,1) : 1
(30,1) : 1
(28,0) : 1
(9,1) : 1
(44,4) : 1
(21,0) : 1
(30,0) : 1
(14,2) : 1
(15,1) : 1
(6,1) : 1
(24,0) : 1
(17,1) : 1
(43,2) : 1
(7,1) : 1
(3,1) : 3
(45,4) : 1
(4,1) : 1
(0,1) : 3
(0,0) : 2
(11,2) : 1
(11,1) : 1
