pop size : 10000, betaG : 0.08500, lambdaH : 0.10000, lambdaW : 0.00100, gamma : 0.12500, Tmax : 150.00, threshold of infected : 0.010
0.37 0.32 0.13 0.12 0.04 0.02 
0.2192 0.12 0.08 0.06 0.05 0.045 0.04 0.035 0.03 0.02 0.02 0.02 0.015 0.015 0.015 0.015 0.001 0.001 0.001 0.001 0.001 0.001 0.001 0.001 0.001 0.001 0.001 0.001 0.001 0.001 0.001 0.001 0.001 0.001 0.001 0.001 0.001 0.001 0.001 0.001 0.001 0.0001 0.0001 0.0001 0.0001 0.0001 0.0001 0.0001 0.0001 0.175 
Proportion of infected at cutoff : 0.0100
Proportion of susceptibles at cutoff : 0.9771
(50,0) : 45
(49,0) : 17
(49,1) : 26
(7,0) : 40
(46,1) : 1
(16,0) : 9
(6,0) : 37
(4,0) : 54
(48,0) : 8
(3,0) : 66
(6,1) : 3
(43,2) : 1
(48,1) : 13
(8,0) : 22
(18,0) : 2
(47,1) : 6
(29,0) : 2
(10,1) : 5
(12,0) : 8
(9,0) : 33
(31,0) : 1
(15,0) : 6
(48,2) : 4
(38,0) : 1
(11,0) : 8
(46,3) : 1
(33,0) : 4
(21,0) : 1
(2,0) : 90
(1,0) : 168
(20,0) : 2
(14,0) : 11
(14,1) : 1
(46,0) : 1
(5,0) : 30
(40,6) : 1
(10,0) : 15
(9,1) : 3
(35,0) : 3
(13,2) : 1
(19,0) : 1
(46,4) : 1
(47,3) : 1
(15,1) : 1
(47,2) : 2
(17,0) : 2
(5,1) : 1
(47,0) : 1
(36,0) : 1
(13,0) : 9
(12,1) : 2
(7,1) : 2
(16,1) : 1
(1,1) : 2
(3,1) : 1
(0,0) : 2
