pop size : 10000, betaG : 0.08500, lambdaH : 0.10000, lambdaW : 0.00100, gamma : 0.12500, Tmax : 150.00, threshold of infected : 0.010
0.37 0.32 0.13 0.12 0.04 0.02 
0.2192 0.12 0.08 0.06 0.05 0.045 0.04 0.035 0.03 0.02 0.02 0.02 0.015 0.015 0.015 0.015 0.001 0.001 0.001 0.001 0.001 0.001 0.001 0.001 0.001 0.001 0.001 0.001 0.001 0.001 0.001 0.001 0.001 0.001 0.001 0.001 0.001 0.001 0.001 0.001 0.001 0.0001 0.0001 0.0001 0.0001 0.0001 0.0001 0.0001 0.0001 0.175 
Proportion of infected at cutoff : 0.0100
Proportion of susceptibles at cutoff : 0.9744
(47,0) : 5
(49,0) : 27
(50,0) : 42
(49,1) : 18
(5,0) : 32
(48,1) : 12
(11,1) : 3
(40,0) : 1
(45,1) : 1
(47,2) : 5
(14,0) : 11
(48,2) : 5
(16,0) : 7
(1,0) : 182
(20,0) : 1
(46,2) : 3
(8,0) : 17
(2,0) : 83
(44,0) : 1
(9,0) : 25
(13,0) : 9
(47,1) : 4
(46,3) : 3
(10,0) : 12
(6,0) : 29
(37,0) : 1
(48,0) : 7
(3,0) : 59
(38,0) : 2
(7,0) : 32
(45,2) : 1
(2,1) : 2
(18,0) : 1
(33,0) : 1
(19,0) : 2
(0,0) : 2
(8,1) : 1
(30,0) : 1
(29,0) : 1
(12,0) : 11
(46,1) : 1
(28,0) : 1
(15,0) : 7
(43,6) : 1
(31,0) : 1
(11,0) : 13
(4,1) : 3
(4,0) : 42
(44,1) : 2
(13,1) : 1
(1,1) : 3
(26,0) : 1
(9,1) : 3
(15,1) : 1
(14,1) : 1
(12,1) : 1
