pop size : 10000, betaG : 0.08500, lambdaH : 0.10000, lambdaW : 0.00100, gamma : 0.12500, Tmax : 150.00, threshold of infected : 0.010
0.37 0.32 0.13 0.12 0.04 0.02 
0.2192 0.12 0.08 0.06 0.05 0.045 0.04 0.035 0.03 0.02 0.02 0.02 0.015 0.015 0.015 0.015 0.001 0.001 0.001 0.001 0.001 0.001 0.001 0.001 0.001 0.001 0.001 0.001 0.001 0.001 0.001 0.001 0.001 0.001 0.001 0.001 0.001 0.001 0.001 0.001 0.001 0.0001 0.0001 0.0001 0.0001 0.0001 0.0001 0.0001 0.0001 0.175 
Proportion of infected at cutoff : 0.0100
Proportion of susceptibles at cutoff : 0.9685
(9,0) : 19
(47,0) : 4
(46,0) : 3
(49,1) : 9
(13,0) : 8
(40,1) : 1
(50,0) : 45
(48,0) : 11
(12,2) : 1
(16,0) : 5
(6,0) : 35
(15,0) : 9
(41,0) : 1
(3,0) : 61
(47,3) : 2
(47,1) : 6
(16,1) : 1
(5,0) : 44
(49,0) : 20
(45,3) : 1
(7,0) : 27
(8,0) : 26
(41,3) : 1
(11,0) : 20
(48,1) : 11
(21,0) : 2
(2,0) : 92
(1,0) : 202
(48,2) : 4
(31,1) : 1
(26,1) : 1
(20,0) : 1
(46,1) : 4
(33,0) : 1
(45,1) : 1
(10,0) : 13
(43,6) : 1
(19,0) : 1
(42,3) : 1
(4,0) : 39
(18,2) : 1
(32,0) : 2
(4,1) : 4
(14,0) : 4
(45,0) : 2
(8,1) : 2
(6,1) : 1
(47,2) : 1
(12,0) : 9
(25,0) : 2
(37,0) : 2
(46,2) : 1
(14,1) : 2
(39,0) : 1
(11,1) : 2
(12,1) : 1
(38,0) : 1
(35,0) : 1
(38,1) : 1
(7,1) : 1
(43,3) : 2
(18,0) : 1
(5,1) : 1
(26,0) : 1
(3,1) : 1
(1,1) : 2
(27,0) : 1
(2,1) : 3
(9,1) : 1
(0,0) : 1
