pop size : 10000, betaG : 0.08500, lambdaH : 0.10000, lambdaW : 0.00100, gamma : 0.12500, Tmax : 150.00, threshold of infected : 0.010
0.37 0.32 0.13 0.12 0.04 0.02 
0.2192 0.12 0.08 0.06 0.05 0.045 0.04 0.035 0.03 0.02 0.02 0.02 0.015 0.015 0.015 0.015 0.001 0.001 0.001 0.001 0.001 0.001 0.001 0.001 0.001 0.001 0.001 0.001 0.001 0.001 0.001 0.001 0.001 0.001 0.001 0.001 0.001 0.001 0.001 0.001 0.001 0.0001 0.0001 0.0001 0.0001 0.0001 0.0001 0.0001 0.0001 0.175 
Proportion of infected at cutoff : 0.0100
Proportion of susceptibles at cutoff : 0.9780
(50,0) : 49
(16,0) : 13
(14,0) : 15
(4,0) : 42
(48,2) : 8
(13,0) : 8
(2,0) : 92
(7,0) : 30
(49,0) : 19
(6,0) : 33
(49,1) : 12
(9,0) : 18
(44,3) : 1
(32,0) : 2
(39,0) : 2
(15,0) : 14
(44,4) : 1
(1,0) : 181
(48,0) : 7
(42,4) : 1
(46,1) : 3
(46,3) : 1
(24,0) : 2
(36,0) : 1
(12,0) : 14
(20,0) : 3
(3,0) : 65
(10,0) : 14
(47,1) : 4
(48,1) : 5
(45,2) : 3
(6,1) : 1
(8,0) : 13
(45,3) : 1
(47,2) : 5
(26,0) : 3
(21,0) : 1
(37,0) : 2
(8,1) : 2
(12,2) : 1
(25,0) : 3
(7,2) : 1
(38,0) : 1
(31,1) : 1
(11,1) : 3
(11,0) : 17
(47,0) : 2
(5,0) : 36
(4,1) : 3
(17,0) : 2
(25,1) : 1
(34,0) : 1
(31,0) : 4
(3,1) : 1
(28,0) : 1
(22,0) : 1
(7,1) : 2
(0,1) : 3
(38,1) : 1
(9,1) : 1
(5,1) : 1
(2,1) : 3
(0,0) : 2
