pop size : 10000, betaG : 0.08500, lambdaH : 0.10000, lambdaW : 0.00100, gamma : 0.12500, Tmax : 150.00, threshold of infected : 0.010
0.37 0.32 0.13 0.12 0.04 0.02 
0.2192 0.12 0.08 0.06 0.05 0.045 0.04 0.035 0.03 0.02 0.02 0.02 0.015 0.015 0.015 0.015 0.001 0.001 0.001 0.001 0.001 0.001 0.001 0.001 0.001 0.001 0.001 0.001 0.001 0.001 0.001 0.001 0.001 0.001 0.001 0.001 0.001 0.001 0.001 0.001 0.001 0.0001 0.0001 0.0001 0.0001 0.0001 0.0001 0.0001 0.0001 0.175 
Proportion of infected at cutoff : 0.0100
Proportion of susceptibles at cutoff : 0.9825
(49,1) : 23
(15,0) : 15
(50,0) : 60
(48,1) : 7
(10,0) : 17
(11,1) : 1
(47,1) : 3
(48,2) : 5
(6,0) : 22
(45,2) : 1
(12,0) : 22
(49,0) : 23
(3,0) : 54
(11,0) : 21
(5,0) : 36
(48,0) : 5
(16,0) : 10
(8,0) : 19
(14,0) : 8
(46,1) : 1
(2,0) : 101
(7,0) : 21
(46,2) : 1
(47,2) : 1
(13,0) : 7
(1,0) : 139
(46,4) : 1
(46,3) : 1
(47,3) : 4
(9,0) : 17
(4,0) : 33
(12,1) : 2
(40,0) : 1
(30,0) : 1
(33,0) : 1
(20,0) : 1
(5,1) : 3
(32,0) : 1
(27,0) : 2
(10,1) : 4
(30,2) : 1
(34,0) : 1
(21,0) : 1
(37,0) : 1
(4,1) : 2
(8,2) : 1
(6,1) : 2
(13,1) : 1
(3,1) : 3
(11,2) : 1
(7,1) : 1
(7,2) : 1
(2,1) : 1
(0,1) : 3
