pop size : 10000, betaG : 0.08500, lambdaH : 0.10000, lambdaW : 0.00100, gamma : 0.12500, Tmax : 150.00, threshold of infected : 0.010
0.37 0.32 0.13 0.12 0.04 0.02 
0.2192 0.12 0.08 0.06 0.05 0.045 0.04 0.035 0.03 0.02 0.02 0.02 0.015 0.015 0.015 0.015 0.001 0.001 0.001 0.001 0.001 0.001 0.001 0.001 0.001 0.001 0.001 0.001 0.001 0.001 0.001 0.001 0.001 0.001 0.001 0.001 0.001 0.001 0.001 0.001 0.001 0.0001 0.0001 0.0001 0.0001 0.0001 0.0001 0.0001 0.0001 0.175 
Proportion of infected at cutoff : 0.0100
Proportion of susceptibles at cutoff : 0.9767
(48,0) : 5
(48,1) : 12
(5,0) : 32
(50,0) : 55
(9,0) : 20
(28,0) : 1
(14,0) : 14
(3,0) : 68
(2,0) : 90
(16,0) : 4
(49,1) : 13
(49,0) : 23
(47,0) : 3
(8,0) : 33
(4,0) : 37
(11,0) : 16
(48,2) : 2
(23,0) : 2
(33,1) : 1
(13,0) : 8
(1,0) : 163
(7,0) : 30
(27,1) : 1
(47,2) : 3
(10,0) : 13
(43,2) : 2
(32,0) : 1
(44,2) : 1
(12,1) : 3
(42,2) : 2
(38,1) : 1
(46,3) : 1
(15,0) : 12
(6,0) : 28
(36,1) : 1
(24,0) : 2
(41,0) : 2
(6,1) : 2
(13,1) : 1
(47,1) : 3
(30,4) : 1
(37,1) : 1
(11,1) : 2
(29,0) : 2
(12,0) : 14
(47,3) : 1
(0,1) : 2
(36,0) : 1
(21,1) : 1
(45,4) : 1
(7,1) : 2
(26,1) : 1
(8,1) : 1
(34,0) : 2
(46,4) : 1
(16,1) : 1
(17,0) : 1
(9,2) : 1
(5,1) : 3
(1,1) : 4
(3,1) : 3
(4,1) : 1
