pop size : 10000, betaG : 0.08500, lambdaH : 0.10000, lambdaW : 0.00100, gamma : 0.12500, Tmax : 150.00, threshold of infected : 0.010
0.37 0.32 0.13 0.12 0.04 0.02 
0.2192 0.12 0.08 0.06 0.05 0.045 0.04 0.035 0.03 0.02 0.02 0.02 0.015 0.015 0.015 0.015 0.001 0.001 0.001 0.001 0.001 0.001 0.001 0.001 0.001 0.001 0.001 0.001 0.001 0.001 0.001 0.001 0.001 0.001 0.001 0.001 0.001 0.001 0.001 0.001 0.001 0.0001 0.0001 0.0001 0.0001 0.0001 0.0001 0.0001 0.0001 0.175 
Proportion of infected at cutoff : 0.0100
Proportion of susceptibles at cutoff : 0.9696
(47,0) : 8
(49,0) : 28
(17,0) : 1
(6,0) : 27
(48,0) : 12
(5,0) : 35
(15,1) : 1
(50,0) : 36
(14,0) : 11
(1,0) : 136
(8,0) : 21
(47,3) : 2
(7,0) : 23
(13,0) : 16
(45,1) : 1
(11,1) : 3
(12,0) : 11
(48,1) : 9
(46,4) : 2
(48,2) : 3
(39,0) : 1
(46,0) : 1
(49,1) : 11
(30,0) : 1
(46,2) : 3
(5,1) : 1
(47,1) : 8
(29,0) : 2
(45,0) : 2
(2,0) : 91
(47,2) : 2
(24,0) : 1
(26,0) : 2
(36,0) : 1
(35,0) : 1
(10,0) : 12
(11,0) : 17
(43,3) : 1
(45,3) : 2
(16,0) : 6
(46,1) : 2
(39,1) : 1
(24,1) : 1
(4,0) : 29
(3,0) : 53
(34,0) : 1
(43,0) : 1
(46,3) : 1
(12,1) : 1
(40,0) : 1
(9,0) : 20
(0,0) : 5
(15,0) : 5
(29,1) : 1
(13,1) : 2
(9,1) : 1
(34,1) : 1
(4,1) : 3
(32,0) : 1
(23,1) : 1
(10,1) : 2
(3,1) : 3
(14,1) : 1
(21,0) : 1
(23,0) : 1
(2,1) : 2
(8,2) : 1
