pop size : 10000, betaG : 0.08500, lambdaH : 0.10000, lambdaW : 0.00100, gamma : 0.12500, Tmax : 150.00, threshold of infected : 0.010
0.37 0.32 0.13 0.12 0.04 0.02 
0.2192 0.12 0.08 0.06 0.05 0.045 0.04 0.035 0.03 0.02 0.02 0.02 0.015 0.015 0.015 0.015 0.001 0.001 0.001 0.001 0.001 0.001 0.001 0.001 0.001 0.001 0.001 0.001 0.001 0.001 0.001 0.001 0.001 0.001 0.001 0.001 0.001 0.001 0.001 0.001 0.001 0.0001 0.0001 0.0001 0.0001 0.0001 0.0001 0.0001 0.0001 0.175 
Proportion of infected at cutoff : 0.0100
Proportion of susceptibles at cutoff : 0.9780
(50,0) : 61
(48,1) : 8
(47,0) : 1
(48,0) : 4
(9,0) : 24
(33,0) : 3
(49,0) : 17
(11,0) : 15
(4,0) : 48
(0,1) : 1
(40,4) : 1
(47,1) : 4
(13,0) : 6
(40,0) : 1
(15,0) : 14
(49,1) : 20
(31,0) : 1
(14,0) : 12
(8,0) : 27
(27,1) : 1
(1,0) : 155
(3,0) : 60
(5,1) : 2
(48,2) : 6
(16,0) : 5
(46,2) : 3
(19,2) : 1
(6,0) : 34
(35,1) : 1
(12,0) : 12
(45,0) : 1
(2,0) : 67
(11,1) : 3
(14,1) : 4
(25,0) : 1
(5,0) : 37
(10,0) : 15
(35,0) : 1
(41,0) : 1
(45,1) : 1
(10,1) : 3
(45,4) : 1
(7,0) : 31
(37,1) : 1
(21,0) : 1
(30,0) : 1
(1,1) : 3
(47,3) : 1
(9,1) : 2
(34,0) : 1
(13,1) : 2
(17,1) : 1
(36,0) : 1
(12,1) : 1
(3,1) : 2
(4,1) : 1
(8,1) : 1
(6,1) : 2
(8,2) : 1
(0,0) : 1
(2,1) : 2
(7,1) : 1
