pop size : 10000, betaG : 0.08500, lambdaH : 0.10000, lambdaW : 0.00100, gamma : 0.12500, Tmax : 150.00, threshold of infected : 0.010
0.37 0.32 0.13 0.12 0.04 0.02 
0.2192 0.12 0.08 0.06 0.05 0.045 0.04 0.035 0.03 0.02 0.02 0.02 0.015 0.015 0.015 0.015 0.001 0.001 0.001 0.001 0.001 0.001 0.001 0.001 0.001 0.001 0.001 0.001 0.001 0.001 0.001 0.001 0.001 0.001 0.001 0.001 0.001 0.001 0.001 0.001 0.001 0.0001 0.0001 0.0001 0.0001 0.0001 0.0001 0.0001 0.0001 0.175 
Proportion of infected at cutoff : 0.0100
Proportion of susceptibles at cutoff : 0.9816
(50,0) : 56
(12,0) : 8
(4,1) : 2
(14,0) : 14
(49,1) : 22
(49,0) : 21
(6,0) : 27
(5,0) : 54
(48,2) : 7
(7,0) : 38
(28,1) : 1
(2,0) : 83
(10,0) : 14
(47,1) : 2
(16,0) : 11
(3,0) : 56
(4,0) : 41
(48,1) : 11
(1,0) : 183
(15,0) : 9
(47,2) : 2
(47,0) : 1
(23,0) : 1
(8,0) : 25
(11,0) : 19
(13,0) : 10
(14,2) : 1
(35,0) : 2
(48,0) : 5
(39,6) : 1
(31,0) : 1
(15,1) : 1
(6,1) : 4
(36,0) : 1
(9,1) : 2
(43,4) : 1
(46,2) : 1
(9,0) : 11
(30,0) : 1
(46,3) : 1
(32,2) : 1
(40,0) : 1
(33,0) : 1
(42,0) : 1
(11,1) : 1
(12,1) : 1
(45,3) : 1
(21,0) : 1
(3,1) : 2
(5,1) : 2
(7,1) : 2
(18,0) : 1
(13,1) : 2
(13,2) : 1
(14,1) : 1
(2,1) : 1
(0,1) : 1
