pop size : 10000, betaG : 0.08500, lambdaH : 0.10000, lambdaW : 0.00100, gamma : 0.12500, Tmax : 150.00, threshold of infected : 0.010
0.37 0.32 0.13 0.12 0.04 0.02 
0.2192 0.12 0.08 0.06 0.05 0.045 0.04 0.035 0.03 0.02 0.02 0.02 0.015 0.015 0.015 0.015 0.001 0.001 0.001 0.001 0.001 0.001 0.001 0.001 0.001 0.001 0.001 0.001 0.001 0.001 0.001 0.001 0.001 0.001 0.001 0.001 0.001 0.001 0.001 0.001 0.001 0.0001 0.0001 0.0001 0.0001 0.0001 0.0001 0.0001 0.0001 0.175 
Proportion of infected at cutoff : 0.0100
Proportion of susceptibles at cutoff : 0.9774
(50,0) : 56
(49,1) : 16
(48,1) : 9
(16,0) : 11
(48,2) : 7
(27,0) : 1
(49,0) : 16
(12,0) : 9
(47,1) : 4
(14,2) : 1
(47,0) : 2
(3,0) : 69
(33,0) : 1
(47,2) : 2
(4,0) : 49
(7,0) : 20
(6,0) : 32
(9,0) : 29
(8,0) : 28
(9,1) : 1
(14,0) : 14
(36,1) : 1
(38,1) : 1
(24,0) : 1
(45,0) : 1
(44,3) : 1
(5,0) : 35
(38,0) : 3
(11,0) : 5
(2,0) : 98
(13,0) : 8
(10,0) : 17
(45,3) : 2
(37,1) : 1
(7,1) : 1
(1,0) : 179
(44,1) : 1
(15,0) : 12
(12,1) : 5
(31,0) : 1
(11,1) : 1
(48,0) : 6
(22,2) : 1
(45,1) : 1
(40,2) : 1
(26,0) : 1
(46,1) : 1
(20,0) : 1
(10,1) : 3
(46,0) : 1
(34,0) : 1
(19,0) : 2
(18,0) : 1
(46,4) : 1
(5,1) : 4
(13,2) : 1
(29,0) : 1
(8,1) : 1
(12,2) : 1
(14,1) : 1
(4,1) : 1
(23,0) : 1
(6,1) : 1
(0,0) : 2
(7,2) : 1
(2,1) : 2
(0,1) : 1
