pop size : 10000, betaG : 0.08500, lambdaH : 0.10000, lambdaW : 0.00100, gamma : 0.12500, Tmax : 150.00, threshold of infected : 0.010
0.37 0.32 0.13 0.12 0.04 0.02 
0.2192 0.12 0.08 0.06 0.05 0.045 0.04 0.035 0.03 0.02 0.02 0.02 0.015 0.015 0.015 0.015 0.001 0.001 0.001 0.001 0.001 0.001 0.001 0.001 0.001 0.001 0.001 0.001 0.001 0.001 0.001 0.001 0.001 0.001 0.001 0.001 0.001 0.001 0.001 0.001 0.001 0.0001 0.0001 0.0001 0.0001 0.0001 0.0001 0.0001 0.0001 0.175 
Proportion of infected at cutoff : 0.0100
Proportion of susceptibles at cutoff : 0.9720
(10,0) : 15
(44,1) : 2
(48,1) : 8
(13,0) : 11
(49,0) : 22
(50,0) : 47
(16,0) : 7
(14,0) : 6
(47,0) : 8
(44,4) : 1
(49,1) : 17
(5,0) : 33
(9,0) : 18
(48,0) : 8
(39,0) : 2
(35,1) : 1
(14,2) : 2
(4,0) : 41
(46,1) : 2
(33,0) : 2
(3,0) : 56
(2,0) : 81
(21,0) : 2
(1,0) : 131
(45,2) : 2
(46,2) : 3
(47,1) : 2
(47,2) : 4
(47,3) : 2
(3,1) : 4
(11,0) : 15
(0,0) : 2
(12,1) : 1
(11,1) : 3
(7,0) : 28
(6,0) : 23
(45,0) : 1
(18,0) : 2
(46,0) : 1
(38,0) : 1
(15,0) : 12
(12,0) : 14
(29,0) : 1
(9,1) : 1
(46,3) : 1
(8,0) : 25
(48,2) : 3
(10,1) : 1
(14,1) : 1
(41,0) : 1
(45,3) : 1
(7,1) : 3
(28,0) : 1
(23,2) : 1
(27,0) : 1
(17,0) : 1
(20,0) : 1
(4,1) : 2
(15,1) : 1
(22,0) : 1
(1,1) : 1
(3,2) : 1
(5,1) : 1
(0,1) : 1
