pop size : 10000, betaG : 0.08500, lambdaH : 0.10000, lambdaW : 0.00100, gamma : 0.12500, Tmax : 150.00, threshold of infected : 0.010
0.37 0.32 0.13 0.12 0.04 0.02 
0.2192 0.12 0.08 0.06 0.05 0.045 0.04 0.035 0.03 0.02 0.02 0.02 0.015 0.015 0.015 0.015 0.001 0.001 0.001 0.001 0.001 0.001 0.001 0.001 0.001 0.001 0.001 0.001 0.001 0.001 0.001 0.001 0.001 0.001 0.001 0.001 0.001 0.001 0.001 0.001 0.001 0.0001 0.0001 0.0001 0.0001 0.0001 0.0001 0.0001 0.0001 0.175 
Proportion of infected at cutoff : 0.0100
Proportion of susceptibles at cutoff : 0.9794
(50,0) : 62
(48,0) : 6
(47,3) : 1
(11,1) : 2
(14,0) : 15
(48,1) : 10
(8,0) : 28
(6,0) : 30
(11,0) : 20
(49,0) : 18
(7,0) : 29
(1,0) : 178
(49,1) : 15
(13,1) : 2
(36,0) : 1
(4,1) : 1
(47,1) : 2
(44,2) : 1
(45,4) : 1
(9,0) : 20
(4,0) : 38
(18,1) : 1
(31,1) : 1
(42,2) : 1
(48,2) : 8
(10,0) : 12
(15,1) : 2
(3,0) : 64
(16,0) : 8
(15,0) : 11
(46,1) : 1
(9,1) : 1
(2,0) : 84
(5,1) : 3
(45,1) : 2
(29,0) : 2
(45,5) : 1
(5,0) : 42
(12,0) : 10
(40,0) : 1
(13,0) : 4
(2,1) : 3
(47,0) : 1
(21,0) : 1
(46,4) : 1
(32,1) : 1
(34,2) : 1
(14,1) : 1
(17,0) : 1
(34,0) : 1
(28,1) : 1
(12,2) : 1
(12,1) : 1
(8,2) : 1
(32,0) : 1
(47,2) : 1
(0,0) : 4
(33,0) : 1
(6,1) : 3
(28,0) : 1
(8,1) : 1
(3,1) : 1
(1,1) : 1
