pop size : 10000, betaG : 0.08500, lambdaH : 0.10000, lambdaW : 0.00100, gamma : 0.12500, Tmax : 150.00, threshold of infected : 0.010
0.37 0.32 0.13 0.12 0.04 0.02 
0.2192 0.12 0.08 0.06 0.05 0.045 0.04 0.035 0.03 0.02 0.02 0.02 0.015 0.015 0.015 0.015 0.001 0.001 0.001 0.001 0.001 0.001 0.001 0.001 0.001 0.001 0.001 0.001 0.001 0.001 0.001 0.001 0.001 0.001 0.001 0.001 0.001 0.001 0.001 0.001 0.001 0.0001 0.0001 0.0001 0.0001 0.0001 0.0001 0.0001 0.0001 0.175 
Proportion of infected at cutoff : 0.0100
Proportion of susceptibles at cutoff : 0.9759
(49,1) : 11
(46,3) : 2
(47,0) : 4
(50,0) : 54
(47,2) : 4
(46,0) : 1
(2,0) : 78
(4,0) : 49
(17,0) : 2
(12,0) : 11
(25,0) : 1
(41,0) : 1
(23,0) : 2
(6,0) : 34
(48,1) : 15
(7,0) : 25
(5,0) : 39
(48,2) : 7
(44,4) : 1
(14,0) : 10
(13,0) : 9
(49,0) : 18
(10,0) : 11
(15,0) : 10
(9,0) : 22
(3,0) : 64
(48,0) : 7
(46,1) : 1
(16,0) : 8
(47,1) : 2
(39,2) : 1
(44,5) : 1
(46,2) : 1
(11,0) : 13
(45,0) : 2
(45,4) : 1
(45,3) : 1
(18,0) : 1
(15,1) : 2
(40,0) : 1
(1,0) : 151
(8,0) : 17
(28,0) : 2
(8,1) : 3
(32,0) : 1
(21,0) : 1
(42,1) : 1
(39,1) : 1
(38,0) : 1
(29,0) : 1
(14,1) : 2
(10,1) : 1
(39,0) : 1
(6,1) : 1
(8,2) : 1
(19,0) : 2
(20,0) : 2
(1,1) : 2
(2,1) : 1
(12,1) : 1
(0,0) : 3
(4,1) : 1
(7,1) : 1
(5,1) : 1
(0,1) : 3
