pop size : 10000, betaG : 0.08500, lambdaH : 0.10000, lambdaW : 0.00100, gamma : 0.12500, Tmax : 150.00, threshold of infected : 0.010
0.37 0.32 0.13 0.12 0.04 0.02 
0.2192 0.12 0.08 0.06 0.05 0.045 0.04 0.035 0.03 0.02 0.02 0.02 0.015 0.015 0.015 0.015 0.001 0.001 0.001 0.001 0.001 0.001 0.001 0.001 0.001 0.001 0.001 0.001 0.001 0.001 0.001 0.001 0.001 0.001 0.001 0.001 0.001 0.001 0.001 0.001 0.001 0.0001 0.0001 0.0001 0.0001 0.0001 0.0001 0.0001 0.0001 0.175 
Proportion of infected at cutoff : 0.0100
Proportion of susceptibles at cutoff : 0.9745
(50,0) : 49
(3,0) : 52
(47,2) : 2
(6,0) : 39
(19,0) : 1
(24,0) : 2
(48,1) : 11
(49,1) : 17
(47,1) : 5
(5,0) : 34
(9,0) : 22
(49,0) : 15
(48,0) : 11
(17,0) : 1
(16,0) : 8
(47,0) : 3
(4,0) : 41
(48,2) : 7
(5,1) : 4
(1,0) : 139
(11,1) : 2
(13,0) : 8
(8,0) : 29
(39,0) : 2
(10,0) : 17
(42,2) : 1
(2,0) : 83
(33,0) : 2
(1,1) : 3
(26,2) : 1
(23,0) : 1
(14,0) : 8
(15,0) : 11
(32,0) : 1
(28,1) : 1
(40,0) : 2
(12,0) : 14
(46,2) : 1
(46,0) : 2
(11,0) : 14
(45,0) : 2
(38,0) : 1
(47,3) : 1
(8,1) : 1
(6,1) : 1
(42,6) : 1
(7,0) : 25
(29,0) : 1
(10,1) : 4
(4,1) : 3
(9,1) : 4
(0,0) : 3
(12,1) : 1
(30,0) : 1
(46,3) : 1
(21,0) : 1
(14,1) : 1
(34,0) : 1
(13,1) : 2
(46,1) : 1
(7,1) : 1
(2,1) : 2
