pop size : 10000, betaG : 0.08500, lambdaH : 0.10000, lambdaW : 0.00100, gamma : 0.12500, Tmax : 150.00, threshold of infected : 0.010
0.37 0.32 0.13 0.12 0.04 0.02 
0.2192 0.12 0.08 0.06 0.05 0.045 0.04 0.035 0.03 0.02 0.02 0.02 0.015 0.015 0.015 0.015 0.001 0.001 0.001 0.001 0.001 0.001 0.001 0.001 0.001 0.001 0.001 0.001 0.001 0.001 0.001 0.001 0.001 0.001 0.001 0.001 0.001 0.001 0.001 0.001 0.001 0.0001 0.0001 0.0001 0.0001 0.0001 0.0001 0.0001 0.0001 0.175 
Proportion of infected at cutoff : 0.0100
Proportion of susceptibles at cutoff : 0.9750
(49,0) : 24
(50,0) : 41
(47,0) : 3
(30,0) : 1
(10,0) : 21
(23,0) : 1
(2,0) : 100
(49,1) : 22
(4,0) : 40
(48,2) : 5
(16,0) : 7
(46,0) : 2
(48,1) : 12
(32,0) : 1
(1,0) : 163
(12,0) : 12
(47,1) : 4
(48,0) : 6
(7,1) : 2
(6,1) : 3
(27,1) : 2
(13,0) : 8
(14,1) : 4
(0,0) : 4
(45,4) : 1
(27,0) : 2
(6,0) : 27
(14,0) : 10
(29,0) : 1
(7,0) : 21
(3,0) : 63
(9,0) : 25
(5,0) : 41
(44,2) : 2
(47,3) : 1
(41,0) : 1
(8,0) : 34
(15,0) : 9
(21,0) : 2
(33,0) : 2
(10,1) : 3
(44,1) : 1
(36,0) : 1
(47,2) : 2
(38,0) : 1
(46,2) : 2
(11,0) : 9
(13,1) : 2
(28,1) : 1
(39,0) : 1
(11,1) : 1
(19,0) : 1
(43,4) : 1
(22,0) : 1
(46,1) : 1
(4,1) : 1
(9,1) : 1
(3,1) : 1
(5,1) : 1
(17,0) : 1
(2,1) : 4
(1,1) : 1
