pop size : 10000, betaG : 0.08500, lambdaH : 0.10000, lambdaW : 0.00100, gamma : 0.12500, Tmax : 150.00, threshold of infected : 0.010
0.37 0.32 0.13 0.12 0.04 0.02 
0.2192 0.12 0.08 0.06 0.05 0.045 0.04 0.035 0.03 0.02 0.02 0.02 0.015 0.015 0.015 0.015 0.001 0.001 0.001 0.001 0.001 0.001 0.001 0.001 0.001 0.001 0.001 0.001 0.001 0.001 0.001 0.001 0.001 0.001 0.001 0.001 0.001 0.001 0.001 0.001 0.001 0.0001 0.0001 0.0001 0.0001 0.0001 0.0001 0.0001 0.0001 0.175 
Proportion of infected at cutoff : 0.0100
Proportion of susceptibles at cutoff : 0.9674
(49,0) : 16
(15,0) : 15
(6,1) : 3
(50,0) : 35
(16,0) : 8
(42,1) : 1
(2,0) : 81
(47,0) : 7
(15,1) : 3
(12,0) : 18
(48,0) : 17
(49,1) : 13
(46,2) : 3
(48,1) : 9
(4,0) : 42
(5,0) : 42
(21,0) : 2
(46,3) : 1
(25,0) : 1
(8,0) : 28
(13,0) : 7
(9,0) : 19
(47,1) : 8
(47,2) : 5
(48,2) : 3
(13,1) : 1
(41,0) : 1
(28,0) : 1
(11,0) : 12
(3,0) : 58
(1,0) : 155
(6,0) : 34
(5,1) : 4
(31,0) : 3
(26,0) : 2
(10,0) : 14
(7,0) : 26
(44,1) : 1
(17,0) : 2
(44,3) : 1
(14,0) : 4
(46,1) : 3
(3,1) : 1
(47,3) : 1
(8,1) : 3
(44,0) : 1
(34,0) : 1
(33,0) : 1
(23,0) : 2
(32,0) : 2
(9,1) : 1
(31,1) : 1
(45,0) : 2
(10,2) : 1
(4,2) : 1
(34,1) : 1
(14,1) : 1
(11,1) : 1
(22,0) : 1
(20,1) : 1
(10,1) : 2
(24,0) : 2
(30,0) : 1
(7,1) : 1
(4,1) : 3
(12,1) : 1
(1,1) : 1
(0,0) : 3
(0,1) : 1
