pop size : 10000, betaG : 0.08500, lambdaH : 0.10000, lambdaW : 0.00100, gamma : 0.12500, Tmax : 150.00, threshold of infected : 0.010
0.37 0.32 0.13 0.12 0.04 0.02 
0.2192 0.12 0.08 0.06 0.05 0.045 0.04 0.035 0.03 0.02 0.02 0.02 0.015 0.015 0.015 0.015 0.001 0.001 0.001 0.001 0.001 0.001 0.001 0.001 0.001 0.001 0.001 0.001 0.001 0.001 0.001 0.001 0.001 0.001 0.001 0.001 0.001 0.001 0.001 0.001 0.001 0.0001 0.0001 0.0001 0.0001 0.0001 0.0001 0.0001 0.0001 0.175 
Proportion of infected at cutoff : 0.0100
Proportion of susceptibles at cutoff : 0.9694
(1,0) : 163
(50,0) : 39
(9,0) : 17
(12,0) : 15
(47,1) : 6
(6,0) : 44
(47,0) : 6
(48,0) : 11
(49,0) : 21
(48,2) : 5
(3,0) : 66
(48,1) : 11
(8,0) : 28
(16,0) : 11
(49,1) : 10
(5,0) : 32
(25,0) : 1
(7,0) : 24
(43,5) : 1
(43,0) : 2
(2,0) : 78
(15,0) : 7
(34,0) : 1
(10,0) : 19
(18,0) : 2
(9,1) : 3
(46,1) : 5
(32,0) : 1
(37,1) : 2
(14,0) : 12
(33,1) : 1
(4,0) : 53
(33,0) : 2
(45,0) : 2
(12,1) : 2
(19,0) : 2
(13,2) : 1
(19,2) : 1
(11,0) : 18
(13,0) : 6
(46,0) : 2
(46,4) : 1
(38,0) : 1
(37,0) : 1
(31,0) : 1
(46,2) : 1
(20,0) : 2
(6,1) : 1
(10,2) : 1
(45,2) : 1
(47,2) : 2
(3,1) : 4
(23,0) : 1
(15,1) : 2
(9,2) : 1
(4,1) : 1
(10,1) : 1
(45,4) : 1
(7,1) : 1
(5,2) : 1
(8,1) : 1
(17,1) : 1
(0,0) : 4
(5,1) : 1
(18,1) : 1
(1,1) : 3
(21,0) : 1
(0,1) : 2
