pop size : 10000, betaG : 0.08500, lambdaH : 0.10000, lambdaW : 0.00100, gamma : 0.12500, Tmax : 150.00, threshold of infected : 0.010
0.37 0.32 0.13 0.12 0.04 0.02 
0.2192 0.12 0.08 0.06 0.05 0.045 0.04 0.035 0.03 0.02 0.02 0.02 0.015 0.015 0.015 0.015 0.001 0.001 0.001 0.001 0.001 0.001 0.001 0.001 0.001 0.001 0.001 0.001 0.001 0.001 0.001 0.001 0.001 0.001 0.001 0.001 0.001 0.001 0.001 0.001 0.001 0.0001 0.0001 0.0001 0.0001 0.0001 0.0001 0.0001 0.0001 0.175 
Proportion of infected at cutoff : 0.0100
Proportion of susceptibles at cutoff : 0.9834
(50,0) : 74
(13,0) : 10
(49,0) : 15
(49,1) : 19
(47,2) : 5
(1,0) : 141
(14,0) : 8
(38,0) : 2
(23,1) : 1
(48,0) : 4
(37,2) : 1
(16,0) : 4
(11,1) : 1
(12,0) : 9
(40,0) : 3
(3,0) : 57
(6,0) : 29
(47,3) : 2
(48,2) : 6
(8,0) : 27
(2,0) : 74
(45,3) : 1
(10,0) : 11
(6,1) : 3
(39,2) : 1
(27,1) : 1
(37,0) : 1
(48,1) : 5
(11,0) : 13
(46,3) : 3
(45,4) : 1
(5,0) : 37
(4,0) : 34
(15,0) : 6
(44,0) : 1
(9,0) : 18
(43,3) : 1
(34,0) : 2
(7,0) : 26
(47,1) : 1
(14,1) : 1
(46,2) : 1
(27,0) : 1
(47,0) : 1
(7,1) : 1
(12,1) : 1
(5,1) : 1
(15,1) : 2
(2,1) : 2
(43,0) : 1
(39,0) : 1
(28,1) : 1
(3,1) : 2
(8,1) : 2
(0,0) : 1
(1,1) : 1
(4,1) : 1
(0,1) : 1
