pop size : 10000, betaG : 0.08500, lambdaH : 0.10000, lambdaW : 0.00100, gamma : 0.12500, Tmax : 150.00, threshold of infected : 0.010
0.37 0.32 0.13 0.12 0.04 0.02 
0.2192 0.12 0.08 0.06 0.05 0.045 0.04 0.035 0.03 0.02 0.02 0.02 0.015 0.015 0.015 0.015 0.001 0.001 0.001 0.001 0.001 0.001 0.001 0.001 0.001 0.001 0.001 0.001 0.001 0.001 0.001 0.001 0.001 0.001 0.001 0.001 0.001 0.001 0.001 0.001 0.001 0.0001 0.0001 0.0001 0.0001 0.0001 0.0001 0.0001 0.0001 0.175 
Proportion of infected at cutoff : 0.0100
Proportion of susceptibles at cutoff : 0.9759
(48,2) : 9
(48,0) : 11
(50,0) : 43
(2,0) : 101
(49,0) : 26
(7,0) : 33
(48,1) : 10
(47,2) : 3
(47,0) : 5
(43,4) : 2
(45,1) : 1
(1,0) : 145
(49,1) : 19
(10,0) : 14
(6,0) : 38
(5,1) : 3
(9,0) : 16
(46,0) : 2
(46,2) : 2
(16,0) : 2
(5,0) : 29
(12,0) : 12
(8,0) : 27
(13,0) : 11
(22,2) : 1
(3,0) : 50
(37,0) : 1
(12,1) : 3
(4,0) : 36
(11,0) : 12
(44,1) : 1
(14,0) : 11
(36,0) : 3
(15,0) : 8
(21,1) : 1
(23,1) : 1
(13,1) : 1
(47,1) : 2
(17,1) : 1
(11,1) : 1
(45,3) : 1
(44,0) : 1
(10,1) : 1
(31,0) : 2
(31,2) : 1
(0,1) : 1
(16,1) : 1
(25,0) : 1
(3,1) : 1
(8,1) : 2
(45,4) : 1
(26,0) : 1
(17,0) : 1
(14,1) : 1
(6,1) : 1
(2,1) : 1
(0,0) : 2
