pop size : 10000, betaG : 0.08500, lambdaH : 0.10000, lambdaW : 0.00100, gamma : 0.12500, Tmax : 150.00, threshold of infected : 0.010
0.37 0.32 0.13 0.12 0.04 0.02 
0.2192 0.12 0.08 0.06 0.05 0.045 0.04 0.035 0.03 0.02 0.02 0.02 0.015 0.015 0.015 0.015 0.001 0.001 0.001 0.001 0.001 0.001 0.001 0.001 0.001 0.001 0.001 0.001 0.001 0.001 0.001 0.001 0.001 0.001 0.001 0.001 0.001 0.001 0.001 0.001 0.001 0.0001 0.0001 0.0001 0.0001 0.0001 0.0001 0.0001 0.0001 0.175 
Proportion of infected at cutoff : 0.0100
Proportion of susceptibles at cutoff : 0.9789
(12,0) : 21
(16,0) : 14
(11,0) : 13
(50,0) : 57
(2,0) : 82
(15,0) : 9
(40,1) : 1
(1,0) : 175
(49,0) : 20
(47,1) : 4
(4,0) : 43
(46,3) : 1
(31,0) : 2
(47,3) : 1
(49,1) : 19
(48,0) : 6
(26,1) : 1
(9,0) : 19
(3,0) : 58
(9,1) : 3
(13,0) : 15
(5,0) : 34
(10,0) : 15
(41,6) : 1
(48,1) : 10
(24,0) : 1
(46,0) : 1
(11,1) : 4
(18,0) : 1
(14,1) : 2
(6,0) : 24
(5,1) : 3
(22,0) : 2
(8,0) : 24
(8,1) : 1
(7,0) : 21
(46,2) : 3
(2,1) : 2
(14,0) : 10
(48,2) : 3
(15,1) : 1
(43,5) : 1
(27,0) : 1
(37,0) : 2
(25,0) : 1
(21,0) : 1
(6,1) : 2
(0,1) : 2
(34,0) : 1
(44,2) : 1
(47,0) : 1
(24,1) : 1
(20,1) : 1
(8,2) : 1
(29,1) : 1
(33,0) : 1
(10,2) : 1
(7,1) : 2
(0,0) : 3
(23,1) : 1
(1,1) : 1
(4,1) : 2
(10,1) : 1
