pop size : 10000, betaG : 0.08500, lambdaH : 0.10000, lambdaW : 0.00100, gamma : 0.12500, Tmax : 150.00, threshold of infected : 0.010
0.37 0.32 0.13 0.12 0.04 0.02 
0.2192 0.12 0.08 0.06 0.05 0.045 0.04 0.035 0.03 0.02 0.02 0.02 0.015 0.015 0.015 0.015 0.001 0.001 0.001 0.001 0.001 0.001 0.001 0.001 0.001 0.001 0.001 0.001 0.001 0.001 0.001 0.001 0.001 0.001 0.001 0.001 0.001 0.001 0.001 0.001 0.001 0.0001 0.0001 0.0001 0.0001 0.0001 0.0001 0.0001 0.0001 0.175 
Proportion of infected at cutoff : 0.0100
Proportion of susceptibles at cutoff : 0.9823
(3,0) : 53
(47,2) : 1
(49,1) : 29
(50,0) : 58
(48,1) : 12
(9,0) : 22
(6,0) : 21
(49,0) : 21
(2,0) : 97
(1,0) : 184
(9,1) : 1
(48,2) : 8
(4,0) : 46
(15,0) : 9
(42,3) : 1
(12,1) : 2
(5,0) : 49
(30,0) : 1
(14,0) : 7
(12,0) : 9
(39,0) : 1
(15,1) : 1
(4,1) : 4
(10,1) : 1
(41,0) : 1
(7,0) : 24
(11,1) : 2
(8,0) : 30
(21,0) : 2
(28,0) : 2
(11,0) : 9
(47,1) : 1
(13,1) : 2
(16,0) : 8
(31,0) : 1
(22,0) : 1
(46,4) : 1
(17,1) : 1
(17,0) : 1
(33,0) : 1
(25,0) : 1
(37,0) : 2
(40,1) : 1
(24,0) : 1
(46,2) : 1
(10,0) : 9
(13,0) : 6
(46,1) : 1
(46,3) : 1
(35,1) : 2
(27,0) : 1
(14,1) : 1
(6,1) : 2
(5,1) : 1
(8,1) : 1
(1,1) : 1
(7,1) : 1
(0,1) : 2
(2,1) : 1
