pop size : 10000, betaG : 0.08500, lambdaH : 0.10000, lambdaW : 0.00100, gamma : 0.12500, Tmax : 150.00, threshold of infected : 0.010
0.37 0.32 0.13 0.12 0.04 0.02 
0.2192 0.12 0.08 0.06 0.05 0.045 0.04 0.035 0.03 0.02 0.02 0.02 0.015 0.015 0.015 0.015 0.001 0.001 0.001 0.001 0.001 0.001 0.001 0.001 0.001 0.001 0.001 0.001 0.001 0.001 0.001 0.001 0.001 0.001 0.001 0.001 0.001 0.001 0.001 0.001 0.001 0.0001 0.0001 0.0001 0.0001 0.0001 0.0001 0.0001 0.0001 0.175 
Proportion of infected at cutoff : 0.0100
Proportion of susceptibles at cutoff : 0.9790
(9,1) : 4
(49,0) : 19
(48,2) : 4
(7,0) : 28
(10,0) : 16
(9,0) : 21
(50,0) : 52
(13,1) : 2
(13,0) : 14
(15,0) : 18
(11,0) : 21
(47,0) : 3
(48,1) : 6
(46,4) : 1
(3,0) : 69
(1,0) : 189
(4,0) : 42
(12,0) : 14
(48,0) : 7
(36,0) : 3
(44,5) : 1
(49,1) : 20
(6,0) : 38
(26,0) : 1
(8,0) : 21
(47,3) : 2
(5,0) : 48
(45,1) : 1
(20,0) : 1
(47,2) : 4
(32,0) : 1
(46,3) : 1
(14,0) : 11
(16,0) : 9
(2,0) : 96
(15,1) : 1
(43,3) : 1
(28,0) : 1
(46,2) : 1
(47,1) : 1
(19,0) : 1
(10,1) : 3
(23,1) : 1
(29,0) : 1
(21,0) : 1
(40,1) : 1
(19,1) : 1
(7,1) : 2
(12,2) : 1
(3,1) : 5
(22,0) : 1
(31,0) : 1
(8,1) : 1
(17,0) : 1
(5,1) : 1
(4,1) : 1
(6,1) : 4
(11,1) : 1
(0,1) : 2
(2,1) : 1
(0,0) : 1
