pop size : 10000, betaG : 0.08500, lambdaH : 0.10000, lambdaW : 0.00100, gamma : 0.12500, Tmax : 150.00, threshold of infected : 0.010
0.37 0.32 0.13 0.12 0.04 0.02 
0.2192 0.12 0.08 0.06 0.05 0.045 0.04 0.035 0.03 0.02 0.02 0.02 0.015 0.015 0.015 0.015 0.001 0.001 0.001 0.001 0.001 0.001 0.001 0.001 0.001 0.001 0.001 0.001 0.001 0.001 0.001 0.001 0.001 0.001 0.001 0.001 0.001 0.001 0.001 0.001 0.001 0.0001 0.0001 0.0001 0.0001 0.0001 0.0001 0.0001 0.0001 0.175 
Proportion of infected at cutoff : 0.0100
Proportion of susceptibles at cutoff : 0.9774
(47,1) : 4
(50,0) : 45
(48,1) : 11
(4,0) : 35
(5,0) : 49
(49,0) : 21
(48,2) : 3
(49,1) : 25
(25,1) : 1
(15,0) : 14
(9,0) : 25
(2,0) : 84
(6,0) : 39
(12,0) : 13
(39,0) : 1
(8,0) : 24
(10,0) : 11
(45,3) : 1
(47,0) : 4
(5,1) : 3
(48,0) : 7
(20,0) : 1
(1,0) : 170
(7,0) : 17
(14,1) : 3
(43,2) : 1
(46,3) : 2
(32,0) : 2
(46,2) : 3
(25,0) : 1
(47,3) : 2
(3,0) : 56
(40,1) : 1
(11,0) : 15
(46,0) : 1
(3,1) : 3
(14,0) : 9
(16,0) : 3
(37,0) : 1
(13,1) : 1
(36,0) : 2
(13,0) : 8
(17,0) : 1
(44,2) : 1
(29,0) : 3
(6,1) : 3
(45,2) : 1
(47,2) : 1
(30,1) : 2
(20,1) : 1
(12,1) : 1
(15,1) : 1
(23,0) : 1
(18,0) : 1
(10,1) : 1
(8,1) : 1
(19,0) : 1
(2,1) : 2
(0,1) : 1
