pop size : 10000, betaG : 0.08500, lambdaH : 0.10000, lambdaW : 0.00100, gamma : 0.12500, Tmax : 150.00, threshold of infected : 0.010
0.37 0.32 0.13 0.12 0.04 0.02 
0.2192 0.12 0.08 0.06 0.05 0.045 0.04 0.035 0.03 0.02 0.02 0.02 0.015 0.015 0.015 0.015 0.001 0.001 0.001 0.001 0.001 0.001 0.001 0.001 0.001 0.001 0.001 0.001 0.001 0.001 0.001 0.001 0.001 0.001 0.001 0.001 0.001 0.001 0.001 0.001 0.001 0.0001 0.0001 0.0001 0.0001 0.0001 0.0001 0.0001 0.0001 0.175 
Proportion of infected at cutoff : 0.0100
Proportion of susceptibles at cutoff : 0.9829
(49,1) : 13
(50,0) : 68
(49,0) : 14
(11,0) : 17
(24,0) : 2
(6,0) : 27
(27,0) : 1
(16,0) : 16
(47,2) : 4
(45,5) : 2
(48,1) : 8
(46,1) : 1
(2,0) : 108
(46,3) : 1
(32,0) : 1
(13,0) : 10
(1,0) : 180
(5,0) : 36
(26,0) : 1
(12,0) : 18
(8,0) : 27
(29,0) : 1
(48,2) : 8
(48,0) : 2
(9,3) : 1
(46,2) : 1
(40,0) : 1
(14,0) : 6
(47,1) : 2
(15,0) : 8
(9,0) : 24
(11,1) : 2
(35,0) : 1
(10,0) : 15
(12,1) : 1
(4,0) : 53
(7,0) : 32
(44,2) : 1
(36,0) : 1
(4,1) : 1
(45,3) : 1
(3,0) : 67
(14,1) : 2
(31,0) : 1
(34,0) : 1
(47,3) : 2
(7,1) : 2
(33,0) : 1
(22,0) : 1
(2,1) : 1
(30,1) : 1
(30,0) : 1
(3,1) : 1
(10,1) : 3
(1,1) : 5
(6,1) : 2
(0,0) : 2
(5,1) : 1
(0,1) : 1
