pop size : 10000, betaG : 0.08500, lambdaH : 0.10000, lambdaW : 0.00100, gamma : 0.12500, Tmax : 150.00, threshold of infected : 0.010
0.37 0.32 0.13 0.12 0.04 0.02 
0.2192 0.12 0.08 0.06 0.05 0.045 0.04 0.035 0.03 0.02 0.02 0.02 0.015 0.015 0.015 0.015 0.001 0.001 0.001 0.001 0.001 0.001 0.001 0.001 0.001 0.001 0.001 0.001 0.001 0.001 0.001 0.001 0.001 0.001 0.001 0.001 0.001 0.001 0.001 0.001 0.001 0.0001 0.0001 0.0001 0.0001 0.0001 0.0001 0.0001 0.0001 0.175 
Proportion of infected at cutoff : 0.0100
Proportion of susceptibles at cutoff : 0.9717
(35,0) : 2
(48,1) : 10
(7,2) : 1
(15,0) : 14
(48,0) : 15
(5,0) : 48
(49,1) : 12
(9,0) : 16
(49,0) : 21
(16,0) : 9
(34,0) : 1
(50,0) : 42
(3,0) : 66
(13,0) : 12
(12,0) : 13
(44,4) : 1
(46,2) : 4
(47,1) : 6
(14,1) : 2
(6,0) : 35
(4,1) : 4
(47,2) : 1
(46,0) : 1
(47,0) : 6
(10,0) : 14
(11,0) : 12
(4,0) : 45
(7,0) : 22
(43,1) : 1
(2,0) : 93
(14,0) : 6
(5,1) : 3
(38,0) : 2
(8,0) : 31
(8,1) : 2
(1,0) : 171
(10,1) : 4
(45,2) : 1
(46,4) : 1
(45,3) : 1
(48,2) : 3
(36,0) : 2
(47,3) : 1
(45,0) : 1
(46,3) : 1
(0,0) : 4
(15,1) : 2
(36,1) : 1
(13,1) : 2
(29,0) : 1
(18,0) : 2
(9,1) : 2
(6,2) : 1
(13,2) : 1
(27,0) : 1
(45,1) : 1
(7,1) : 1
(1,1) : 2
(17,0) : 1
(31,0) : 1
(2,1) : 2
(0,1) : 2
