pop size : 10000, betaG : 0.08500, lambdaH : 0.10000, lambdaW : 0.00100, gamma : 0.12500, Tmax : 150.00, threshold of infected : 0.010
0.37 0.32 0.13 0.12 0.04 0.02 
0.2192 0.12 0.08 0.06 0.05 0.045 0.04 0.035 0.03 0.02 0.02 0.02 0.015 0.015 0.015 0.015 0.001 0.001 0.001 0.001 0.001 0.001 0.001 0.001 0.001 0.001 0.001 0.001 0.001 0.001 0.001 0.001 0.001 0.001 0.001 0.001 0.001 0.001 0.001 0.001 0.001 0.0001 0.0001 0.0001 0.0001 0.0001 0.0001 0.0001 0.0001 0.175 
Proportion of infected at cutoff : 0.0100
Proportion of susceptibles at cutoff : 0.9767
(14,0) : 10
(48,1) : 14
(50,0) : 36
(47,3) : 2
(25,0) : 4
(8,0) : 26
(9,0) : 22
(47,1) : 5
(49,1) : 10
(49,0) : 18
(5,0) : 54
(10,0) : 17
(15,0) : 16
(4,0) : 60
(6,0) : 34
(47,2) : 6
(48,0) : 11
(23,0) : 1
(7,0) : 41
(38,0) : 3
(1,1) : 3
(16,0) : 10
(13,0) : 13
(21,0) : 1
(46,2) : 1
(36,0) : 1
(19,1) : 2
(35,0) : 1
(1,0) : 176
(3,0) : 76
(20,0) : 1
(48,2) : 2
(24,0) : 2
(13,1) : 2
(11,0) : 14
(22,0) : 1
(2,0) : 103
(5,1) : 2
(12,0) : 15
(46,0) : 2
(31,1) : 1
(43,0) : 1
(45,0) : 1
(29,0) : 1
(46,3) : 1
(45,5) : 1
(12,1) : 3
(39,1) : 1
(27,0) : 1
(39,0) : 1
(38,2) : 1
(17,0) : 3
(44,3) : 1
(45,4) : 1
(30,0) : 1
(28,1) : 1
(45,2) : 2
(11,1) : 3
(30,1) : 1
(6,1) : 2
(19,0) : 1
(9,1) : 1
(2,1) : 2
(4,1) : 1
(7,1) : 1
(0,0) : 1
