pop size : 10000, betaG : 0.08500, lambdaH : 0.10000, lambdaW : 0.00100, gamma : 0.12500, Tmax : 150.00, threshold of infected : 0.010
0.37 0.32 0.13 0.12 0.04 0.02 
0.2192 0.12 0.08 0.06 0.05 0.045 0.04 0.035 0.03 0.02 0.02 0.02 0.015 0.015 0.015 0.015 0.001 0.001 0.001 0.001 0.001 0.001 0.001 0.001 0.001 0.001 0.001 0.001 0.001 0.001 0.001 0.001 0.001 0.001 0.001 0.001 0.001 0.001 0.001 0.001 0.001 0.0001 0.0001 0.0001 0.0001 0.0001 0.0001 0.0001 0.0001 0.175 
Proportion of infected at cutoff : 0.0100
Proportion of susceptibles at cutoff : 0.9787
(2,0) : 94
(37,0) : 3
(49,1) : 17
(6,0) : 32
(9,0) : 19
(11,0) : 11
(21,3) : 1
(7,0) : 26
(48,1) : 6
(12,0) : 16
(13,0) : 15
(14,0) : 11
(48,0) : 9
(47,0) : 3
(49,0) : 15
(46,3) : 2
(50,0) : 56
(16,0) : 12
(1,0) : 157
(47,1) : 4
(21,0) : 2
(47,3) : 1
(8,0) : 33
(27,0) : 1
(46,1) : 2
(47,2) : 5
(30,1) : 1
(3,0) : 56
(40,0) : 1
(4,0) : 42
(13,1) : 1
(32,2) : 1
(46,2) : 3
(44,4) : 2
(45,2) : 2
(48,2) : 4
(35,0) : 2
(2,1) : 1
(10,0) : 14
(33,0) : 1
(5,0) : 35
(45,5) : 1
(15,0) : 4
(7,1) : 1
(40,1) : 1
(3,1) : 2
(20,0) : 2
(0,0) : 3
(26,0) : 1
(27,1) : 1
(29,1) : 1
(10,2) : 1
(15,1) : 1
(4,1) : 1
(5,1) : 1
(1,1) : 2
