pop size : 10000, betaG : 0.08500, lambdaH : 0.10000, lambdaW : 0.00100, gamma : 0.12500, Tmax : 150.00, threshold of infected : 0.010
0.37 0.32 0.13 0.12 0.04 0.02 
0.2192 0.12 0.08 0.06 0.05 0.045 0.04 0.035 0.03 0.02 0.02 0.02 0.015 0.015 0.015 0.015 0.001 0.001 0.001 0.001 0.001 0.001 0.001 0.001 0.001 0.001 0.001 0.001 0.001 0.001 0.001 0.001 0.001 0.001 0.001 0.001 0.001 0.001 0.001 0.001 0.001 0.0001 0.0001 0.0001 0.0001 0.0001 0.0001 0.0001 0.0001 0.175 
Proportion of infected at cutoff : 0.0100
Proportion of susceptibles at cutoff : 0.9755
(49,1) : 19
(13,0) : 15
(50,0) : 51
(48,1) : 8
(47,2) : 3
(49,0) : 17
(45,1) : 2
(9,0) : 30
(46,0) : 1
(7,0) : 24
(42,5) : 1
(48,0) : 15
(11,0) : 18
(4,0) : 47
(8,0) : 22
(46,2) : 4
(7,1) : 2
(3,0) : 57
(30,0) : 1
(10,0) : 20
(1,0) : 172
(5,0) : 27
(15,0) : 7
(2,0) : 72
(47,0) : 4
(35,1) : 1
(20,0) : 2
(9,1) : 3
(3,2) : 2
(47,1) : 2
(47,3) : 1
(30,1) : 1
(32,0) : 2
(12,0) : 7
(16,0) : 4
(41,0) : 2
(48,2) : 3
(6,0) : 31
(35,0) : 1
(3,1) : 2
(10,1) : 1
(14,0) : 7
(39,0) : 1
(37,0) : 1
(36,1) : 1
(8,1) : 1
(11,1) : 3
(6,1) : 2
(5,1) : 4
(13,1) : 2
(15,1) : 1
(21,1) : 1
(26,1) : 1
(44,3) : 1
(23,0) : 1
(12,1) : 1
(4,1) : 4
(19,0) : 1
(40,0) : 1
(0,0) : 2
(0,1) : 2
(1,1) : 1
