pop size : 10000, betaG : 0.08500, lambdaH : 0.10000, lambdaW : 0.00100, gamma : 0.12500, Tmax : 150.00, threshold of infected : 0.010
0.37 0.32 0.13 0.12 0.04 0.02 
0.2192 0.12 0.08 0.06 0.05 0.045 0.04 0.035 0.03 0.02 0.02 0.02 0.015 0.015 0.015 0.015 0.001 0.001 0.001 0.001 0.001 0.001 0.001 0.001 0.001 0.001 0.001 0.001 0.001 0.001 0.001 0.001 0.001 0.001 0.001 0.001 0.001 0.001 0.001 0.001 0.001 0.0001 0.0001 0.0001 0.0001 0.0001 0.0001 0.0001 0.0001 0.175 
Proportion of infected at cutoff : 0.0100
Proportion of susceptibles at cutoff : 0.9611
(50,0) : 30
(49,1) : 8
(46,1) : 11
(46,0) : 6
(16,0) : 7
(45,1) : 4
(6,0) : 38
(47,0) : 14
(28,0) : 1
(49,0) : 15
(48,0) : 15
(42,3) : 1
(11,0) : 16
(5,0) : 47
(11,1) : 1
(1,0) : 161
(14,1) : 3
(47,2) : 2
(8,0) : 25
(43,4) : 1
(9,0) : 19
(46,2) : 4
(45,2) : 1
(31,0) : 1
(13,0) : 13
(2,0) : 108
(47,3) : 1
(12,0) : 12
(21,0) : 3
(48,1) : 9
(7,0) : 25
(48,2) : 2
(10,0) : 14
(4,0) : 38
(46,3) : 2
(14,0) : 11
(44,4) : 1
(21,1) : 1
(45,0) : 2
(38,3) : 1
(47,1) : 4
(33,2) : 1
(15,0) : 1
(3,0) : 53
(6,1) : 1
(19,0) : 1
(45,3) : 1
(44,1) : 1
(37,0) : 2
(23,0) : 1
(24,1) : 1
(20,0) : 1
(5,1) : 2
(22,1) : 1
(32,0) : 1
(0,0) : 6
(2,1) : 1
(10,1) : 1
(35,1) : 1
(3,1) : 1
(0,1) : 2
(4,1) : 1
