pop size : 10000, betaG : 0.08500, lambdaH : 0.10000, lambdaW : 0.00100, gamma : 0.12500, Tmax : 150.00, threshold of infected : 0.010
0.37 0.32 0.13 0.12 0.04 0.02 
0.2192 0.12 0.08 0.06 0.05 0.045 0.04 0.035 0.03 0.02 0.02 0.02 0.015 0.015 0.015 0.015 0.001 0.001 0.001 0.001 0.001 0.001 0.001 0.001 0.001 0.001 0.001 0.001 0.001 0.001 0.001 0.001 0.001 0.001 0.001 0.001 0.001 0.001 0.001 0.001 0.001 0.0001 0.0001 0.0001 0.0001 0.0001 0.0001 0.0001 0.0001 0.175 
Proportion of infected at cutoff : 0.0100
Proportion of susceptibles at cutoff : 0.9806
(49,0) : 19
(50,0) : 53
(37,0) : 2
(11,0) : 11
(4,1) : 2
(46,1) : 3
(48,1) : 13
(9,0) : 23
(49,1) : 19
(1,0) : 163
(47,3) : 2
(23,0) : 1
(15,0) : 8
(3,0) : 60
(27,0) : 1
(7,1) : 3
(48,2) : 8
(14,0) : 10
(13,0) : 8
(31,0) : 2
(34,0) : 2
(48,0) : 5
(33,0) : 1
(6,0) : 35
(47,2) : 4
(47,0) : 2
(44,1) : 1
(47,1) : 4
(13,1) : 1
(12,0) : 11
(16,0) : 5
(18,0) : 1
(46,2) : 1
(4,0) : 36
(5,0) : 39
(7,0) : 31
(2,0) : 96
(8,0) : 25
(24,0) : 2
(29,1) : 1
(10,1) : 2
(12,1) : 3
(19,0) : 1
(10,0) : 10
(1,1) : 4
(43,0) : 1
(25,0) : 1
(26,0) : 1
(2,1) : 3
(15,2) : 1
(36,0) : 1
(8,1) : 1
(9,1) : 2
(32,0) : 1
(5,1) : 1
(15,1) : 1
(14,1) : 1
(3,1) : 1
(0,0) : 1
