pop size : 10000, betaG : 0.08500, lambdaH : 0.10000, lambdaW : 0.00100, gamma : 0.12500, Tmax : 150.00, threshold of infected : 0.010
0.37 0.32 0.13 0.12 0.04 0.02 
0.2192 0.12 0.08 0.06 0.05 0.045 0.04 0.035 0.03 0.02 0.02 0.02 0.015 0.015 0.015 0.015 0.001 0.001 0.001 0.001 0.001 0.001 0.001 0.001 0.001 0.001 0.001 0.001 0.001 0.001 0.001 0.001 0.001 0.001 0.001 0.001 0.001 0.001 0.001 0.001 0.001 0.0001 0.0001 0.0001 0.0001 0.0001 0.0001 0.0001 0.0001 0.175 
Proportion of infected at cutoff : 0.0100
Proportion of susceptibles at cutoff : 0.9778
(8,1) : 3
(48,2) : 2
(4,0) : 48
(48,1) : 10
(10,1) : 1
(11,0) : 15
(6,0) : 38
(16,0) : 15
(5,0) : 32
(45,2) : 1
(21,0) : 2
(49,1) : 15
(50,0) : 52
(47,1) : 1
(46,3) : 1
(49,0) : 22
(12,0) : 18
(39,0) : 1
(12,2) : 1
(13,0) : 16
(15,0) : 9
(9,0) : 17
(8,0) : 29
(31,0) : 4
(2,0) : 85
(3,0) : 66
(7,0) : 27
(38,1) : 1
(38,0) : 2
(1,0) : 146
(0,1) : 1
(27,0) : 1
(43,7) : 1
(14,0) : 8
(48,0) : 4
(47,0) : 1
(45,1) : 2
(46,2) : 1
(26,2) : 2
(47,3) : 4
(24,0) : 4
(11,1) : 1
(26,0) : 1
(19,0) : 2
(33,0) : 2
(10,0) : 9
(46,0) : 1
(47,2) : 3
(32,0) : 2
(13,1) : 2
(43,4) : 1
(12,1) : 1
(4,1) : 3
(40,0) : 1
(32,1) : 1
(34,0) : 1
(7,1) : 1
(23,0) : 1
(15,1) : 1
(5,1) : 1
(9,1) : 2
(2,2) : 1
(6,1) : 1
(1,1) : 4
(0,0) : 3
