pop size : 10000, betaG : 0.08500, lambdaH : 0.10000, lambdaW : 0.00100, gamma : 0.12500, Tmax : 150.00, threshold of infected : 0.010
0.37 0.32 0.13 0.12 0.04 0.02 
0.2192 0.12 0.08 0.06 0.05 0.045 0.04 0.035 0.03 0.02 0.02 0.02 0.015 0.015 0.015 0.015 0.001 0.001 0.001 0.001 0.001 0.001 0.001 0.001 0.001 0.001 0.001 0.001 0.001 0.001 0.001 0.001 0.001 0.001 0.001 0.001 0.001 0.001 0.001 0.001 0.001 0.0001 0.0001 0.0001 0.0001 0.0001 0.0001 0.0001 0.0001 0.175 
Proportion of infected at cutoff : 0.0100
Proportion of susceptibles at cutoff : 0.9757
(3,0) : 59
(6,0) : 36
(32,0) : 1
(50,0) : 51
(10,0) : 13
(49,1) : 15
(47,2) : 4
(38,0) : 1
(8,0) : 33
(45,2) : 2
(5,0) : 41
(47,3) : 2
(49,0) : 24
(11,0) : 16
(16,0) : 10
(9,0) : 26
(12,0) : 16
(48,1) : 5
(4,0) : 45
(45,3) : 2
(48,0) : 5
(47,1) : 7
(15,0) : 5
(7,0) : 26
(13,1) : 1
(46,2) : 2
(1,0) : 181
(3,1) : 2
(46,1) : 1
(2,0) : 117
(45,1) : 2
(22,0) : 2
(47,0) : 1
(23,0) : 1
(30,0) : 2
(37,2) : 1
(39,0) : 1
(14,1) : 1
(14,0) : 7
(43,2) : 1
(18,0) : 1
(26,0) : 2
(6,1) : 2
(32,1) : 2
(19,0) : 1
(20,0) : 1
(13,0) : 10
(2,1) : 2
(48,2) : 2
(21,1) : 1
(10,1) : 2
(46,4) : 1
(44,3) : 1
(21,0) : 1
(46,3) : 1
(7,1) : 1
(11,1) : 3
(17,2) : 1
(12,1) : 1
(0,0) : 6
(9,1) : 1
(5,1) : 1
(1,1) : 1
(0,1) : 1
