pop size : 10000, betaG : 0.08500, lambdaH : 0.10000, lambdaW : 0.00100, gamma : 0.12500, Tmax : 150.00, threshold of infected : 0.010
0.37 0.32 0.13 0.12 0.04 0.02 
0.2192 0.12 0.08 0.06 0.05 0.045 0.04 0.035 0.03 0.02 0.02 0.02 0.015 0.015 0.015 0.015 0.001 0.001 0.001 0.001 0.001 0.001 0.001 0.001 0.001 0.001 0.001 0.001 0.001 0.001 0.001 0.001 0.001 0.001 0.001 0.001 0.001 0.001 0.001 0.001 0.001 0.0001 0.0001 0.0001 0.0001 0.0001 0.0001 0.0001 0.0001 0.175 
Proportion of infected at cutoff : 0.0100
Proportion of susceptibles at cutoff : 0.9806
(11,0) : 13
(47,2) : 8
(50,0) : 51
(48,1) : 5
(48,2) : 8
(49,0) : 28
(1,0) : 171
(49,1) : 18
(38,0) : 2
(2,0) : 82
(46,1) : 1
(47,1) : 3
(4,0) : 40
(9,0) : 12
(13,0) : 5
(3,0) : 38
(12,0) : 17
(15,0) : 13
(29,0) : 2
(5,1) : 3
(12,1) : 1
(5,0) : 36
(48,0) : 4
(10,0) : 19
(23,0) : 1
(8,0) : 26
(15,1) : 3
(47,0) : 2
(6,0) : 41
(14,0) : 13
(39,0) : 1
(16,0) : 11
(28,0) : 1
(2,1) : 2
(28,1) : 1
(39,1) : 3
(7,0) : 24
(26,0) : 1
(18,0) : 1
(6,1) : 2
(46,3) : 1
(22,0) : 1
(7,3) : 1
(30,0) : 2
(1,1) : 3
(14,1) : 2
(36,0) : 1
(4,1) : 3
(35,0) : 1
(19,0) : 1
(11,1) : 1
(46,2) : 1
(7,1) : 1
(13,2) : 1
(6,2) : 1
(3,1) : 1
(0,0) : 1
(0,1) : 3
