pop size : 10000, betaG : 0.08500, lambdaH : 0.10000, lambdaW : 0.00100, gamma : 0.12500, Tmax : 150.00, threshold of infected : 0.010
0.37 0.32 0.13 0.12 0.04 0.02 
0.2192 0.12 0.08 0.06 0.05 0.045 0.04 0.035 0.03 0.02 0.02 0.02 0.015 0.015 0.015 0.015 0.001 0.001 0.001 0.001 0.001 0.001 0.001 0.001 0.001 0.001 0.001 0.001 0.001 0.001 0.001 0.001 0.001 0.001 0.001 0.001 0.001 0.001 0.001 0.001 0.001 0.0001 0.0001 0.0001 0.0001 0.0001 0.0001 0.0001 0.0001 0.175 
Proportion of infected at cutoff : 0.0100
Proportion of susceptibles at cutoff : 0.9729
(50,0) : 42
(32,1) : 1
(2,0) : 84
(49,0) : 20
(49,1) : 20
(48,1) : 9
(9,0) : 20
(47,1) : 4
(40,0) : 1
(48,0) : 9
(14,0) : 7
(47,0) : 3
(13,0) : 7
(3,0) : 56
(48,2) : 4
(8,0) : 27
(7,0) : 28
(44,0) : 1
(10,0) : 13
(39,1) : 1
(11,1) : 3
(8,2) : 1
(5,0) : 49
(15,0) : 10
(20,0) : 1
(34,0) : 2
(11,0) : 17
(6,0) : 30
(46,1) : 4
(32,0) : 3
(47,2) : 4
(46,0) : 2
(46,3) : 2
(6,1) : 3
(43,2) : 1
(46,2) : 2
(12,0) : 11
(18,1) : 1
(4,0) : 29
(16,0) : 9
(45,1) : 3
(7,1) : 1
(24,1) : 1
(1,0) : 168
(5,1) : 3
(12,1) : 1
(44,2) : 1
(27,0) : 1
(29,3) : 1
(44,1) : 1
(14,1) : 1
(41,0) : 1
(31,0) : 1
(29,0) : 1
(2,1) : 1
(15,1) : 1
(25,0) : 1
(29,1) : 1
(13,1) : 1
(38,0) : 1
(1,1) : 1
(17,0) : 1
(4,1) : 1
(9,1) : 1
(3,1) : 1
