pop size : 10000, betaG : 0.08500, lambdaH : 0.10000, lambdaW : 0.00100, gamma : 0.12500, Tmax : 150.00, threshold of infected : 0.010
0.37 0.32 0.13 0.12 0.04 0.02 
0.2192 0.12 0.08 0.06 0.05 0.045 0.04 0.035 0.03 0.02 0.02 0.02 0.015 0.015 0.015 0.015 0.001 0.001 0.001 0.001 0.001 0.001 0.001 0.001 0.001 0.001 0.001 0.001 0.001 0.001 0.001 0.001 0.001 0.001 0.001 0.001 0.001 0.001 0.001 0.001 0.001 0.0001 0.0001 0.0001 0.0001 0.0001 0.0001 0.0001 0.0001 0.175 
Proportion of infected at cutoff : 0.0100
Proportion of susceptibles at cutoff : 0.9819
(48,1) : 10
(11,0) : 13
(7,0) : 32
(48,0) : 7
(49,1) : 18
(2,0) : 96
(50,0) : 63
(15,0) : 12
(3,0) : 51
(23,0) : 2
(48,2) : 7
(35,0) : 2
(42,3) : 1
(21,0) : 3
(6,0) : 37
(9,0) : 21
(10,0) : 18
(16,0) : 10
(49,0) : 11
(5,0) : 46
(4,0) : 46
(38,0) : 1
(12,1) : 2
(47,2) : 7
(13,0) : 5
(20,0) : 2
(1,0) : 193
(3,1) : 2
(46,3) : 2
(8,0) : 26
(47,3) : 3
(30,1) : 1
(8,1) : 2
(47,1) : 1
(45,2) : 1
(4,1) : 1
(14,0) : 8
(38,1) : 1
(42,1) : 1
(24,1) : 1
(12,0) : 9
(25,0) : 1
(29,0) : 1
(30,0) : 1
(17,0) : 1
(15,1) : 1
(6,1) : 2
(32,0) : 1
(14,1) : 1
(17,1) : 1
(1,1) : 3
(9,1) : 2
(2,1) : 2
