pop size : 10000, betaG : 0.08500, lambdaH : 0.10000, lambdaW : 0.00100, gamma : 0.12500, Tmax : 150.00, threshold of infected : 0.010
0.37 0.32 0.13 0.12 0.04 0.02 
0.2192 0.12 0.08 0.06 0.05 0.045 0.04 0.035 0.03 0.02 0.02 0.02 0.015 0.015 0.015 0.015 0.001 0.001 0.001 0.001 0.001 0.001 0.001 0.001 0.001 0.001 0.001 0.001 0.001 0.001 0.001 0.001 0.001 0.001 0.001 0.001 0.001 0.001 0.001 0.001 0.001 0.0001 0.0001 0.0001 0.0001 0.0001 0.0001 0.0001 0.0001 0.175 
Proportion of infected at cutoff : 0.0100
Proportion of susceptibles at cutoff : 0.9691
(1,0) : 186
(49,1) : 13
(50,0) : 42
(8,0) : 27
(9,0) : 31
(48,0) : 15
(47,1) : 4
(11,0) : 21
(13,1) : 1
(49,0) : 25
(6,0) : 26
(46,4) : 1
(48,1) : 5
(45,1) : 2
(47,2) : 1
(5,1) : 9
(15,0) : 4
(2,0) : 107
(43,0) : 1
(46,1) : 5
(47,0) : 4
(12,0) : 17
(32,0) : 3
(4,0) : 48
(5,0) : 33
(44,4) : 1
(18,2) : 1
(13,0) : 3
(46,0) : 3
(10,0) : 9
(38,0) : 1
(12,1) : 2
(46,2) : 3
(26,0) : 1
(39,0) : 2
(29,0) : 1
(14,0) : 7
(7,0) : 34
(28,1) : 1
(18,1) : 1
(1,1) : 4
(10,1) : 3
(9,1) : 1
(22,0) : 1
(3,0) : 69
(42,5) : 1
(16,0) : 6
(45,0) : 2
(14,1) : 1
(36,0) : 2
(7,2) : 1
(4,1) : 1
(6,1) : 3
(15,1) : 1
(45,4) : 1
(10,2) : 1
(34,0) : 1
(8,2) : 1
(27,0) : 1
(32,4) : 1
(8,1) : 2
(25,0) : 1
(0,1) : 2
(7,1) : 1
(2,1) : 1
(0,0) : 2
