pop size : 10000, betaG : 0.08500, lambdaH : 0.10000, lambdaW : 0.00100, gamma : 0.12500, Tmax : 150.00, threshold of infected : 0.010
0.37 0.32 0.13 0.12 0.04 0.02 
0.2192 0.12 0.08 0.06 0.05 0.045 0.04 0.035 0.03 0.02 0.02 0.02 0.015 0.015 0.015 0.015 0.001 0.001 0.001 0.001 0.001 0.001 0.001 0.001 0.001 0.001 0.001 0.001 0.001 0.001 0.001 0.001 0.001 0.001 0.001 0.001 0.001 0.001 0.001 0.001 0.001 0.0001 0.0001 0.0001 0.0001 0.0001 0.0001 0.0001 0.0001 0.175 
Proportion of infected at cutoff : 0.0100
Proportion of susceptibles at cutoff : 0.9792
(15,0) : 11
(50,0) : 64
(37,0) : 1
(23,1) : 1
(49,0) : 13
(4,0) : 41
(6,1) : 4
(9,0) : 19
(30,0) : 2
(47,2) : 4
(49,1) : 15
(5,0) : 40
(2,0) : 103
(48,1) : 7
(37,1) : 1
(10,0) : 12
(35,1) : 1
(3,0) : 63
(14,0) : 3
(12,0) : 19
(6,2) : 1
(48,2) : 3
(13,0) : 6
(22,0) : 2
(1,0) : 174
(47,1) : 1
(31,0) : 2
(35,0) : 1
(46,1) : 2
(47,0) : 3
(5,1) : 2
(11,0) : 23
(6,0) : 32
(16,0) : 14
(48,0) : 8
(7,0) : 32
(14,1) : 4
(8,0) : 21
(23,0) : 2
(32,1) : 1
(43,0) : 1
(4,1) : 1
(20,1) : 1
(46,2) : 1
(8,1) : 3
(21,0) : 1
(15,1) : 2
(44,5) : 1
(46,4) : 1
(25,2) : 1
(7,1) : 1
(26,1) : 1
(24,0) : 1
(32,0) : 2
(9,1) : 2
(13,2) : 1
(45,4) : 1
(0,0) : 1
(10,1) : 4
(8,2) : 1
(3,1) : 2
(25,1) : 1
(2,1) : 2
(0,1) : 4
