pop size : 10000, betaG : 0.08500, lambdaH : 0.10000, lambdaW : 0.00100, gamma : 0.12500, Tmax : 150.00, threshold of infected : 0.010
0.37 0.32 0.13 0.12 0.04 0.02 
0.2192 0.12 0.08 0.06 0.05 0.045 0.04 0.035 0.03 0.02 0.02 0.02 0.015 0.015 0.015 0.015 0.001 0.001 0.001 0.001 0.001 0.001 0.001 0.001 0.001 0.001 0.001 0.001 0.001 0.001 0.001 0.001 0.001 0.001 0.001 0.001 0.001 0.001 0.001 0.001 0.001 0.0001 0.0001 0.0001 0.0001 0.0001 0.0001 0.0001 0.0001 0.175 
Proportion of infected at cutoff : 0.0100
Proportion of susceptibles at cutoff : 0.9772
(2,0) : 84
(49,1) : 19
(11,0) : 8
(3,0) : 57
(49,0) : 22
(50,0) : 54
(1,0) : 158
(48,2) : 7
(8,0) : 19
(13,1) : 1
(14,0) : 9
(47,2) : 5
(5,0) : 39
(16,0) : 6
(22,0) : 1
(8,1) : 3
(36,0) : 1
(29,0) : 2
(46,2) : 2
(6,0) : 27
(47,0) : 1
(13,0) : 12
(4,0) : 38
(9,0) : 15
(10,0) : 8
(34,0) : 1
(45,5) : 1
(38,0) : 2
(48,0) : 6
(21,0) : 1
(48,1) : 8
(37,2) : 1
(14,1) : 2
(3,1) : 3
(47,1) : 3
(41,0) : 1
(7,0) : 40
(37,0) : 1
(35,0) : 1
(12,0) : 12
(46,1) : 2
(43,0) : 1
(15,0) : 11
(24,0) : 2
(23,0) : 1
(45,0) : 1
(44,2) : 1
(14,2) : 1
(24,1) : 1
(45,2) : 1
(7,1) : 3
(30,1) : 1
(0,1) : 3
(40,0) : 1
(0,0) : 2
(39,1) : 1
(46,0) : 1
(6,1) : 1
(5,1) : 2
(10,1) : 1
(4,1) : 3
(2,1) : 2
