pop size : 10000, betaG : 0.08500, lambdaH : 0.10000, lambdaW : 0.00100, gamma : 0.12500, Tmax : 150.00, threshold of infected : 0.010
0.37 0.32 0.13 0.12 0.04 0.02 
0.2192 0.12 0.08 0.06 0.05 0.045 0.04 0.035 0.03 0.02 0.02 0.02 0.015 0.015 0.015 0.015 0.001 0.001 0.001 0.001 0.001 0.001 0.001 0.001 0.001 0.001 0.001 0.001 0.001 0.001 0.001 0.001 0.001 0.001 0.001 0.001 0.001 0.001 0.001 0.001 0.001 0.0001 0.0001 0.0001 0.0001 0.0001 0.0001 0.0001 0.0001 0.175 
Proportion of infected at cutoff : 0.0100
Proportion of susceptibles at cutoff : 0.9758
(48,0) : 6
(13,1) : 4
(45,4) : 1
(44,2) : 2
(50,0) : 52
(4,0) : 36
(6,0) : 34
(49,0) : 18
(47,3) : 2
(49,1) : 16
(14,0) : 10
(35,0) : 1
(9,0) : 15
(5,0) : 38
(46,2) : 1
(12,1) : 2
(3,0) : 59
(47,0) : 2
(10,0) : 15
(48,2) : 4
(47,1) : 1
(36,0) : 1
(48,1) : 13
(2,0) : 84
(8,0) : 29
(23,0) : 2
(1,0) : 163
(46,4) : 1
(15,0) : 8
(47,2) : 4
(12,0) : 17
(16,0) : 12
(44,1) : 3
(11,0) : 14
(37,0) : 2
(36,2) : 1
(46,1) : 1
(45,3) : 1
(7,0) : 33
(13,0) : 8
(38,0) : 1
(46,0) : 1
(30,0) : 2
(28,1) : 1
(5,1) : 1
(10,1) : 1
(36,1) : 1
(32,0) : 1
(24,0) : 1
(25,1) : 1
(9,1) : 2
(22,0) : 1
(26,0) : 1
(38,1) : 1
(34,0) : 1
(2,1) : 1
(7,1) : 1
(8,1) : 2
(0,1) : 1
(11,1) : 2
(15,2) : 1
(1,1) : 2
(0,0) : 2
