pop size : 10000, betaG : 0.08500, lambdaH : 0.10000, lambdaW : 0.00100, gamma : 0.12500, Tmax : 150.00, threshold of infected : 0.010
0.37 0.32 0.13 0.12 0.04 0.02 
0.2192 0.12 0.08 0.06 0.05 0.045 0.04 0.035 0.03 0.02 0.02 0.02 0.015 0.015 0.015 0.015 0.001 0.001 0.001 0.001 0.001 0.001 0.001 0.001 0.001 0.001 0.001 0.001 0.001 0.001 0.001 0.001 0.001 0.001 0.001 0.001 0.001 0.001 0.001 0.001 0.001 0.0001 0.0001 0.0001 0.0001 0.0001 0.0001 0.0001 0.0001 0.175 
Proportion of infected at cutoff : 0.0100
Proportion of susceptibles at cutoff : 0.9824
(50,0) : 65
(49,1) : 22
(2,0) : 113
(21,0) : 1
(48,1) : 5
(15,1) : 2
(47,2) : 2
(46,4) : 1
(22,0) : 1
(48,2) : 8
(39,0) : 1
(12,0) : 13
(8,0) : 35
(8,1) : 2
(30,0) : 1
(3,0) : 71
(49,0) : 13
(47,1) : 3
(15,0) : 10
(13,0) : 8
(5,0) : 34
(4,0) : 36
(46,1) : 2
(44,3) : 1
(19,0) : 1
(22,1) : 1
(24,0) : 1
(1,0) : 174
(6,0) : 33
(16,0) : 9
(9,0) : 22
(45,3) : 1
(35,0) : 2
(48,0) : 4
(46,3) : 1
(7,0) : 36
(45,1) : 1
(10,0) : 12
(45,4) : 1
(10,1) : 2
(11,0) : 7
(14,0) : 7
(47,3) : 3
(32,1) : 1
(18,0) : 3
(29,0) : 1
(31,0) : 1
(7,1) : 3
(5,1) : 1
(11,1) : 2
(4,1) : 1
(26,0) : 1
(6,1) : 3
(25,0) : 1
(14,1) : 1
(3,1) : 2
(0,0) : 3
