pop size : 10000, betaG : 0.08500, lambdaH : 0.10000, lambdaW : 0.00100, gamma : 0.12500, Tmax : 150.00, threshold of infected : 0.010
0.37 0.32 0.13 0.12 0.04 0.02 
0.2192 0.12 0.08 0.06 0.05 0.045 0.04 0.035 0.03 0.02 0.02 0.02 0.015 0.015 0.015 0.015 0.001 0.001 0.001 0.001 0.001 0.001 0.001 0.001 0.001 0.001 0.001 0.001 0.001 0.001 0.001 0.001 0.001 0.001 0.001 0.001 0.001 0.001 0.001 0.001 0.001 0.0001 0.0001 0.0001 0.0001 0.0001 0.0001 0.0001 0.0001 0.175 
Proportion of infected at cutoff : 0.0100
Proportion of susceptibles at cutoff : 0.9779
(50,0) : 49
(49,0) : 28
(47,1) : 2
(4,0) : 34
(11,1) : 6
(48,0) : 6
(38,1) : 1
(1,0) : 152
(49,1) : 21
(48,2) : 9
(16,0) : 5
(47,2) : 1
(44,2) : 3
(2,0) : 101
(9,0) : 19
(10,0) : 8
(12,0) : 9
(48,1) : 8
(6,0) : 32
(30,0) : 1
(19,1) : 1
(34,2) : 1
(46,4) : 1
(45,2) : 1
(11,0) : 11
(9,1) : 2
(5,0) : 36
(40,0) : 2
(3,0) : 44
(47,0) : 4
(2,1) : 1
(14,0) : 15
(7,0) : 28
(13,0) : 13
(45,0) : 1
(28,0) : 1
(8,0) : 18
(47,3) : 1
(38,0) : 2
(7,1) : 3
(36,1) : 1
(26,1) : 1
(36,0) : 1
(23,0) : 2
(39,0) : 1
(10,1) : 1
(31,0) : 1
(14,1) : 2
(39,1) : 1
(0,0) : 2
(46,1) : 1
(15,0) : 7
(6,1) : 1
(4,1) : 1
(3,1) : 2
(1,1) : 2
(13,1) : 1
(12,1) : 1
(5,1) : 2
(0,1) : 1
