pop size : 10000, betaG : 0.08500, lambdaH : 0.10000, lambdaW : 0.00100, gamma : 0.12500, Tmax : 150.00, threshold of infected : 0.010
0.37 0.32 0.13 0.12 0.04 0.02 
0.2192 0.12 0.08 0.06 0.05 0.045 0.04 0.035 0.03 0.02 0.02 0.02 0.015 0.015 0.015 0.015 0.001 0.001 0.001 0.001 0.001 0.001 0.001 0.001 0.001 0.001 0.001 0.001 0.001 0.001 0.001 0.001 0.001 0.001 0.001 0.001 0.001 0.001 0.001 0.001 0.001 0.0001 0.0001 0.0001 0.0001 0.0001 0.0001 0.0001 0.0001 0.175 
Proportion of infected at cutoff : 0.0100
Proportion of susceptibles at cutoff : 0.9777
(33,0) : 1
(7,0) : 20
(48,1) : 13
(15,0) : 9
(10,0) : 16
(2,0) : 77
(3,0) : 50
(50,0) : 54
(46,2) : 1
(49,0) : 20
(13,0) : 9
(8,0) : 19
(46,0) : 1
(14,0) : 11
(21,0) : 3
(47,1) : 1
(48,0) : 9
(47,2) : 6
(5,0) : 32
(6,3) : 1
(21,1) : 1
(8,1) : 3
(49,1) : 11
(46,1) : 1
(12,0) : 16
(11,0) : 19
(4,0) : 39
(9,0) : 23
(47,0) : 2
(48,2) : 5
(1,0) : 130
(35,0) : 3
(32,0) : 2
(47,3) : 1
(43,2) : 1
(13,1) : 3
(6,0) : 41
(16,0) : 10
(30,0) : 2
(38,0) : 1
(36,0) : 1
(44,3) : 2
(23,0) : 1
(11,1) : 3
(5,1) : 5
(46,4) : 1
(31,1) : 1
(34,1) : 2
(25,0) : 1
(12,1) : 2
(20,0) : 1
(40,0) : 1
(16,1) : 1
(9,1) : 3
(3,1) : 2
(7,1) : 2
(10,2) : 1
(4,1) : 1
(0,1) : 1
