pop size : 10000, betaG : 0.08500, lambdaH : 0.10000, lambdaW : 0.00100, gamma : 0.12500, Tmax : 150.00, threshold of infected : 0.010
0.37 0.32 0.13 0.12 0.04 0.02 
0.2192 0.12 0.08 0.06 0.05 0.045 0.04 0.035 0.03 0.02 0.02 0.02 0.015 0.015 0.015 0.015 0.001 0.001 0.001 0.001 0.001 0.001 0.001 0.001 0.001 0.001 0.001 0.001 0.001 0.001 0.001 0.001 0.001 0.001 0.001 0.001 0.001 0.001 0.001 0.001 0.001 0.0001 0.0001 0.0001 0.0001 0.0001 0.0001 0.0001 0.0001 0.175 
Proportion of infected at cutoff : 0.0100
Proportion of susceptibles at cutoff : 0.9797
(7,0) : 22
(50,0) : 47
(47,2) : 3
(48,2) : 4
(49,1) : 30
(12,0) : 15
(25,0) : 1
(48,1) : 10
(5,0) : 37
(48,0) : 7
(14,0) : 14
(46,3) : 2
(13,0) : 13
(16,0) : 5
(6,0) : 29
(47,1) : 1
(15,0) : 23
(49,0) : 17
(46,2) : 3
(11,1) : 1
(45,4) : 1
(8,0) : 21
(2,0) : 84
(11,0) : 16
(10,0) : 23
(47,0) : 1
(26,0) : 2
(27,1) : 1
(45,3) : 1
(24,0) : 1
(9,0) : 19
(1,0) : 162
(28,0) : 1
(3,0) : 53
(9,1) : 1
(47,3) : 1
(34,0) : 1
(4,0) : 42
(14,1) : 1
(7,1) : 2
(29,0) : 2
(2,1) : 1
(35,1) : 1
(35,0) : 2
(11,2) : 1
(15,1) : 2
(23,1) : 1
(17,0) : 2
(22,2) : 1
(3,1) : 2
(32,0) : 1
(36,1) : 1
(5,1) : 1
(0,1) : 2
(37,0) : 1
(4,1) : 1
(6,1) : 1
(0,0) : 2
