pop size : 10000, betaG : 0.08500, lambdaH : 0.10000, lambdaW : 0.00100, gamma : 0.12500, Tmax : 150.00, threshold of infected : 0.010
0.37 0.32 0.13 0.12 0.04 0.02 
0.2192 0.12 0.08 0.06 0.05 0.045 0.04 0.035 0.03 0.02 0.02 0.02 0.015 0.015 0.015 0.015 0.001 0.001 0.001 0.001 0.001 0.001 0.001 0.001 0.001 0.001 0.001 0.001 0.001 0.001 0.001 0.001 0.001 0.001 0.001 0.001 0.001 0.001 0.001 0.001 0.001 0.0001 0.0001 0.0001 0.0001 0.0001 0.0001 0.0001 0.0001 0.175 
Proportion of infected at cutoff : 0.0100
Proportion of susceptibles at cutoff : 0.9728
(50,0) : 39
(8,0) : 13
(49,1) : 14
(48,1) : 10
(48,0) : 11
(46,2) : 3
(3,0) : 66
(11,0) : 14
(12,0) : 14
(49,0) : 29
(47,2) : 6
(48,2) : 3
(29,0) : 1
(4,0) : 44
(38,0) : 2
(2,0) : 105
(7,0) : 26
(9,0) : 12
(45,2) : 1
(47,1) : 5
(36,0) : 1
(41,2) : 1
(14,0) : 13
(6,0) : 30
(47,0) : 5
(36,3) : 1
(45,1) : 2
(10,0) : 15
(1,0) : 160
(28,1) : 1
(34,0) : 1
(46,4) : 1
(43,2) : 1
(16,0) : 4
(11,1) : 2
(15,0) : 11
(24,2) : 1
(19,0) : 1
(46,1) : 2
(45,3) : 1
(37,0) : 1
(20,0) : 1
(5,0) : 30
(13,0) : 11
(42,3) : 1
(14,1) : 2
(4,2) : 1
(35,0) : 2
(9,2) : 1
(46,0) : 1
(17,0) : 2
(5,1) : 2
(30,1) : 1
(9,1) : 1
(10,2) : 1
(22,0) : 1
(2,1) : 2
(6,1) : 1
(26,0) : 1
(10,1) : 1
(3,1) : 1
(1,1) : 1
(0,0) : 2
(8,1) : 1
