pop size : 10000, betaG : 0.08500, lambdaH : 0.10000, lambdaW : 0.00100, gamma : 0.12500, Tmax : 150.00, threshold of infected : 0.010
0.37 0.32 0.13 0.12 0.04 0.02 
0.2192 0.12 0.08 0.06 0.05 0.045 0.04 0.035 0.03 0.02 0.02 0.02 0.015 0.015 0.015 0.015 0.001 0.001 0.001 0.001 0.001 0.001 0.001 0.001 0.001 0.001 0.001 0.001 0.001 0.001 0.001 0.001 0.001 0.001 0.001 0.001 0.001 0.001 0.001 0.001 0.001 0.0001 0.0001 0.0001 0.0001 0.0001 0.0001 0.0001 0.0001 0.175 
Proportion of infected at cutoff : 0.0100
Proportion of susceptibles at cutoff : 0.9753
(47,1) : 7
(48,0) : 6
(1,0) : 161
(48,2) : 2
(50,0) : 45
(49,0) : 22
(11,0) : 22
(42,2) : 1
(48,1) : 9
(5,0) : 34
(49,1) : 14
(47,2) : 4
(15,0) : 7
(9,0) : 36
(12,1) : 1
(4,0) : 56
(8,0) : 24
(14,0) : 10
(47,0) : 6
(13,0) : 8
(24,0) : 1
(47,3) : 1
(3,0) : 66
(10,0) : 17
(46,2) : 3
(36,0) : 1
(35,0) : 2
(7,0) : 33
(7,1) : 4
(34,0) : 1
(10,1) : 2
(6,0) : 33
(2,0) : 98
(9,1) : 1
(15,1) : 1
(46,1) : 1
(34,1) : 1
(16,0) : 6
(12,0) : 20
(33,0) : 2
(12,2) : 1
(40,0) : 1
(43,3) : 2
(4,1) : 1
(11,1) : 2
(27,0) : 1
(19,0) : 1
(14,1) : 2
(8,1) : 1
(21,1) : 1
(13,1) : 1
(0,0) : 1
(17,0) : 1
(21,0) : 3
(23,2) : 1
(27,1) : 2
(24,1) : 1
(6,1) : 1
(2,1) : 6
(5,1) : 1
(7,2) : 1
(19,1) : 1
(0,1) : 2
(1,1) : 2
