pop size : 10000, betaG : 0.08500, lambdaH : 0.10000, lambdaW : 0.00100, gamma : 0.12500, Tmax : 150.00, threshold of infected : 0.010
0.37 0.32 0.13 0.12 0.04 0.02 
0.2192 0.12 0.08 0.06 0.05 0.045 0.04 0.035 0.03 0.02 0.02 0.02 0.015 0.015 0.015 0.015 0.001 0.001 0.001 0.001 0.001 0.001 0.001 0.001 0.001 0.001 0.001 0.001 0.001 0.001 0.001 0.001 0.001 0.001 0.001 0.001 0.001 0.001 0.001 0.001 0.001 0.0001 0.0001 0.0001 0.0001 0.0001 0.0001 0.0001 0.0001 0.175 
Proportion of infected at cutoff : 0.0100
Proportion of susceptibles at cutoff : 0.9777
(49,0) : 25
(50,0) : 57
(5,0) : 42
(19,0) : 1
(10,0) : 12
(48,1) : 6
(28,0) : 1
(47,1) : 7
(48,0) : 3
(12,0) : 11
(13,0) : 12
(15,0) : 6
(47,2) : 6
(2,0) : 102
(38,2) : 1
(48,2) : 3
(49,1) : 12
(40,0) : 2
(24,1) : 1
(9,0) : 19
(32,1) : 1
(14,0) : 11
(8,0) : 24
(44,5) : 1
(45,1) : 1
(6,0) : 34
(5,1) : 4
(7,0) : 32
(45,3) : 1
(47,0) : 2
(11,0) : 13
(25,2) : 1
(46,0) : 1
(39,1) : 1
(47,3) : 2
(21,0) : 2
(46,1) : 2
(43,3) : 1
(3,0) : 60
(4,0) : 39
(18,0) : 1
(37,0) : 1
(16,0) : 5
(32,2) : 1
(30,0) : 1
(9,1) : 4
(11,1) : 2
(6,1) : 2
(13,1) : 2
(10,1) : 2
(3,1) : 2
(1,0) : 168
(35,0) : 1
(15,1) : 1
(22,1) : 1
(12,1) : 2
(2,1) : 1
(38,0) : 1
(43,1) : 1
(22,0) : 1
(27,0) : 1
(23,1) : 1
(1,1) : 3
(0,0) : 1
