pop size : 10000, betaG : 0.08500, lambdaH : 0.10000, lambdaW : 0.00100, gamma : 0.12500, Tmax : 150.00, threshold of infected : 0.010
0.37 0.32 0.13 0.12 0.04 0.02 
0.2192 0.12 0.08 0.06 0.05 0.045 0.04 0.035 0.03 0.02 0.02 0.02 0.015 0.015 0.015 0.015 0.001 0.001 0.001 0.001 0.001 0.001 0.001 0.001 0.001 0.001 0.001 0.001 0.001 0.001 0.001 0.001 0.001 0.001 0.001 0.001 0.001 0.001 0.001 0.001 0.001 0.0001 0.0001 0.0001 0.0001 0.0001 0.0001 0.0001 0.0001 0.175 
Proportion of infected at cutoff : 0.0100
Proportion of susceptibles at cutoff : 0.9742
(48,0) : 9
(4,0) : 57
(49,1) : 16
(48,2) : 6
(48,1) : 8
(50,0) : 46
(8,0) : 31
(49,0) : 28
(46,3) : 3
(14,0) : 6
(7,0) : 19
(46,1) : 2
(17,0) : 2
(6,0) : 30
(13,1) : 2
(42,3) : 1
(10,0) : 13
(13,0) : 14
(3,0) : 52
(12,0) : 18
(5,0) : 29
(28,0) : 1
(9,0) : 14
(11,0) : 9
(45,1) : 3
(47,3) : 2
(47,0) : 6
(19,0) : 2
(1,0) : 190
(2,0) : 77
(45,3) : 1
(46,2) : 1
(16,0) : 10
(45,2) : 2
(47,1) : 3
(18,0) : 1
(10,2) : 1
(15,0) : 7
(40,1) : 1
(15,1) : 1
(6,2) : 1
(39,2) : 1
(8,1) : 1
(29,1) : 1
(40,0) : 1
(47,2) : 1
(46,4) : 1
(29,0) : 1
(14,1) : 1
(25,2) : 1
(27,0) : 1
(9,1) : 1
(3,1) : 1
(2,1) : 2
(4,1) : 1
(1,1) : 2
(0,0) : 1
(0,1) : 1
