pop size : 10000, betaG : 0.08500, lambdaH : 0.10000, lambdaW : 0.00100, gamma : 0.12500, Tmax : 150.00, threshold of infected : 0.010
0.37 0.32 0.13 0.12 0.04 0.02 
0.2192 0.12 0.08 0.06 0.05 0.045 0.04 0.035 0.03 0.02 0.02 0.02 0.015 0.015 0.015 0.015 0.001 0.001 0.001 0.001 0.001 0.001 0.001 0.001 0.001 0.001 0.001 0.001 0.001 0.001 0.001 0.001 0.001 0.001 0.001 0.001 0.001 0.001 0.001 0.001 0.001 0.0001 0.0001 0.0001 0.0001 0.0001 0.0001 0.0001 0.0001 0.175 
Proportion of infected at cutoff : 0.0100
Proportion of susceptibles at cutoff : 0.9803
(49,0) : 20
(14,0) : 13
(50,0) : 49
(48,0) : 4
(49,1) : 17
(48,1) : 11
(48,2) : 6
(5,0) : 42
(16,0) : 10
(9,0) : 20
(7,0) : 35
(27,0) : 2
(12,0) : 15
(13,0) : 11
(30,2) : 1
(11,0) : 13
(29,0) : 2
(45,2) : 1
(8,1) : 4
(40,0) : 1
(2,0) : 96
(15,0) : 13
(47,1) : 2
(8,0) : 25
(6,0) : 35
(46,2) : 1
(47,3) : 2
(3,0) : 56
(1,0) : 191
(4,0) : 58
(41,0) : 1
(23,0) : 2
(24,0) : 3
(43,1) : 1
(26,0) : 1
(36,0) : 1
(10,0) : 11
(39,0) : 1
(10,1) : 2
(47,0) : 2
(38,1) : 1
(31,0) : 2
(43,4) : 1
(39,1) : 1
(45,4) : 1
(33,1) : 1
(12,1) : 1
(46,1) : 2
(46,3) : 1
(1,1) : 3
(6,1) : 1
(3,1) : 2
(35,0) : 1
(33,0) : 1
(5,1) : 2
(11,1) : 2
(37,0) : 1
(4,1) : 3
(17,0) : 1
(2,1) : 2
(18,0) : 1
(7,1) : 3
(10,2) : 1
(28,0) : 1
(9,1) : 1
(0,1) : 1
