pop size : 10000, betaG : 0.08500, lambdaH : 0.10000, lambdaW : 0.00100, gamma : 0.12500, Tmax : 150.00, threshold of infected : 0.010
0.37 0.32 0.13 0.12 0.04 0.02 
0.2192 0.12 0.08 0.06 0.05 0.045 0.04 0.035 0.03 0.02 0.02 0.02 0.015 0.015 0.015 0.015 0.001 0.001 0.001 0.001 0.001 0.001 0.001 0.001 0.001 0.001 0.001 0.001 0.001 0.001 0.001 0.001 0.001 0.001 0.001 0.001 0.001 0.001 0.001 0.001 0.001 0.0001 0.0001 0.0001 0.0001 0.0001 0.0001 0.0001 0.0001 0.175 
Proportion of infected at cutoff : 0.0100
Proportion of susceptibles at cutoff : 0.9649
(49,0) : 23
(8,0) : 28
(5,0) : 42
(47,0) : 5
(3,0) : 57
(36,0) : 2
(48,0) : 12
(42,2) : 2
(38,0) : 2
(50,0) : 29
(9,0) : 18
(46,0) : 3
(11,0) : 13
(48,2) : 3
(7,0) : 26
(46,2) : 2
(49,1) : 12
(13,0) : 17
(12,0) : 15
(48,1) : 10
(14,0) : 13
(20,0) : 3
(44,0) : 1
(47,2) : 3
(18,0) : 1
(44,1) : 2
(14,1) : 2
(47,3) : 1
(29,0) : 3
(15,0) : 13
(46,1) : 1
(46,3) : 2
(44,2) : 2
(47,1) : 5
(2,0) : 85
(10,0) : 15
(1,0) : 174
(6,0) : 34
(27,0) : 3
(45,0) : 2
(33,0) : 1
(22,0) : 1
(4,1) : 4
(11,1) : 1
(4,0) : 40
(35,0) : 2
(18,1) : 1
(45,3) : 1
(40,0) : 1
(5,1) : 1
(16,0) : 9
(23,0) : 2
(15,1) : 1
(34,1) : 2
(0,0) : 5
(32,0) : 1
(11,2) : 1
(37,0) : 1
(41,2) : 1
(0,1) : 5
(3,1) : 3
(13,1) : 1
(6,1) : 2
(8,1) : 2
(2,1) : 5
