pop size : 10000, betaG : 0.08500, lambdaH : 0.10000, lambdaW : 0.00100, gamma : 0.12500, Tmax : 150.00, threshold of infected : 0.010
0.37 0.32 0.13 0.12 0.04 0.02 
0.2192 0.12 0.08 0.06 0.05 0.045 0.04 0.035 0.03 0.02 0.02 0.02 0.015 0.015 0.015 0.015 0.001 0.001 0.001 0.001 0.001 0.001 0.001 0.001 0.001 0.001 0.001 0.001 0.001 0.001 0.001 0.001 0.001 0.001 0.001 0.001 0.001 0.001 0.001 0.001 0.001 0.0001 0.0001 0.0001 0.0001 0.0001 0.0001 0.0001 0.0001 0.175 
Proportion of infected at cutoff : 0.0100
Proportion of susceptibles at cutoff : 0.9746
(48,0) : 9
(50,0) : 45
(49,0) : 21
(47,1) : 7
(3,0) : 61
(48,1) : 13
(11,0) : 19
(49,1) : 19
(29,0) : 1
(47,0) : 2
(43,2) : 1
(47,2) : 4
(2,0) : 89
(12,0) : 15
(1,0) : 164
(10,0) : 14
(4,0) : 32
(6,0) : 31
(18,2) : 1
(8,0) : 20
(13,0) : 12
(15,0) : 11
(48,2) : 4
(7,0) : 35
(46,2) : 4
(5,0) : 41
(25,0) : 1
(47,3) : 1
(19,1) : 1
(14,0) : 10
(6,1) : 3
(39,2) : 1
(9,0) : 16
(8,1) : 2
(7,1) : 3
(10,1) : 1
(3,1) : 1
(46,0) : 1
(17,1) : 1
(45,2) : 1
(20,0) : 1
(23,0) : 2
(31,0) : 1
(40,0) : 1
(45,3) : 1
(34,0) : 2
(16,0) : 5
(24,0) : 1
(41,3) : 1
(33,0) : 1
(46,1) : 1
(1,1) : 2
(14,1) : 1
(0,1) : 1
(11,1) : 1
(9,1) : 1
(4,1) : 1
(0,0) : 1
