pop size : 10000, betaG : 0.08500, lambdaH : 0.10000, lambdaW : 0.00100, gamma : 0.12500, Tmax : 150.00, threshold of infected : 0.010
0.37 0.32 0.13 0.12 0.04 0.02 
0.2192 0.12 0.08 0.06 0.05 0.045 0.04 0.035 0.03 0.02 0.02 0.02 0.015 0.015 0.015 0.015 0.001 0.001 0.001 0.001 0.001 0.001 0.001 0.001 0.001 0.001 0.001 0.001 0.001 0.001 0.001 0.001 0.001 0.001 0.001 0.001 0.001 0.001 0.001 0.001 0.001 0.0001 0.0001 0.0001 0.0001 0.0001 0.0001 0.0001 0.0001 0.175 
Proportion of infected at cutoff : 0.0100
Proportion of susceptibles at cutoff : 0.9750
(14,0) : 5
(6,0) : 30
(49,1) : 17
(50,0) : 51
(4,0) : 29
(49,0) : 20
(7,0) : 30
(48,1) : 11
(48,2) : 6
(3,0) : 57
(9,0) : 24
(13,0) : 5
(5,0) : 38
(11,0) : 16
(1,0) : 144
(34,1) : 1
(46,2) : 2
(15,0) : 9
(48,0) : 7
(47,0) : 7
(10,0) : 17
(8,0) : 20
(47,1) : 5
(26,1) : 1
(36,0) : 1
(15,1) : 2
(2,0) : 79
(16,0) : 5
(39,1) : 1
(45,2) : 2
(47,2) : 2
(45,3) : 1
(10,1) : 1
(28,0) : 1
(23,0) : 2
(12,0) : 12
(45,0) : 2
(14,1) : 3
(33,0) : 1
(4,1) : 2
(40,4) : 1
(13,1) : 2
(39,0) : 1
(24,0) : 1
(26,0) : 1
(44,2) : 1
(6,2) : 1
(40,0) : 1
(7,1) : 4
(12,1) : 1
(46,0) : 1
(6,1) : 3
(27,1) : 1
(27,0) : 1
(32,0) : 2
(1,1) : 1
(44,0) : 1
(0,1) : 4
(0,0) : 3
(16,1) : 1
(3,1) : 1
(5,1) : 2
(2,1) : 1
