pop size : 10000, betaG : 0.08500, lambdaH : 0.10000, lambdaW : 0.00100, gamma : 0.12500, Tmax : 150.00, threshold of infected : 0.010
0.37 0.32 0.13 0.12 0.04 0.02 
0.2192 0.12 0.08 0.06 0.05 0.045 0.04 0.035 0.03 0.02 0.02 0.02 0.015 0.015 0.015 0.015 0.001 0.001 0.001 0.001 0.001 0.001 0.001 0.001 0.001 0.001 0.001 0.001 0.001 0.001 0.001 0.001 0.001 0.001 0.001 0.001 0.001 0.001 0.001 0.001 0.001 0.0001 0.0001 0.0001 0.0001 0.0001 0.0001 0.0001 0.0001 0.175 
Proportion of infected at cutoff : 0.0100
Proportion of susceptibles at cutoff : 0.9732
(4,0) : 44
(6,0) : 33
(50,0) : 45
(49,0) : 29
(47,0) : 4
(39,0) : 2
(49,1) : 10
(48,0) : 11
(47,1) : 3
(10,1) : 3
(16,0) : 4
(37,0) : 2
(26,0) : 1
(48,1) : 8
(13,0) : 10
(48,2) : 3
(47,2) : 3
(11,0) : 13
(3,0) : 66
(15,0) : 7
(31,0) : 3
(1,0) : 185
(10,0) : 14
(23,0) : 1
(0,0) : 2
(11,1) : 1
(14,0) : 9
(46,3) : 2
(5,0) : 27
(41,0) : 2
(2,0) : 100
(25,0) : 1
(45,2) : 3
(8,0) : 23
(35,0) : 2
(46,2) : 1
(44,0) : 1
(18,0) : 1
(21,0) : 1
(12,1) : 3
(28,0) : 1
(9,0) : 16
(12,0) : 11
(43,1) : 1
(8,1) : 2
(42,4) : 1
(14,1) : 1
(22,0) : 1
(47,3) : 2
(7,0) : 23
(45,4) : 1
(29,0) : 2
(22,1) : 1
(20,0) : 1
(7,1) : 3
(46,1) : 1
(26,1) : 1
(27,0) : 2
(6,1) : 3
(5,1) : 2
(43,2) : 1
(19,1) : 1
(15,1) : 1
(3,1) : 2
(4,1) : 4
(2,1) : 3
(1,1) : 1
(9,1) : 2
(17,1) : 1
