pop size : 10000, betaG : 0.08500, lambdaH : 0.10000, lambdaW : 0.00100, gamma : 0.12500, Tmax : 150.00, threshold of infected : 0.010
0.37 0.32 0.13 0.12 0.04 0.02 
0.2192 0.12 0.08 0.06 0.05 0.045 0.04 0.035 0.03 0.02 0.02 0.02 0.015 0.015 0.015 0.015 0.001 0.001 0.001 0.001 0.001 0.001 0.001 0.001 0.001 0.001 0.001 0.001 0.001 0.001 0.001 0.001 0.001 0.001 0.001 0.001 0.001 0.001 0.001 0.001 0.001 0.0001 0.0001 0.0001 0.0001 0.0001 0.0001 0.0001 0.0001 0.175 
Proportion of infected at cutoff : 0.0100
Proportion of susceptibles at cutoff : 0.9810
(49,1) : 20
(2,0) : 76
(50,0) : 67
(6,0) : 31
(46,0) : 1
(12,0) : 16
(49,0) : 17
(46,3) : 1
(48,2) : 9
(40,1) : 1
(11,0) : 16
(9,0) : 18
(13,0) : 5
(15,0) : 9
(10,0) : 14
(4,0) : 33
(47,3) : 1
(46,4) : 1
(5,0) : 40
(3,0) : 70
(48,1) : 5
(46,2) : 3
(48,0) : 6
(15,1) : 4
(45,2) : 1
(30,0) : 1
(7,0) : 32
(1,0) : 174
(13,1) : 2
(47,2) : 1
(40,0) : 1
(8,0) : 21
(45,4) : 1
(47,0) : 1
(29,0) : 1
(14,0) : 5
(39,0) : 1
(44,1) : 1
(43,4) : 1
(37,0) : 1
(33,0) : 1
(27,0) : 2
(6,1) : 2
(10,1) : 1
(16,0) : 2
(34,0) : 1
(25,1) : 1
(25,0) : 1
(7,1) : 4
(18,0) : 1
(23,0) : 1
(44,6) : 1
(12,1) : 1
(33,1) : 1
(2,1) : 1
(14,1) : 1
(0,0) : 3
(3,1) : 1
(0,1) : 1
(4,1) : 1
