pop size : 10000, betaG : 0.08500, lambdaH : 0.10000, lambdaW : 0.00100, gamma : 0.12500, Tmax : 150.00, threshold of infected : 0.010
0.37 0.32 0.13 0.12 0.04 0.02 
0.2192 0.12 0.08 0.06 0.05 0.045 0.04 0.035 0.03 0.02 0.02 0.02 0.015 0.015 0.015 0.015 0.001 0.001 0.001 0.001 0.001 0.001 0.001 0.001 0.001 0.001 0.001 0.001 0.001 0.001 0.001 0.001 0.001 0.001 0.001 0.001 0.001 0.001 0.001 0.001 0.001 0.0001 0.0001 0.0001 0.0001 0.0001 0.0001 0.0001 0.0001 0.175 
Proportion of infected at cutoff : 0.0100
Proportion of susceptibles at cutoff : 0.9753
(48,1) : 11
(14,0) : 12
(6,0) : 42
(50,0) : 44
(46,0) : 3
(44,1) : 1
(49,0) : 15
(2,0) : 112
(34,0) : 1
(15,0) : 11
(5,0) : 34
(19,0) : 1
(4,0) : 46
(30,0) : 2
(48,2) : 4
(35,1) : 1
(42,5) : 1
(35,0) : 1
(49,1) : 17
(48,0) : 5
(3,0) : 66
(39,1) : 1
(13,0) : 9
(9,0) : 19
(33,0) : 2
(5,1) : 2
(12,0) : 19
(20,0) : 1
(17,0) : 1
(1,0) : 175
(47,2) : 6
(10,0) : 19
(46,2) : 2
(47,0) : 3
(45,1) : 1
(32,0) : 4
(8,0) : 30
(18,2) : 1
(25,0) : 1
(11,0) : 11
(28,0) : 2
(47,1) : 5
(10,1) : 3
(15,1) : 1
(40,1) : 1
(7,0) : 31
(7,1) : 3
(46,3) : 1
(38,0) : 1
(23,0) : 1
(16,0) : 2
(36,0) : 2
(4,1) : 2
(3,1) : 3
(11,1) : 2
(46,1) : 1
(18,0) : 2
(27,0) : 2
(36,1) : 1
(8,1) : 1
(13,1) : 1
(1,1) : 1
(22,1) : 1
(13,2) : 1
(33,1) : 1
(2,1) : 3
(0,0) : 1
