pop size : 10000, betaG : 0.08500, lambdaH : 0.10000, lambdaW : 0.00100, gamma : 0.12500, Tmax : 150.00, threshold of infected : 0.010
0.37 0.32 0.13 0.12 0.04 0.02 
0.2192 0.12 0.08 0.06 0.05 0.045 0.04 0.035 0.03 0.02 0.02 0.02 0.015 0.015 0.015 0.015 0.001 0.001 0.001 0.001 0.001 0.001 0.001 0.001 0.001 0.001 0.001 0.001 0.001 0.001 0.001 0.001 0.001 0.001 0.001 0.001 0.001 0.001 0.001 0.001 0.001 0.0001 0.0001 0.0001 0.0001 0.0001 0.0001 0.0001 0.0001 0.175 
Proportion of infected at cutoff : 0.0100
Proportion of susceptibles at cutoff : 0.9739
(8,1) : 4
(13,0) : 9
(50,0) : 43
(29,0) : 1
(47,1) : 9
(8,0) : 34
(48,0) : 6
(23,0) : 2
(47,2) : 2
(48,2) : 3
(49,0) : 32
(35,0) : 1
(37,0) : 1
(45,0) : 2
(49,1) : 9
(11,0) : 8
(18,0) : 3
(45,1) : 2
(4,0) : 36
(33,0) : 2
(47,0) : 3
(44,3) : 2
(9,0) : 19
(12,1) : 1
(5,0) : 35
(7,0) : 30
(37,1) : 1
(1,0) : 142
(3,0) : 59
(12,0) : 9
(6,0) : 27
(46,3) : 3
(14,1) : 1
(16,0) : 11
(46,1) : 2
(46,2) : 2
(48,1) : 7
(43,0) : 1
(15,0) : 9
(14,0) : 8
(2,0) : 76
(10,0) : 14
(27,1) : 1
(47,3) : 2
(3,1) : 2
(41,0) : 1
(42,6) : 1
(30,0) : 1
(36,0) : 1
(31,0) : 1
(13,1) : 2
(2,1) : 1
(34,0) : 1
(43,5) : 1
(44,0) : 1
(20,0) : 1
(28,2) : 1
(38,2) : 1
(0,0) : 1
(26,0) : 1
(24,0) : 1
(19,0) : 2
(6,1) : 1
(4,1) : 3
(5,1) : 3
(15,1) : 1
