pop size : 10000, betaG : 0.08500, lambdaH : 0.10000, lambdaW : 0.00100, gamma : 0.12500, Tmax : 150.00, threshold of infected : 0.010
0.37 0.32 0.13 0.12 0.04 0.02 
0.2192 0.12 0.08 0.06 0.05 0.045 0.04 0.035 0.03 0.02 0.02 0.02 0.015 0.015 0.015 0.015 0.001 0.001 0.001 0.001 0.001 0.001 0.001 0.001 0.001 0.001 0.001 0.001 0.001 0.001 0.001 0.001 0.001 0.001 0.001 0.001 0.001 0.001 0.001 0.001 0.001 0.0001 0.0001 0.0001 0.0001 0.0001 0.0001 0.0001 0.0001 0.175 
Proportion of infected at cutoff : 0.0100
Proportion of susceptibles at cutoff : 0.9708
(48,1) : 12
(49,0) : 27
(13,0) : 11
(48,2) : 4
(50,0) : 44
(46,1) : 3
(3,0) : 51
(1,0) : 163
(12,0) : 17
(47,1) : 6
(49,1) : 11
(16,0) : 6
(46,0) : 2
(21,0) : 2
(43,4) : 1
(46,2) : 3
(2,0) : 94
(48,0) : 12
(47,2) : 3
(41,0) : 1
(20,1) : 1
(8,0) : 19
(9,0) : 21
(14,0) : 9
(15,1) : 3
(45,1) : 1
(47,0) : 5
(19,0) : 1
(6,0) : 31
(7,0) : 17
(15,0) : 4
(14,1) : 4
(12,1) : 2
(11,1) : 2
(13,1) : 1
(4,0) : 40
(40,2) : 1
(11,0) : 6
(5,0) : 36
(27,0) : 1
(22,1) : 1
(39,0) : 1
(10,0) : 19
(44,4) : 1
(24,0) : 1
(42,4) : 1
(28,0) : 1
(37,2) : 1
(5,1) : 6
(10,1) : 1
(30,0) : 1
(31,0) : 1
(22,0) : 1
(21,1) : 1
(1,1) : 2
(8,1) : 1
(17,0) : 3
(9,1) : 1
(3,1) : 2
(4,1) : 2
(0,1) : 1
