pop size : 10000, betaG : 0.08500, lambdaH : 0.10000, lambdaW : 0.00100, gamma : 0.12500, Tmax : 150.00, threshold of infected : 0.010
0.37 0.32 0.13 0.12 0.04 0.02 
0.2192 0.12 0.08 0.06 0.05 0.045 0.04 0.035 0.03 0.02 0.02 0.02 0.015 0.015 0.015 0.015 0.001 0.001 0.001 0.001 0.001 0.001 0.001 0.001 0.001 0.001 0.001 0.001 0.001 0.001 0.001 0.001 0.001 0.001 0.001 0.001 0.001 0.001 0.001 0.001 0.001 0.0001 0.0001 0.0001 0.0001 0.0001 0.0001 0.0001 0.0001 0.175 
Proportion of infected at cutoff : 0.0100
Proportion of susceptibles at cutoff : 0.9763
(50,0) : 44
(6,0) : 38
(49,1) : 15
(14,1) : 2
(9,0) : 21
(16,0) : 8
(7,0) : 28
(47,1) : 4
(3,0) : 52
(10,0) : 13
(48,0) : 8
(2,0) : 92
(47,2) : 2
(14,0) : 7
(35,0) : 1
(11,0) : 13
(15,0) : 12
(8,0) : 23
(48,1) : 14
(45,1) : 1
(46,3) : 3
(36,1) : 1
(34,0) : 1
(18,0) : 3
(47,0) : 4
(49,0) : 23
(5,0) : 20
(23,0) : 4
(4,0) : 27
(11,1) : 3
(46,0) : 2
(44,3) : 1
(48,2) : 3
(12,1) : 2
(12,0) : 11
(32,0) : 3
(43,2) : 1
(13,0) : 7
(1,0) : 141
(29,0) : 1
(40,0) : 2
(46,2) : 3
(25,0) : 2
(30,2) : 1
(31,0) : 1
(28,0) : 1
(10,1) : 1
(45,3) : 1
(33,3) : 1
(8,1) : 2
(13,1) : 2
(2,1) : 3
(33,0) : 1
(3,1) : 2
(24,0) : 1
(22,3) : 1
(38,0) : 1
(31,1) : 1
(39,0) : 1
(17,0) : 2
(15,1) : 1
(20,0) : 2
(7,1) : 1
(6,1) : 1
(26,0) : 1
(1,1) : 1
(5,1) : 1
(0,1) : 1
(0,0) : 2
