pop size : 10000, betaG : 0.08500, lambdaH : 0.10000, lambdaW : 0.00100, gamma : 0.12500, Tmax : 150.00, threshold of infected : 0.010
0.37 0.32 0.13 0.12 0.04 0.02 
0.2192 0.12 0.08 0.06 0.05 0.045 0.04 0.035 0.03 0.02 0.02 0.02 0.015 0.015 0.015 0.015 0.001 0.001 0.001 0.001 0.001 0.001 0.001 0.001 0.001 0.001 0.001 0.001 0.001 0.001 0.001 0.001 0.001 0.001 0.001 0.001 0.001 0.001 0.001 0.001 0.001 0.0001 0.0001 0.0001 0.0001 0.0001 0.0001 0.0001 0.0001 0.175 
Proportion of infected at cutoff : 0.0100
Proportion of susceptibles at cutoff : 0.9713
(47,1) : 6
(50,0) : 33
(48,1) : 8
(48,2) : 4
(47,2) : 4
(49,0) : 29
(39,0) : 1
(48,0) : 13
(5,0) : 37
(31,0) : 1
(45,3) : 1
(1,0) : 145
(16,0) : 8
(10,0) : 9
(2,0) : 82
(35,1) : 1
(15,0) : 10
(12,0) : 11
(13,0) : 9
(8,0) : 21
(49,1) : 17
(14,0) : 13
(3,0) : 66
(47,0) : 6
(36,0) : 1
(30,0) : 2
(6,0) : 24
(46,2) : 3
(7,0) : 25
(11,1) : 2
(12,1) : 2
(46,4) : 1
(46,0) : 3
(33,0) : 2
(9,0) : 23
(46,1) : 1
(45,0) : 1
(38,1) : 1
(11,0) : 16
(45,4) : 1
(43,2) : 1
(45,1) : 1
(4,1) : 2
(4,0) : 35
(44,0) : 2
(16,2) : 1
(14,1) : 1
(41,0) : 1
(23,0) : 2
(13,1) : 1
(46,3) : 1
(20,1) : 1
(42,5) : 1
(9,2) : 1
(17,1) : 1
(26,0) : 1
(15,1) : 1
(1,1) : 1
(5,1) : 1
(2,1) : 2
(3,1) : 1
(0,0) : 1
(0,1) : 2
