pop size : 10000, betaG : 0.08500, lambdaH : 0.10000, lambdaW : 0.00100, gamma : 0.12500, Tmax : 150.00, threshold of infected : 0.010
0.37 0.32 0.13 0.12 0.04 0.02 
0.2192 0.12 0.08 0.06 0.05 0.045 0.04 0.035 0.03 0.02 0.02 0.02 0.015 0.015 0.015 0.015 0.001 0.001 0.001 0.001 0.001 0.001 0.001 0.001 0.001 0.001 0.001 0.001 0.001 0.001 0.001 0.001 0.001 0.001 0.001 0.001 0.001 0.001 0.001 0.001 0.001 0.0001 0.0001 0.0001 0.0001 0.0001 0.0001 0.0001 0.0001 0.175 
Proportion of infected at cutoff : 0.0100
Proportion of susceptibles at cutoff : 0.9788
(48,0) : 6
(50,0) : 53
(48,2) : 8
(6,0) : 36
(46,2) : 4
(14,0) : 14
(9,0) : 23
(42,3) : 1
(47,1) : 3
(2,0) : 93
(49,0) : 23
(11,0) : 15
(44,4) : 1
(8,0) : 31
(49,1) : 17
(4,0) : 51
(13,1) : 1
(15,0) : 13
(35,0) : 1
(1,0) : 197
(13,0) : 15
(47,0) : 1
(3,0) : 66
(48,1) : 5
(7,0) : 21
(10,0) : 14
(46,4) : 1
(5,0) : 45
(10,1) : 4
(30,0) : 1
(13,2) : 1
(27,1) : 1
(16,0) : 6
(12,0) : 17
(29,0) : 1
(47,2) : 1
(46,1) : 1
(46,3) : 1
(5,1) : 2
(25,0) : 1
(1,1) : 3
(7,1) : 4
(12,1) : 1
(33,0) : 1
(19,0) : 1
(45,2) : 2
(32,0) : 2
(23,0) : 1
(20,0) : 1
(6,1) : 2
(34,0) : 1
(4,1) : 2
(9,1) : 1
(8,1) : 1
(14,2) : 1
(0,0) : 2
(3,1) : 1
(0,1) : 2
(2,1) : 1
