pop size : 10000, betaG : 0.08500, lambdaH : 0.10000, lambdaW : 0.00100, gamma : 0.12500, Tmax : 150.00, threshold of infected : 0.010
0.37 0.32 0.13 0.12 0.04 0.02 
0.2192 0.12 0.08 0.06 0.05 0.045 0.04 0.035 0.03 0.02 0.02 0.02 0.015 0.015 0.015 0.015 0.001 0.001 0.001 0.001 0.001 0.001 0.001 0.001 0.001 0.001 0.001 0.001 0.001 0.001 0.001 0.001 0.001 0.001 0.001 0.001 0.001 0.001 0.001 0.001 0.001 0.0001 0.0001 0.0001 0.0001 0.0001 0.0001 0.0001 0.0001 0.175 
Proportion of infected at cutoff : 0.0100
Proportion of susceptibles at cutoff : 0.9680
(41,2) : 1
(49,0) : 31
(50,0) : 28
(7,0) : 33
(15,0) : 12
(11,0) : 11
(9,0) : 30
(2,0) : 89
(45,0) : 2
(12,0) : 5
(44,3) : 2
(44,4) : 1
(5,0) : 44
(48,2) : 1
(48,0) : 11
(14,0) : 16
(47,0) : 7
(46,1) : 4
(49,1) : 11
(1,0) : 164
(10,0) : 17
(7,1) : 3
(48,1) : 12
(46,2) : 4
(4,0) : 29
(3,0) : 62
(6,0) : 42
(26,0) : 2
(25,0) : 1
(16,0) : 7
(8,0) : 35
(46,0) : 2
(4,1) : 2
(13,0) : 10
(47,2) : 1
(16,1) : 2
(30,0) : 1
(45,2) : 3
(47,1) : 3
(46,3) : 1
(33,1) : 1
(36,0) : 1
(17,0) : 1
(15,1) : 3
(22,0) : 1
(37,0) : 2
(42,6) : 1
(13,1) : 1
(44,1) : 1
(28,1) : 1
(19,0) : 1
(9,1) : 3
(27,1) : 1
(20,0) : 1
(23,0) : 1
(31,1) : 1
(6,2) : 1
(2,1) : 2
(32,0) : 1
(14,1) : 1
(5,1) : 1
(5,2) : 1
(0,0) : 3
(8,1) : 2
(3,1) : 1
(1,1) : 1
