pop size : 10000, betaG : 0.08500, lambdaH : 0.10000, lambdaW : 0.00100, gamma : 0.12500, Tmax : 150.00, threshold of infected : 0.010
0.37 0.32 0.13 0.12 0.04 0.02 
0.2192 0.12 0.08 0.06 0.05 0.045 0.04 0.035 0.03 0.02 0.02 0.02 0.015 0.015 0.015 0.015 0.001 0.001 0.001 0.001 0.001 0.001 0.001 0.001 0.001 0.001 0.001 0.001 0.001 0.001 0.001 0.001 0.001 0.001 0.001 0.001 0.001 0.001 0.001 0.001 0.001 0.0001 0.0001 0.0001 0.0001 0.0001 0.0001 0.0001 0.0001 0.175 
Proportion of infected at cutoff : 0.0100
Proportion of susceptibles at cutoff : 0.9772
(49,0) : 19
(3,0) : 58
(48,1) : 8
(9,0) : 18
(50,0) : 50
(0,0) : 2
(10,0) : 16
(49,1) : 18
(32,0) : 1
(48,2) : 9
(41,0) : 2
(11,0) : 16
(48,0) : 5
(10,1) : 1
(4,0) : 40
(47,3) : 3
(46,1) : 2
(8,0) : 28
(7,0) : 29
(12,0) : 18
(14,1) : 2
(45,4) : 1
(1,0) : 147
(47,1) : 5
(41,5) : 1
(14,0) : 9
(47,0) : 2
(13,0) : 15
(5,0) : 35
(23,2) : 1
(44,0) : 1
(15,0) : 7
(30,0) : 2
(16,0) : 15
(25,0) : 1
(6,0) : 34
(2,0) : 89
(31,0) : 1
(18,0) : 1
(9,1) : 1
(19,1) : 1
(47,2) : 1
(46,2) : 1
(35,0) : 2
(21,0) : 1
(19,0) : 1
(30,1) : 1
(4,2) : 1
(34,0) : 2
(6,1) : 1
(33,0) : 1
(22,1) : 1
(37,0) : 1
(45,2) : 1
(22,0) : 1
(15,1) : 1
(12,2) : 1
(12,1) : 1
(4,1) : 1
(8,1) : 1
(3,1) : 1
(0,1) : 4
(5,2) : 1
