pop size : 10000, betaG : 0.08500, lambdaH : 0.10000, lambdaW : 0.00100, gamma : 0.12500, Tmax : 150.00, threshold of infected : 0.010
0.37 0.32 0.13 0.12 0.04 0.02 
0.2192 0.12 0.08 0.06 0.05 0.045 0.04 0.035 0.03 0.02 0.02 0.02 0.015 0.015 0.015 0.015 0.001 0.001 0.001 0.001 0.001 0.001 0.001 0.001 0.001 0.001 0.001 0.001 0.001 0.001 0.001 0.001 0.001 0.001 0.001 0.001 0.001 0.001 0.001 0.001 0.001 0.0001 0.0001 0.0001 0.0001 0.0001 0.0001 0.0001 0.0001 0.175 
Proportion of infected at cutoff : 0.0100
Proportion of susceptibles at cutoff : 0.9683
(14,0) : 9
(1,0) : 147
(20,0) : 1
(47,1) : 9
(37,0) : 1
(47,3) : 2
(50,0) : 33
(3,0) : 63
(42,2) : 1
(12,1) : 5
(46,0) : 5
(48,0) : 6
(49,0) : 33
(7,0) : 33
(46,2) : 4
(48,1) : 9
(47,2) : 4
(19,0) : 2
(16,0) : 13
(6,0) : 38
(34,0) : 1
(2,0) : 88
(9,0) : 17
(11,0) : 17
(48,2) : 2
(12,0) : 11
(45,2) : 1
(13,0) : 9
(47,0) : 5
(46,1) : 3
(4,0) : 55
(10,1) : 2
(21,0) : 1
(10,0) : 8
(49,1) : 9
(45,3) : 2
(5,0) : 37
(44,3) : 1
(15,0) : 15
(45,0) : 2
(17,0) : 1
(18,1) : 1
(30,0) : 1
(35,0) : 1
(13,2) : 1
(44,1) : 1
(8,0) : 19
(14,1) : 1
(0,1) : 3
(11,1) : 2
(44,2) : 1
(38,1) : 1
(29,0) : 1
(6,1) : 1
(8,1) : 1
(7,1) : 3
(5,1) : 2
(3,1) : 1
(1,1) : 1
(15,1) : 1
(2,1) : 1
(0,0) : 1
