pop size : 10000, betaG : 0.08500, lambdaH : 0.10000, lambdaW : 0.00100, gamma : 0.12500, Tmax : 150.00, threshold of infected : 0.010
0.37 0.32 0.13 0.12 0.04 0.02 
0.2192 0.12 0.08 0.06 0.05 0.045 0.04 0.035 0.03 0.02 0.02 0.02 0.015 0.015 0.015 0.015 0.001 0.001 0.001 0.001 0.001 0.001 0.001 0.001 0.001 0.001 0.001 0.001 0.001 0.001 0.001 0.001 0.001 0.001 0.001 0.001 0.001 0.001 0.001 0.001 0.001 0.0001 0.0001 0.0001 0.0001 0.0001 0.0001 0.0001 0.0001 0.175 
Proportion of infected at cutoff : 0.0100
Proportion of susceptibles at cutoff : 0.9774
(47,0) : 1
(2,0) : 69
(50,0) : 48
(48,0) : 6
(10,0) : 15
(49,1) : 20
(12,0) : 18
(15,0) : 14
(5,0) : 36
(49,0) : 23
(13,0) : 11
(48,1) : 7
(3,0) : 51
(34,1) : 1
(44,2) : 1
(47,2) : 3
(14,0) : 12
(1,0) : 162
(25,0) : 1
(45,2) : 1
(4,0) : 40
(48,2) : 5
(33,1) : 1
(28,2) : 1
(11,0) : 21
(4,1) : 2
(9,0) : 18
(6,0) : 34
(7,1) : 2
(43,0) : 1
(8,0) : 21
(39,0) : 2
(16,0) : 7
(7,0) : 21
(47,3) : 3
(10,1) : 2
(19,1) : 1
(47,1) : 4
(46,2) : 3
(8,1) : 2
(37,0) : 1
(35,0) : 1
(45,1) : 1
(5,1) : 2
(14,1) : 2
(1,1) : 3
(12,1) : 1
(45,0) : 1
(46,1) : 1
(43,1) : 1
(37,1) : 1
(32,0) : 1
(46,0) : 1
(17,0) : 1
(2,1) : 1
(23,0) : 2
(9,1) : 1
(3,1) : 1
(24,0) : 1
(13,1) : 1
(22,0) : 1
(42,1) : 1
(21,0) : 1
(6,1) : 2
(7,2) : 1
