pop size : 10000, betaG : 0.08500, lambdaH : 0.10000, lambdaW : 0.00100, gamma : 0.12500, Tmax : 150.00, threshold of infected : 0.010
0.37 0.32 0.13 0.12 0.04 0.02 
0.2192 0.12 0.08 0.06 0.05 0.045 0.04 0.035 0.03 0.02 0.02 0.02 0.015 0.015 0.015 0.015 0.001 0.001 0.001 0.001 0.001 0.001 0.001 0.001 0.001 0.001 0.001 0.001 0.001 0.001 0.001 0.001 0.001 0.001 0.001 0.001 0.001 0.001 0.001 0.001 0.001 0.0001 0.0001 0.0001 0.0001 0.0001 0.0001 0.0001 0.0001 0.175 
Proportion of infected at cutoff : 0.0100
Proportion of susceptibles at cutoff : 0.9781
(49,1) : 24
(31,0) : 2
(6,0) : 25
(49,0) : 25
(48,1) : 9
(2,0) : 80
(48,2) : 4
(50,0) : 47
(48,0) : 6
(24,1) : 1
(46,2) : 2
(12,0) : 15
(27,1) : 2
(35,0) : 1
(47,2) : 4
(22,0) : 2
(4,0) : 31
(44,3) : 1
(47,3) : 1
(1,0) : 180
(46,1) : 2
(46,4) : 1
(9,0) : 18
(16,0) : 11
(12,1) : 2
(19,0) : 2
(39,0) : 3
(45,3) : 1
(3,0) : 44
(15,1) : 1
(7,0) : 22
(5,0) : 36
(8,0) : 24
(14,0) : 9
(26,0) : 1
(11,0) : 10
(15,0) : 8
(10,0) : 12
(37,1) : 1
(36,0) : 1
(33,0) : 1
(47,0) : 2
(11,1) : 1
(47,1) : 1
(0,1) : 4
(13,0) : 12
(22,1) : 1
(18,0) : 3
(25,0) : 1
(45,0) : 1
(14,1) : 1
(38,0) : 1
(10,1) : 2
(9,1) : 5
(5,1) : 1
(20,0) : 1
(41,0) : 1
(45,1) : 1
(13,1) : 1
(4,1) : 1
(27,0) : 1
(8,1) : 1
(6,1) : 2
(3,1) : 2
(1,1) : 1
