pop size : 10000, betaG : 0.08500, lambdaH : 0.10000, lambdaW : 0.00100, gamma : 0.12500, Tmax : 150.00, threshold of infected : 0.010
0.37 0.32 0.13 0.12 0.04 0.02 
0.2192 0.12 0.08 0.06 0.05 0.045 0.04 0.035 0.03 0.02 0.02 0.02 0.015 0.015 0.015 0.015 0.001 0.001 0.001 0.001 0.001 0.001 0.001 0.001 0.001 0.001 0.001 0.001 0.001 0.001 0.001 0.001 0.001 0.001 0.001 0.001 0.001 0.001 0.001 0.001 0.001 0.0001 0.0001 0.0001 0.0001 0.0001 0.0001 0.0001 0.0001 0.175 
Proportion of infected at cutoff : 0.0100
Proportion of susceptibles at cutoff : 0.9761
(49,1) : 15
(12,0) : 13
(11,0) : 20
(45,1) : 1
(50,0) : 46
(45,2) : 1
(15,0) : 9
(16,0) : 10
(1,0) : 173
(29,0) : 1
(35,0) : 1
(49,0) : 18
(47,1) : 3
(24,0) : 2
(3,0) : 55
(13,0) : 8
(9,0) : 22
(2,0) : 87
(46,3) : 1
(37,1) : 1
(48,0) : 13
(36,0) : 1
(4,0) : 40
(48,2) : 6
(40,1) : 1
(10,0) : 9
(8,0) : 23
(7,0) : 28
(48,1) : 14
(5,0) : 26
(46,2) : 3
(14,0) : 13
(47,2) : 4
(8,1) : 2
(13,1) : 1
(27,0) : 1
(11,1) : 2
(6,0) : 33
(46,1) : 2
(47,0) : 2
(0,0) : 5
(39,0) : 2
(14,1) : 3
(43,3) : 1
(22,0) : 1
(42,2) : 1
(47,3) : 1
(17,0) : 2
(28,0) : 1
(25,1) : 2
(32,0) : 1
(33,0) : 1
(12,1) : 1
(31,0) : 1
(4,1) : 2
(5,1) : 2
(3,1) : 1
(6,1) : 3
(1,1) : 3
(7,1) : 1
(0,1) : 1
