pop size : 10000, betaG : 0.08500, lambdaH : 0.10000, lambdaW : 0.00100, gamma : 0.12500, Tmax : 150.00, threshold of infected : 0.010
0.37 0.32 0.13 0.12 0.04 0.02 
0.2192 0.12 0.08 0.06 0.05 0.045 0.04 0.035 0.03 0.02 0.02 0.02 0.015 0.015 0.015 0.015 0.001 0.001 0.001 0.001 0.001 0.001 0.001 0.001 0.001 0.001 0.001 0.001 0.001 0.001 0.001 0.001 0.001 0.001 0.001 0.001 0.001 0.001 0.001 0.001 0.001 0.0001 0.0001 0.0001 0.0001 0.0001 0.0001 0.0001 0.0001 0.175 
Proportion of infected at cutoff : 0.0100
Proportion of susceptibles at cutoff : 0.9735
(49,0) : 23
(49,1) : 14
(37,1) : 2
(40,4) : 1
(8,0) : 23
(9,0) : 24
(50,0) : 48
(47,0) : 4
(48,0) : 5
(11,0) : 12
(14,0) : 16
(45,2) : 1
(4,0) : 38
(6,0) : 29
(48,2) : 4
(33,0) : 2
(7,0) : 28
(25,0) : 2
(48,1) : 9
(40,0) : 1
(46,2) : 3
(5,0) : 33
(45,3) : 2
(15,0) : 9
(8,1) : 1
(1,0) : 152
(3,0) : 48
(47,1) : 4
(38,0) : 1
(46,1) : 4
(29,0) : 3
(12,0) : 16
(39,1) : 1
(16,0) : 11
(13,0) : 14
(10,0) : 18
(47,3) : 3
(19,0) : 1
(44,1) : 1
(27,0) : 1
(45,1) : 1
(6,2) : 1
(2,0) : 83
(24,0) : 1
(46,0) : 1
(46,3) : 2
(7,1) : 1
(30,0) : 1
(20,0) : 1
(11,1) : 3
(44,4) : 1
(6,1) : 1
(1,1) : 3
(5,1) : 2
(14,1) : 1
(0,1) : 4
(0,0) : 1
(2,1) : 1
