pop size : 10000, betaG : 0.08500, lambdaH : 0.10000, lambdaW : 0.00100, gamma : 0.12500, Tmax : 150.00, threshold of infected : 0.010
0.37 0.32 0.13 0.12 0.04 0.02 
0.2192 0.12 0.08 0.06 0.05 0.045 0.04 0.035 0.03 0.02 0.02 0.02 0.015 0.015 0.015 0.015 0.001 0.001 0.001 0.001 0.001 0.001 0.001 0.001 0.001 0.001 0.001 0.001 0.001 0.001 0.001 0.001 0.001 0.001 0.001 0.001 0.001 0.001 0.001 0.001 0.001 0.0001 0.0001 0.0001 0.0001 0.0001 0.0001 0.0001 0.0001 0.175 
Proportion of infected at cutoff : 0.0100
Proportion of susceptibles at cutoff : 0.9816
(48,0) : 4
(49,1) : 15
(13,0) : 11
(11,0) : 15
(50,0) : 60
(47,0) : 4
(5,0) : 44
(49,0) : 19
(6,0) : 36
(10,0) : 11
(47,1) : 5
(7,0) : 29
(1,0) : 170
(8,0) : 33
(9,0) : 30
(31,2) : 1
(48,2) : 7
(12,0) : 10
(4,0) : 41
(20,0) : 1
(14,0) : 6
(3,0) : 65
(7,1) : 2
(47,2) : 2
(2,1) : 2
(3,1) : 4
(31,0) : 1
(39,1) : 1
(47,3) : 2
(46,2) : 2
(2,0) : 89
(33,2) : 1
(40,1) : 1
(26,1) : 2
(46,3) : 1
(41,0) : 1
(48,1) : 8
(35,0) : 1
(8,1) : 1
(13,1) : 2
(15,0) : 6
(45,4) : 1
(16,0) : 10
(14,1) : 3
(19,0) : 2
(18,0) : 3
(11,1) : 1
(15,1) : 2
(21,0) : 1
(28,0) : 1
(30,1) : 1
(12,1) : 2
(10,1) : 1
(5,1) : 2
(6,1) : 1
(0,1) : 3
(1,1) : 2
