pop size : 10000, betaG : 0.08500, lambdaH : 0.10000, lambdaW : 0.00100, gamma : 0.12500, Tmax : 150.00, threshold of infected : 0.010
0.37 0.32 0.13 0.12 0.04 0.02 
0.2192 0.12 0.08 0.06 0.05 0.045 0.04 0.035 0.03 0.02 0.02 0.02 0.015 0.015 0.015 0.015 0.001 0.001 0.001 0.001 0.001 0.001 0.001 0.001 0.001 0.001 0.001 0.001 0.001 0.001 0.001 0.001 0.001 0.001 0.001 0.001 0.001 0.001 0.001 0.001 0.001 0.0001 0.0001 0.0001 0.0001 0.0001 0.0001 0.0001 0.0001 0.175 
Proportion of infected at cutoff : 0.0100
Proportion of susceptibles at cutoff : 0.9758
(46,1) : 2
(48,1) : 11
(8,0) : 21
(22,1) : 1
(47,1) : 4
(49,0) : 21
(50,0) : 49
(49,1) : 23
(48,0) : 11
(3,0) : 56
(47,2) : 3
(1,0) : 152
(2,0) : 88
(4,0) : 53
(15,0) : 6
(11,1) : 2
(20,0) : 1
(46,4) : 1
(25,1) : 1
(13,0) : 12
(9,0) : 13
(16,0) : 9
(47,0) : 3
(13,1) : 1
(11,0) : 10
(37,0) : 1
(48,2) : 3
(18,0) : 1
(44,1) : 1
(44,3) : 1
(17,1) : 1
(10,0) : 12
(6,0) : 24
(14,1) : 4
(30,1) : 1
(12,0) : 15
(33,0) : 1
(7,0) : 17
(3,1) : 2
(34,0) : 2
(29,0) : 1
(44,0) : 1
(7,1) : 2
(5,0) : 33
(14,0) : 6
(46,0) : 1
(45,3) : 1
(38,0) : 1
(17,0) : 1
(19,0) : 1
(40,0) : 1
(21,1) : 1
(28,0) : 1
(46,3) : 1
(47,3) : 1
(42,3) : 1
(1,1) : 3
(13,2) : 1
(35,1) : 1
(27,2) : 1
(10,1) : 2
(4,1) : 1
(6,1) : 1
