pop size : 10000, betaG : 0.08500, lambdaH : 0.10000, lambdaW : 0.00100, gamma : 0.12500, Tmax : 150.00, threshold of infected : 0.010
0.37 0.32 0.13 0.12 0.04 0.02 
0.2192 0.12 0.08 0.06 0.05 0.045 0.04 0.035 0.03 0.02 0.02 0.02 0.015 0.015 0.015 0.015 0.001 0.001 0.001 0.001 0.001 0.001 0.001 0.001 0.001 0.001 0.001 0.001 0.001 0.001 0.001 0.001 0.001 0.001 0.001 0.001 0.001 0.001 0.001 0.001 0.001 0.0001 0.0001 0.0001 0.0001 0.0001 0.0001 0.0001 0.0001 0.175 
Proportion of infected at cutoff : 0.0100
Proportion of susceptibles at cutoff : 0.9819
(48,1) : 4
(50,0) : 60
(1,0) : 155
(10,0) : 21
(49,1) : 22
(4,0) : 49
(7,0) : 32
(32,3) : 1
(8,1) : 2
(2,0) : 75
(48,2) : 9
(7,1) : 4
(8,0) : 26
(24,0) : 2
(49,0) : 19
(12,0) : 12
(46,2) : 1
(9,0) : 20
(5,0) : 36
(3,0) : 59
(35,0) : 1
(10,1) : 2
(47,3) : 3
(15,0) : 12
(21,0) : 1
(47,0) : 2
(16,0) : 8
(44,5) : 1
(14,1) : 1
(37,1) : 2
(6,0) : 27
(16,1) : 1
(19,0) : 2
(25,0) : 2
(11,0) : 13
(33,1) : 1
(41,0) : 1
(14,0) : 4
(13,0) : 8
(47,1) : 1
(29,0) : 2
(45,1) : 2
(23,0) : 1
(5,3) : 1
(17,0) : 1
(48,0) : 5
(39,0) : 1
(46,3) : 1
(42,0) : 1
(20,0) : 2
(2,1) : 2
(36,0) : 1
(39,1) : 1
(6,1) : 1
(12,1) : 2
(5,1) : 2
(1,1) : 1
(11,1) : 2
(3,1) : 3
(0,1) : 1
(0,0) : 1
