pop size : 10000, betaG : 0.08500, lambdaH : 0.10000, lambdaW : 0.00100, gamma : 0.12500, Tmax : 150.00, threshold of infected : 0.010
0.37 0.32 0.13 0.12 0.04 0.02 
0.2192 0.12 0.08 0.06 0.05 0.045 0.04 0.035 0.03 0.02 0.02 0.02 0.015 0.015 0.015 0.015 0.001 0.001 0.001 0.001 0.001 0.001 0.001 0.001 0.001 0.001 0.001 0.001 0.001 0.001 0.001 0.001 0.001 0.001 0.001 0.001 0.001 0.001 0.001 0.001 0.001 0.0001 0.0001 0.0001 0.0001 0.0001 0.0001 0.0001 0.0001 0.175 
Proportion of infected at cutoff : 0.0100
Proportion of susceptibles at cutoff : 0.9777
(49,1) : 10
(49,0) : 19
(7,0) : 30
(48,0) : 7
(6,0) : 31
(50,0) : 55
(8,0) : 30
(48,2) : 8
(13,0) : 19
(3,0) : 62
(4,0) : 46
(45,3) : 2
(48,1) : 9
(20,0) : 1
(47,2) : 2
(24,0) : 1
(9,0) : 25
(47,0) : 2
(14,0) : 7
(20,1) : 1
(10,0) : 18
(34,0) : 3
(30,0) : 2
(11,0) : 7
(46,3) : 1
(37,0) : 1
(32,0) : 1
(21,1) : 3
(5,0) : 29
(21,0) : 2
(46,0) : 2
(47,3) : 1
(12,0) : 8
(26,0) : 3
(15,0) : 11
(44,3) : 1
(1,0) : 175
(16,0) : 13
(44,4) : 1
(41,0) : 1
(14,1) : 1
(12,1) : 1
(10,1) : 3
(2,0) : 81
(36,0) : 1
(45,5) : 1
(13,1) : 3
(34,1) : 2
(31,0) : 1
(44,1) : 1
(5,1) : 2
(23,0) : 1
(6,1) : 4
(46,1) : 1
(16,1) : 2
(19,0) : 2
(17,0) : 1
(4,1) : 2
(18,0) : 1
(7,1) : 3
(8,1) : 1
(15,1) : 1
(11,1) : 1
(3,1) : 3
(1,1) : 1
(0,1) : 1
