pop size : 10000, betaG : 0.08500, lambdaH : 0.10000, lambdaW : 0.00100, gamma : 0.12500, Tmax : 150.00, threshold of infected : 0.010
0.37 0.32 0.13 0.12 0.04 0.02 
0.2192 0.12 0.08 0.06 0.05 0.045 0.04 0.035 0.03 0.02 0.02 0.02 0.015 0.015 0.015 0.015 0.001 0.001 0.001 0.001 0.001 0.001 0.001 0.001 0.001 0.001 0.001 0.001 0.001 0.001 0.001 0.001 0.001 0.001 0.001 0.001 0.001 0.001 0.001 0.001 0.001 0.0001 0.0001 0.0001 0.0001 0.0001 0.0001 0.0001 0.0001 0.175 
Proportion of infected at cutoff : 0.0100
Proportion of susceptibles at cutoff : 0.9809
(49,0) : 15
(36,0) : 1
(49,1) : 18
(2,0) : 92
(50,0) : 61
(47,1) : 3
(34,0) : 1
(8,0) : 19
(3,0) : 55
(10,0) : 19
(12,0) : 13
(7,0) : 30
(48,2) : 6
(46,3) : 2
(1,0) : 158
(16,0) : 14
(48,0) : 2
(33,7) : 1
(13,0) : 10
(31,1) : 1
(24,0) : 2
(11,0) : 20
(48,1) : 8
(14,0) : 13
(4,0) : 43
(6,0) : 33
(46,4) : 1
(0,0) : 1
(43,1) : 1
(10,1) : 1
(45,2) : 1
(15,0) : 9
(5,0) : 35
(33,0) : 2
(9,0) : 23
(40,1) : 1
(19,0) : 1
(46,2) : 2
(19,2) : 1
(39,0) : 1
(40,0) : 1
(15,1) : 1
(28,0) : 2
(42,0) : 1
(22,0) : 1
(41,0) : 1
(29,0) : 1
(43,4) : 1
(44,4) : 1
(47,3) : 2
(30,0) : 1
(23,0) : 1
(8,1) : 3
(7,1) : 1
(35,0) : 1
(4,1) : 2
(38,0) : 1
(12,1) : 1
(26,0) : 1
(13,1) : 1
(11,1) : 1
(17,0) : 1
(5,1) : 1
(3,1) : 1
(1,1) : 2
(2,1) : 1
(0,1) : 1
