pop size : 10000, betaG : 0.08500, lambdaH : 0.10000, lambdaW : 0.00100, gamma : 0.12500, Tmax : 150.00, threshold of infected : 0.010
0.37 0.32 0.13 0.12 0.04 0.02 
0.2192 0.12 0.08 0.06 0.05 0.045 0.04 0.035 0.03 0.02 0.02 0.02 0.015 0.015 0.015 0.015 0.001 0.001 0.001 0.001 0.001 0.001 0.001 0.001 0.001 0.001 0.001 0.001 0.001 0.001 0.001 0.001 0.001 0.001 0.001 0.001 0.001 0.001 0.001 0.001 0.001 0.0001 0.0001 0.0001 0.0001 0.0001 0.0001 0.0001 0.0001 0.175 
Proportion of infected at cutoff : 0.0100
Proportion of susceptibles at cutoff : 0.9780
(48,0) : 4
(6,0) : 39
(49,0) : 20
(5,0) : 48
(47,1) : 4
(13,0) : 10
(50,0) : 52
(4,0) : 58
(49,1) : 23
(10,0) : 26
(1,0) : 191
(16,0) : 5
(47,2) : 6
(32,1) : 2
(45,1) : 1
(24,0) : 1
(48,1) : 8
(48,2) : 3
(14,0) : 6
(46,0) : 2
(8,0) : 23
(7,0) : 22
(46,1) : 1
(11,0) : 18
(37,0) : 1
(5,1) : 1
(3,0) : 63
(12,1) : 2
(15,0) : 9
(17,0) : 1
(33,2) : 1
(34,0) : 1
(30,1) : 1
(45,4) : 1
(12,0) : 11
(2,0) : 82
(42,5) : 1
(47,0) : 2
(46,2) : 2
(39,0) : 1
(9,0) : 18
(32,0) : 1
(10,1) : 1
(25,0) : 2
(6,1) : 3
(30,0) : 1
(26,0) : 1
(45,3) : 1
(21,0) : 1
(14,1) : 1
(42,3) : 1
(4,1) : 2
(7,1) : 1
(15,1) : 1
(17,1) : 1
(8,1) : 1
(3,1) : 1
(2,1) : 1
(1,1) : 3
(0,1) : 2
(0,0) : 1
