pop size : 10000, betaG : 0.08500, lambdaH : 0.10000, lambdaW : 0.00100, gamma : 0.12500, Tmax : 150.00, threshold of infected : 0.010
0.37 0.32 0.13 0.12 0.04 0.02 
0.2192 0.12 0.08 0.06 0.05 0.045 0.04 0.035 0.03 0.02 0.02 0.02 0.015 0.015 0.015 0.015 0.001 0.001 0.001 0.001 0.001 0.001 0.001 0.001 0.001 0.001 0.001 0.001 0.001 0.001 0.001 0.001 0.001 0.001 0.001 0.001 0.001 0.001 0.001 0.001 0.001 0.0001 0.0001 0.0001 0.0001 0.0001 0.0001 0.0001 0.0001 0.175 
Proportion of infected at cutoff : 0.0100
Proportion of susceptibles at cutoff : 0.9692
(12,1) : 1
(10,0) : 11
(49,0) : 24
(6,0) : 27
(13,0) : 19
(8,0) : 27
(50,0) : 40
(47,0) : 11
(48,2) : 3
(48,1) : 11
(14,0) : 5
(38,0) : 3
(49,1) : 16
(4,0) : 53
(3,0) : 40
(44,2) : 1
(48,0) : 8
(11,0) : 15
(1,0) : 153
(47,1) : 7
(33,2) : 1
(12,0) : 11
(45,4) : 1
(5,0) : 30
(35,0) : 1
(13,1) : 1
(45,1) : 1
(45,2) : 1
(7,0) : 23
(46,3) : 1
(29,1) : 1
(16,0) : 3
(46,2) : 2
(23,0) : 3
(24,0) : 2
(46,1) : 3
(2,0) : 79
(45,0) : 1
(45,3) : 1
(15,1) : 2
(15,0) : 6
(4,1) : 5
(47,3) : 1
(9,0) : 20
(11,1) : 2
(14,1) : 2
(29,0) : 1
(31,0) : 3
(44,3) : 1
(32,0) : 1
(28,1) : 1
(19,0) : 1
(17,0) : 1
(20,0) : 1
(3,1) : 3
(26,0) : 1
(1,1) : 1
(36,0) : 1
(7,1) : 1
(8,2) : 1
(9,1) : 1
(8,1) : 3
(2,1) : 2
(0,0) : 2
(5,1) : 1
(0,1) : 1
