pop size : 10000, betaG : 0.08500, lambdaH : 0.10000, lambdaW : 0.00100, gamma : 0.12500, Tmax : 150.00, threshold of infected : 0.010
0.37 0.32 0.13 0.12 0.04 0.02 
0.2192 0.12 0.08 0.06 0.05 0.045 0.04 0.035 0.03 0.02 0.02 0.02 0.015 0.015 0.015 0.015 0.001 0.001 0.001 0.001 0.001 0.001 0.001 0.001 0.001 0.001 0.001 0.001 0.001 0.001 0.001 0.001 0.001 0.001 0.001 0.001 0.001 0.001 0.001 0.001 0.001 0.0001 0.0001 0.0001 0.0001 0.0001 0.0001 0.0001 0.0001 0.175 
Proportion of infected at cutoff : 0.0100
Proportion of susceptibles at cutoff : 0.9707
(47,1) : 7
(48,0) : 12
(46,2) : 5
(49,0) : 35
(48,2) : 1
(3,0) : 47
(48,1) : 6
(31,1) : 1
(50,0) : 35
(15,0) : 11
(27,0) : 2
(1,0) : 163
(27,1) : 1
(25,0) : 2
(10,0) : 13
(45,0) : 1
(13,0) : 11
(16,0) : 11
(26,0) : 2
(14,0) : 10
(2,0) : 82
(11,0) : 13
(46,3) : 3
(49,1) : 5
(38,0) : 1
(5,0) : 35
(47,2) : 4
(43,7) : 1
(7,0) : 31
(13,1) : 2
(46,1) : 3
(9,0) : 18
(45,2) : 2
(12,0) : 19
(47,0) : 3
(14,1) : 4
(8,0) : 29
(4,1) : 3
(6,0) : 40
(7,1) : 2
(35,0) : 1
(45,3) : 1
(17,0) : 1
(9,1) : 1
(4,0) : 35
(41,0) : 1
(46,0) : 1
(32,2) : 1
(33,0) : 2
(45,1) : 1
(32,0) : 1
(22,0) : 1
(1,1) : 2
(8,1) : 2
(29,0) : 1
(19,0) : 2
(14,2) : 1
(18,0) : 1
(12,1) : 2
(24,0) : 1
(5,1) : 1
(26,1) : 1
(10,1) : 1
(6,1) : 3
(0,0) : 4
(3,1) : 2
(2,1) : 2
(0,1) : 1
