pop size : 10000, betaG : 0.08500, lambdaH : 0.10000, lambdaW : 0.00100, gamma : 0.12500, Tmax : 150.00, threshold of infected : 0.010
0.37 0.32 0.13 0.12 0.04 0.02 
0.2192 0.12 0.08 0.06 0.05 0.045 0.04 0.035 0.03 0.02 0.02 0.02 0.015 0.015 0.015 0.015 0.001 0.001 0.001 0.001 0.001 0.001 0.001 0.001 0.001 0.001 0.001 0.001 0.001 0.001 0.001 0.001 0.001 0.001 0.001 0.001 0.001 0.001 0.001 0.001 0.001 0.0001 0.0001 0.0001 0.0001 0.0001 0.0001 0.0001 0.0001 0.175 
Proportion of infected at cutoff : 0.0100
Proportion of susceptibles at cutoff : 0.9769
(49,0) : 18
(29,0) : 1
(16,0) : 6
(13,0) : 15
(50,0) : 60
(7,0) : 34
(12,0) : 15
(47,2) : 4
(49,1) : 14
(47,0) : 4
(10,0) : 15
(48,1) : 12
(8,0) : 24
(15,0) : 12
(45,1) : 1
(9,0) : 15
(20,1) : 1
(1,0) : 164
(46,4) : 2
(48,0) : 4
(2,0) : 85
(46,2) : 1
(3,0) : 57
(6,0) : 37
(46,1) : 3
(4,0) : 35
(47,1) : 4
(42,3) : 2
(48,2) : 3
(5,0) : 35
(11,0) : 12
(46,0) : 1
(14,0) : 9
(9,1) : 3
(7,1) : 4
(38,0) : 1
(40,0) : 1
(45,3) : 1
(18,0) : 1
(15,1) : 2
(44,2) : 1
(33,0) : 2
(13,1) : 2
(22,0) : 2
(45,5) : 1
(19,0) : 1
(10,1) : 2
(0,1) : 2
(5,1) : 2
(14,1) : 1
(2,1) : 2
(12,1) : 2
(6,1) : 1
(8,1) : 1
(3,1) : 1
