pop size : 10000, betaG : 0.08500, lambdaH : 0.10000, lambdaW : 0.00100, gamma : 0.12500, Tmax : 150.00, threshold of infected : 0.010
0.37 0.32 0.13 0.12 0.04 0.02 
0.2192 0.12 0.08 0.06 0.05 0.045 0.04 0.035 0.03 0.02 0.02 0.02 0.015 0.015 0.015 0.015 0.001 0.001 0.001 0.001 0.001 0.001 0.001 0.001 0.001 0.001 0.001 0.001 0.001 0.001 0.001 0.001 0.001 0.001 0.001 0.001 0.001 0.001 0.001 0.001 0.001 0.0001 0.0001 0.0001 0.0001 0.0001 0.0001 0.0001 0.0001 0.175 
Proportion of infected at cutoff : 0.0100
Proportion of susceptibles at cutoff : 0.9839
(50,0) : 68
(4,0) : 43
(36,1) : 1
(49,1) : 26
(9,0) : 22
(12,0) : 12
(3,0) : 61
(5,0) : 39
(39,0) : 1
(49,0) : 11
(6,0) : 39
(48,1) : 9
(46,2) : 2
(7,0) : 31
(34,0) : 1
(47,3) : 3
(13,0) : 10
(48,2) : 8
(15,0) : 10
(38,0) : 1
(48,0) : 3
(11,0) : 6
(8,1) : 2
(9,1) : 2
(10,0) : 10
(46,3) : 1
(46,0) : 1
(1,0) : 158
(47,1) : 1
(36,0) : 1
(7,1) : 3
(2,0) : 86
(25,1) : 1
(34,1) : 2
(47,2) : 2
(33,0) : 2
(28,0) : 2
(16,0) : 7
(22,0) : 2
(6,1) : 3
(8,0) : 20
(26,0) : 2
(46,1) : 1
(13,1) : 1
(14,1) : 1
(14,0) : 6
(21,0) : 1
(4,1) : 1
(35,2) : 1
(1,2) : 1
(16,2) : 1
(1,1) : 3
(5,1) : 1
