pop size : 10000, betaG : 0.08500, lambdaH : 0.10000, lambdaW : 0.00100, gamma : 0.12500, Tmax : 150.00, threshold of infected : 0.010
0.37 0.32 0.13 0.12 0.04 0.02 
0.2192 0.12 0.08 0.06 0.05 0.045 0.04 0.035 0.03 0.02 0.02 0.02 0.015 0.015 0.015 0.015 0.001 0.001 0.001 0.001 0.001 0.001 0.001 0.001 0.001 0.001 0.001 0.001 0.001 0.001 0.001 0.001 0.001 0.001 0.001 0.001 0.001 0.001 0.001 0.001 0.001 0.0001 0.0001 0.0001 0.0001 0.0001 0.0001 0.0001 0.0001 0.175 
Proportion of infected at cutoff : 0.0100
Proportion of susceptibles at cutoff : 0.9753
(50,0) : 41
(8,0) : 22
(48,2) : 5
(13,0) : 12
(1,0) : 133
(49,1) : 22
(42,1) : 1
(48,0) : 10
(38,0) : 2
(16,0) : 8
(10,0) : 19
(2,0) : 93
(48,1) : 14
(12,0) : 12
(29,0) : 3
(49,0) : 23
(46,1) : 4
(47,1) : 3
(5,0) : 27
(10,1) : 2
(15,0) : 5
(7,0) : 24
(4,0) : 47
(15,1) : 2
(28,0) : 2
(6,0) : 33
(40,0) : 1
(9,0) : 15
(11,0) : 17
(3,0) : 72
(47,0) : 3
(8,1) : 2
(46,4) : 1
(45,2) : 1
(14,0) : 9
(47,2) : 1
(29,1) : 1
(32,1) : 1
(14,1) : 2
(45,1) : 1
(13,2) : 1
(33,0) : 1
(23,1) : 1
(42,3) : 1
(2,1) : 3
(25,1) : 1
(1,1) : 2
(3,1) : 4
(38,2) : 1
(32,0) : 1
(24,0) : 1
(12,1) : 2
(27,0) : 1
(36,0) : 2
(33,1) : 1
(5,1) : 1
(23,0) : 1
(6,1) : 2
(7,1) : 2
(0,1) : 1
(0,0) : 1
