pop size : 10000, betaG : 0.08500, lambdaH : 0.10000, lambdaW : 0.00100, gamma : 0.12500, Tmax : 150.00, threshold of infected : 0.010
0.37 0.32 0.13 0.12 0.04 0.02 
0.2192 0.12 0.08 0.06 0.05 0.045 0.04 0.035 0.03 0.02 0.02 0.02 0.015 0.015 0.015 0.015 0.001 0.001 0.001 0.001 0.001 0.001 0.001 0.001 0.001 0.001 0.001 0.001 0.001 0.001 0.001 0.001 0.001 0.001 0.001 0.001 0.001 0.001 0.001 0.001 0.001 0.0001 0.0001 0.0001 0.0001 0.0001 0.0001 0.0001 0.0001 0.175 
Proportion of infected at cutoff : 0.0100
Proportion of susceptibles at cutoff : 0.9740
(49,0) : 25
(50,0) : 39
(48,0) : 14
(2,0) : 82
(47,0) : 4
(37,3) : 1
(47,2) : 8
(49,1) : 17
(47,3) : 2
(6,1) : 4
(20,0) : 2
(15,0) : 8
(6,0) : 33
(12,0) : 10
(8,0) : 25
(35,0) : 2
(37,1) : 1
(48,1) : 11
(1,0) : 170
(19,0) : 3
(10,0) : 12
(37,0) : 2
(46,0) : 1
(14,0) : 12
(47,1) : 2
(5,0) : 34
(3,0) : 53
(4,0) : 50
(45,3) : 1
(11,0) : 18
(36,0) : 1
(48,2) : 3
(46,1) : 2
(12,1) : 2
(30,3) : 1
(36,1) : 1
(21,0) : 1
(27,0) : 3
(7,0) : 37
(13,1) : 2
(16,0) : 9
(45,2) : 1
(7,1) : 4
(9,0) : 11
(5,1) : 2
(44,1) : 1
(30,0) : 1
(13,0) : 6
(26,0) : 2
(4,1) : 2
(2,1) : 2
(15,1) : 1
(11,1) : 2
(24,0) : 1
(0,0) : 5
(3,1) : 1
(6,2) : 1
(1,1) : 2
