pop size : 10000, betaG : 0.08500, lambdaH : 0.10000, lambdaW : 0.00100, gamma : 0.12500, Tmax : 150.00, threshold of infected : 0.010
0.37 0.32 0.13 0.12 0.04 0.02 
0.2192 0.12 0.08 0.06 0.05 0.045 0.04 0.035 0.03 0.02 0.02 0.02 0.015 0.015 0.015 0.015 0.001 0.001 0.001 0.001 0.001 0.001 0.001 0.001 0.001 0.001 0.001 0.001 0.001 0.001 0.001 0.001 0.001 0.001 0.001 0.001 0.001 0.001 0.001 0.001 0.001 0.0001 0.0001 0.0001 0.0001 0.0001 0.0001 0.0001 0.0001 0.175 
Proportion of infected at cutoff : 0.0100
Proportion of susceptibles at cutoff : 0.9767
(49,0) : 27
(9,0) : 17
(50,0) : 45
(48,2) : 4
(2,0) : 92
(30,1) : 1
(3,0) : 53
(4,0) : 49
(49,1) : 21
(15,0) : 9
(5,0) : 44
(13,0) : 12
(38,0) : 1
(48,1) : 9
(32,0) : 4
(48,0) : 6
(46,1) : 2
(44,4) : 1
(11,0) : 17
(1,0) : 179
(16,0) : 7
(14,0) : 9
(46,3) : 1
(24,0) : 1
(47,0) : 3
(33,1) : 1
(44,0) : 1
(7,0) : 26
(44,6) : 1
(15,1) : 3
(8,0) : 31
(12,0) : 7
(42,4) : 1
(39,0) : 1
(46,2) : 1
(2,1) : 1
(9,1) : 2
(10,0) : 13
(6,0) : 34
(10,1) : 2
(45,1) : 1
(44,3) : 1
(43,3) : 1
(47,1) : 1
(47,3) : 1
(36,1) : 1
(47,2) : 2
(3,1) : 2
(37,1) : 1
(24,1) : 1
(44,1) : 1
(1,1) : 1
(7,1) : 2
(45,2) : 1
(5,1) : 1
(27,0) : 1
(33,0) : 1
(23,0) : 1
(19,0) : 1
(35,0) : 1
(13,1) : 1
(20,0) : 1
(8,1) : 1
(6,1) : 2
(0,0) : 1
