pop size : 10000, betaG : 0.08500, lambdaH : 0.10000, lambdaW : 0.00100, gamma : 0.12500, Tmax : 150.00, threshold of infected : 0.010
0.37 0.32 0.13 0.12 0.04 0.02 
0.2192 0.12 0.08 0.06 0.05 0.045 0.04 0.035 0.03 0.02 0.02 0.02 0.015 0.015 0.015 0.015 0.001 0.001 0.001 0.001 0.001 0.001 0.001 0.001 0.001 0.001 0.001 0.001 0.001 0.001 0.001 0.001 0.001 0.001 0.001 0.001 0.001 0.001 0.001 0.001 0.001 0.0001 0.0001 0.0001 0.0001 0.0001 0.0001 0.0001 0.0001 0.175 
Proportion of infected at cutoff : 0.0100
Proportion of susceptibles at cutoff : 0.9772
(8,0) : 30
(14,0) : 13
(50,0) : 55
(49,0) : 25
(49,1) : 15
(22,0) : 2
(13,0) : 13
(48,1) : 6
(47,0) : 2
(10,0) : 14
(9,0) : 21
(36,0) : 1
(6,0) : 26
(7,0) : 28
(2,0) : 93
(11,0) : 9
(46,3) : 1
(47,2) : 3
(15,0) : 11
(4,0) : 42
(46,1) : 2
(5,0) : 34
(3,0) : 47
(48,0) : 3
(12,0) : 12
(25,1) : 1
(23,1) : 1
(31,0) : 3
(34,0) : 2
(48,2) : 3
(47,1) : 2
(4,1) : 5
(16,0) : 6
(12,1) : 1
(46,2) : 4
(24,0) : 1
(46,4) : 1
(45,3) : 2
(29,0) : 1
(6,1) : 3
(1,0) : 133
(27,0) : 1
(25,0) : 1
(32,0) : 1
(47,3) : 2
(3,1) : 2
(18,0) : 1
(5,1) : 2
(44,2) : 1
(46,0) : 1
(11,2) : 1
(39,0) : 2
(2,1) : 1
(26,0) : 1
(17,0) : 1
(19,0) : 2
(43,0) : 1
(13,1) : 1
(36,1) : 1
(14,1) : 1
(10,1) : 3
(29,2) : 1
(41,0) : 1
(15,1) : 1
(9,1) : 1
(12,2) : 1
(0,0) : 2
(6,2) : 1
(11,1) : 1
(0,1) : 1
