pop size : 10000, betaG : 0.08500, lambdaH : 0.10000, lambdaW : 0.00100, gamma : 0.12500, Tmax : 150.00, threshold of infected : 0.010
0.37 0.32 0.13 0.12 0.04 0.02 
0.2192 0.12 0.08 0.06 0.05 0.045 0.04 0.035 0.03 0.02 0.02 0.02 0.015 0.015 0.015 0.015 0.001 0.001 0.001 0.001 0.001 0.001 0.001 0.001 0.001 0.001 0.001 0.001 0.001 0.001 0.001 0.001 0.001 0.001 0.001 0.001 0.001 0.001 0.001 0.001 0.001 0.0001 0.0001 0.0001 0.0001 0.0001 0.0001 0.0001 0.0001 0.175 
Proportion of infected at cutoff : 0.0100
Proportion of susceptibles at cutoff : 0.9754
(11,0) : 15
(14,0) : 8
(49,0) : 24
(50,0) : 43
(47,2) : 7
(49,1) : 19
(3,0) : 62
(40,0) : 1
(9,1) : 2
(47,1) : 5
(12,0) : 16
(48,0) : 7
(6,0) : 33
(7,0) : 38
(48,2) : 6
(5,0) : 38
(36,2) : 1
(8,0) : 26
(27,0) : 1
(29,0) : 3
(47,0) : 6
(1,0) : 166
(18,1) : 2
(48,1) : 7
(10,0) : 14
(4,0) : 48
(16,0) : 7
(46,0) : 2
(9,0) : 19
(46,2) : 1
(36,0) : 1
(24,0) : 2
(13,0) : 8
(43,1) : 1
(15,0) : 11
(7,1) : 3
(2,0) : 120
(46,3) : 1
(30,3) : 1
(8,1) : 2
(44,1) : 1
(6,1) : 3
(15,1) : 2
(36,1) : 1
(4,1) : 2
(0,0) : 3
(5,1) : 1
(25,0) : 1
(31,0) : 1
(13,1) : 2
(3,1) : 3
(1,1) : 1
(11,1) : 1
(16,1) : 1
(0,1) : 4
(2,1) : 1
