pop size : 10000, betaG : 0.08500, lambdaH : 0.10000, lambdaW : 0.00100, gamma : 0.12500, Tmax : 150.00, threshold of infected : 0.010
0.37 0.32 0.13 0.12 0.04 0.02 
0.2192 0.12 0.08 0.06 0.05 0.045 0.04 0.035 0.03 0.02 0.02 0.02 0.015 0.015 0.015 0.015 0.001 0.001 0.001 0.001 0.001 0.001 0.001 0.001 0.001 0.001 0.001 0.001 0.001 0.001 0.001 0.001 0.001 0.001 0.001 0.001 0.001 0.001 0.001 0.001 0.001 0.0001 0.0001 0.0001 0.0001 0.0001 0.0001 0.0001 0.0001 0.175 
Proportion of infected at cutoff : 0.0100
Proportion of susceptibles at cutoff : 0.9781
(5,0) : 32
(3,0) : 49
(50,0) : 47
(4,0) : 44
(35,1) : 1
(48,1) : 4
(2,0) : 94
(31,1) : 1
(9,0) : 25
(47,1) : 5
(49,0) : 20
(48,0) : 10
(49,1) : 21
(12,0) : 16
(16,0) : 7
(8,0) : 22
(28,1) : 1
(45,3) : 1
(13,0) : 13
(11,0) : 10
(48,2) : 6
(38,0) : 1
(6,0) : 38
(7,0) : 32
(47,2) : 2
(14,0) : 11
(21,0) : 1
(1,0) : 158
(15,1) : 2
(37,0) : 1
(10,0) : 10
(22,0) : 1
(33,0) : 1
(24,3) : 1
(43,1) : 1
(46,1) : 2
(46,2) : 4
(46,4) : 1
(13,2) : 1
(15,0) : 8
(20,0) : 1
(47,0) : 1
(45,2) : 2
(28,0) : 1
(35,0) : 2
(40,0) : 1
(45,0) : 1
(30,0) : 2
(32,1) : 1
(44,3) : 1
(3,1) : 1
(36,0) : 3
(25,1) : 1
(8,1) : 2
(4,1) : 1
(2,1) : 3
(27,1) : 1
(26,0) : 1
(18,0) : 1
(5,1) : 3
(14,1) : 1
(19,0) : 1
(7,1) : 2
(0,1) : 2
(0,0) : 2
(1,1) : 1
