pop size : 10000, betaG : 0.08500, lambdaH : 0.10000, lambdaW : 0.00100, gamma : 0.12500, Tmax : 150.00, threshold of infected : 0.010
0.37 0.32 0.13 0.12 0.04 0.02 
0.2192 0.12 0.08 0.06 0.05 0.045 0.04 0.035 0.03 0.02 0.02 0.02 0.015 0.015 0.015 0.015 0.001 0.001 0.001 0.001 0.001 0.001 0.001 0.001 0.001 0.001 0.001 0.001 0.001 0.001 0.001 0.001 0.001 0.001 0.001 0.001 0.001 0.001 0.001 0.001 0.001 0.0001 0.0001 0.0001 0.0001 0.0001 0.0001 0.0001 0.0001 0.175 
Proportion of infected at cutoff : 0.0100
Proportion of susceptibles at cutoff : 0.9794
(47,1) : 4
(50,0) : 61
(49,0) : 17
(49,1) : 19
(5,0) : 39
(22,0) : 1
(48,1) : 7
(47,3) : 3
(46,2) : 3
(9,0) : 17
(45,2) : 1
(47,0) : 3
(32,0) : 1
(43,6) : 1
(48,0) : 6
(46,4) : 1
(7,0) : 31
(1,0) : 154
(46,0) : 2
(12,0) : 14
(10,0) : 11
(20,0) : 1
(48,2) : 6
(3,0) : 48
(14,0) : 4
(14,1) : 3
(41,0) : 2
(2,0) : 70
(46,1) : 4
(13,0) : 8
(30,0) : 1
(26,0) : 1
(23,0) : 1
(28,0) : 1
(8,0) : 18
(15,0) : 11
(11,1) : 3
(40,0) : 1
(6,1) : 3
(4,0) : 40
(16,0) : 10
(39,0) : 1
(6,0) : 25
(31,0) : 1
(17,0) : 1
(11,0) : 9
(45,4) : 1
(12,1) : 1
(10,1) : 2
(36,1) : 1
(19,0) : 1
(15,1) : 1
(7,1) : 2
(4,1) : 2
(39,2) : 1
(0,0) : 2
(37,0) : 1
(1,1) : 1
(0,1) : 1
(2,1) : 1
