pop size : 10000, betaG : 0.08500, lambdaH : 0.10000, lambdaW : 0.00100, gamma : 0.12500, Tmax : 150.00, threshold of infected : 0.010
0.37 0.32 0.13 0.12 0.04 0.02 
0.2192 0.12 0.08 0.06 0.05 0.045 0.04 0.035 0.03 0.02 0.02 0.02 0.015 0.015 0.015 0.015 0.001 0.001 0.001 0.001 0.001 0.001 0.001 0.001 0.001 0.001 0.001 0.001 0.001 0.001 0.001 0.001 0.001 0.001 0.001 0.001 0.001 0.001 0.001 0.001 0.001 0.0001 0.0001 0.0001 0.0001 0.0001 0.0001 0.0001 0.0001 0.175 
Proportion of infected at cutoff : 0.0100
Proportion of susceptibles at cutoff : 0.9770
(50,0) : 40
(6,0) : 38
(49,0) : 27
(12,0) : 18
(49,1) : 22
(48,0) : 5
(8,0) : 22
(11,0) : 22
(16,0) : 8
(5,0) : 32
(13,0) : 12
(48,1) : 11
(47,1) : 4
(27,0) : 1
(46,2) : 3
(10,0) : 15
(41,0) : 1
(47,2) : 1
(14,0) : 11
(3,0) : 49
(48,2) : 8
(15,0) : 12
(3,1) : 2
(4,0) : 38
(28,0) : 1
(7,0) : 27
(30,0) : 2
(9,0) : 22
(34,1) : 1
(1,0) : 154
(45,4) : 1
(8,1) : 3
(15,1) : 2
(2,0) : 84
(45,0) : 1
(47,0) : 2
(17,1) : 1
(36,0) : 2
(18,0) : 2
(32,0) : 2
(45,1) : 1
(41,2) : 1
(11,1) : 3
(39,0) : 1
(20,0) : 1
(40,1) : 1
(21,2) : 1
(14,1) : 2
(21,0) : 1
(22,1) : 1
(4,1) : 4
(26,0) : 1
(5,1) : 2
(6,1) : 1
(30,1) : 1
(13,1) : 1
(9,1) : 1
(0,0) : 3
(2,1) : 1
(0,1) : 2
(1,1) : 1
