pop size : 10000, betaG : 0.08500, lambdaH : 0.10000, lambdaW : 0.00100, gamma : 0.12500, Tmax : 150.00, threshold of infected : 0.010
0.37 0.32 0.13 0.12 0.04 0.02 
0.2192 0.12 0.08 0.06 0.05 0.045 0.04 0.035 0.03 0.02 0.02 0.02 0.015 0.015 0.015 0.015 0.001 0.001 0.001 0.001 0.001 0.001 0.001 0.001 0.001 0.001 0.001 0.001 0.001 0.001 0.001 0.001 0.001 0.001 0.001 0.001 0.001 0.001 0.001 0.001 0.001 0.0001 0.0001 0.0001 0.0001 0.0001 0.0001 0.0001 0.0001 0.175 
Proportion of infected at cutoff : 0.0100
Proportion of susceptibles at cutoff : 0.9841
(48,2) : 8
(49,1) : 25
(50,0) : 63
(7,0) : 32
(45,4) : 1
(15,0) : 10
(16,0) : 13
(9,0) : 25
(3,0) : 70
(49,0) : 10
(4,0) : 37
(48,1) : 11
(48,0) : 1
(13,0) : 14
(14,0) : 9
(2,0) : 80
(47,0) : 2
(8,0) : 36
(31,0) : 2
(45,1) : 1
(47,1) : 2
(6,0) : 27
(1,0) : 172
(11,0) : 15
(14,1) : 5
(5,0) : 31
(5,1) : 1
(43,3) : 1
(10,0) : 14
(38,0) : 2
(34,1) : 1
(9,1) : 1
(47,2) : 1
(12,0) : 12
(0,1) : 2
(20,1) : 1
(15,1) : 1
(30,0) : 2
(47,3) : 1
(25,0) : 1
(35,1) : 1
(24,0) : 1
(19,1) : 1
(39,0) : 2
(11,1) : 1
(33,2) : 1
(2,1) : 3
(23,1) : 1
(12,1) : 1
(27,0) : 2
(3,1) : 2
(4,1) : 1
(13,1) : 1
(8,1) : 1
(7,1) : 1
(6,1) : 2
(2,2) : 1
(18,0) : 1
(1,1) : 1
