pop size : 10000, betaG : 0.08500, lambdaH : 0.10000, lambdaW : 0.00100, gamma : 0.12500, Tmax : 150.00, threshold of infected : 0.010
0.37 0.32 0.13 0.12 0.04 0.02 
0.2192 0.12 0.08 0.06 0.05 0.045 0.04 0.035 0.03 0.02 0.02 0.02 0.015 0.015 0.015 0.015 0.001 0.001 0.001 0.001 0.001 0.001 0.001 0.001 0.001 0.001 0.001 0.001 0.001 0.001 0.001 0.001 0.001 0.001 0.001 0.001 0.001 0.001 0.001 0.001 0.001 0.0001 0.0001 0.0001 0.0001 0.0001 0.0001 0.0001 0.0001 0.175 
Proportion of infected at cutoff : 0.0100
Proportion of susceptibles at cutoff : 0.9812
(1,0) : 129
(50,0) : 67
(45,2) : 2
(49,1) : 18
(49,0) : 22
(6,0) : 36
(47,1) : 1
(47,2) : 4
(10,0) : 16
(4,0) : 47
(2,0) : 94
(48,1) : 4
(14,0) : 11
(7,0) : 29
(35,0) : 1
(48,0) : 4
(48,2) : 5
(28,1) : 1
(9,0) : 14
(13,0) : 3
(46,3) : 1
(8,0) : 22
(22,0) : 3
(12,0) : 11
(13,1) : 3
(5,0) : 36
(4,1) : 3
(23,0) : 1
(3,0) : 65
(37,1) : 1
(16,0) : 8
(27,0) : 1
(29,0) : 1
(15,0) : 7
(1,1) : 2
(11,0) : 16
(11,1) : 2
(24,1) : 1
(46,1) : 2
(14,1) : 2
(18,1) : 1
(9,2) : 1
(47,3) : 2
(26,0) : 1
(45,4) : 1
(32,2) : 1
(43,4) : 1
(8,1) : 3
(28,0) : 1
(12,1) : 3
(30,0) : 1
(36,0) : 1
(0,0) : 3
(45,3) : 1
(44,2) : 1
(20,0) : 1
(7,1) : 1
(3,1) : 2
(5,1) : 1
(0,1) : 1
