pop size : 10000, betaG : 0.08500, lambdaH : 0.10000, lambdaW : 0.00100, gamma : 0.12500, Tmax : 150.00, threshold of infected : 0.010
0.37 0.32 0.13 0.12 0.04 0.02 
0.2192 0.12 0.08 0.06 0.05 0.045 0.04 0.035 0.03 0.02 0.02 0.02 0.015 0.015 0.015 0.015 0.001 0.001 0.001 0.001 0.001 0.001 0.001 0.001 0.001 0.001 0.001 0.001 0.001 0.001 0.001 0.001 0.001 0.001 0.001 0.001 0.001 0.001 0.001 0.001 0.001 0.0001 0.0001 0.0001 0.0001 0.0001 0.0001 0.0001 0.0001 0.175 
Proportion of infected at cutoff : 0.0100
Proportion of susceptibles at cutoff : 0.9681
(48,2) : 2
(49,1) : 11
(11,1) : 5
(50,0) : 35
(9,0) : 35
(5,0) : 38
(30,0) : 1
(47,0) : 9
(16,0) : 7
(1,0) : 181
(8,0) : 19
(29,0) : 2
(46,0) : 3
(47,1) : 8
(10,0) : 12
(3,0) : 67
(13,0) : 9
(43,1) : 1
(41,1) : 1
(48,1) : 7
(2,0) : 85
(45,2) : 3
(25,0) : 3
(8,1) : 2
(7,0) : 36
(48,0) : 9
(46,1) : 3
(4,0) : 44
(18,0) : 3
(49,0) : 19
(15,0) : 8
(45,1) : 1
(14,0) : 12
(6,0) : 40
(47,2) : 5
(12,0) : 13
(18,2) : 1
(28,0) : 1
(45,4) : 1
(46,2) : 4
(47,3) : 1
(39,1) : 1
(11,0) : 13
(24,0) : 1
(20,0) : 1
(27,0) : 2
(26,0) : 3
(38,0) : 1
(9,1) : 1
(36,1) : 1
(17,0) : 2
(12,1) : 1
(35,0) : 1
(44,3) : 1
(21,0) : 1
(10,1) : 2
(23,0) : 1
(45,0) : 1
(5,1) : 3
(0,0) : 2
(15,1) : 2
(4,1) : 1
(2,1) : 3
(3,1) : 2
(6,1) : 1
(0,1) : 2
(1,1) : 1
