pop size : 10000, betaG : 0.08500, lambdaH : 0.10000, lambdaW : 0.00100, gamma : 0.12500, Tmax : 150.00, threshold of infected : 0.010
0.37 0.32 0.13 0.12 0.04 0.02 
0.2192 0.12 0.08 0.06 0.05 0.045 0.04 0.035 0.03 0.02 0.02 0.02 0.015 0.015 0.015 0.015 0.001 0.001 0.001 0.001 0.001 0.001 0.001 0.001 0.001 0.001 0.001 0.001 0.001 0.001 0.001 0.001 0.001 0.001 0.001 0.001 0.001 0.001 0.001 0.001 0.001 0.0001 0.0001 0.0001 0.0001 0.0001 0.0001 0.0001 0.0001 0.175 
Proportion of infected at cutoff : 0.0100
Proportion of susceptibles at cutoff : 0.9766
(49,0) : 22
(42,0) : 1
(2,0) : 73
(4,0) : 56
(7,0) : 24
(6,0) : 27
(50,0) : 45
(20,0) : 2
(48,1) : 12
(3,0) : 47
(49,1) : 20
(1,0) : 146
(44,1) : 1
(9,1) : 2
(14,0) : 7
(48,0) : 10
(8,0) : 27
(47,1) : 6
(34,0) : 1
(5,0) : 33
(44,5) : 1
(46,2) : 3
(12,0) : 19
(47,2) : 5
(6,1) : 3
(10,0) : 17
(31,0) : 1
(46,1) : 2
(9,0) : 21
(16,0) : 3
(48,2) : 5
(18,0) : 1
(13,0) : 7
(39,0) : 3
(11,0) : 6
(44,2) : 1
(19,0) : 2
(22,0) : 3
(25,1) : 1
(30,0) : 1
(47,0) : 1
(30,1) : 1
(36,2) : 1
(15,0) : 3
(47,3) : 1
(12,1) : 2
(23,0) : 1
(4,1) : 1
(40,1) : 1
(36,0) : 1
(15,1) : 2
(40,0) : 1
(37,0) : 1
(0,1) : 2
(11,1) : 1
(14,1) : 1
(32,0) : 1
(10,1) : 2
(24,0) : 1
(5,1) : 1
(0,0) : 3
(3,1) : 1
