pop size : 10000, betaG : 0.08500, lambdaH : 0.10000, lambdaW : 0.00100, gamma : 0.12500, Tmax : 150.00, threshold of infected : 0.010
0.37 0.32 0.13 0.12 0.04 0.02 
0.2192 0.12 0.08 0.06 0.05 0.045 0.04 0.035 0.03 0.02 0.02 0.02 0.015 0.015 0.015 0.015 0.001 0.001 0.001 0.001 0.001 0.001 0.001 0.001 0.001 0.001 0.001 0.001 0.001 0.001 0.001 0.001 0.001 0.001 0.001 0.001 0.001 0.001 0.001 0.001 0.001 0.0001 0.0001 0.0001 0.0001 0.0001 0.0001 0.0001 0.0001 0.175 
Proportion of infected at cutoff : 0.0100
Proportion of susceptibles at cutoff : 0.9747
(14,1) : 2
(47,0) : 9
(5,2) : 1
(22,0) : 3
(46,2) : 2
(49,0) : 32
(49,1) : 15
(48,0) : 10
(3,0) : 44
(48,2) : 4
(28,0) : 1
(4,0) : 43
(2,0) : 84
(7,0) : 23
(50,0) : 39
(10,0) : 16
(48,1) : 17
(6,0) : 37
(13,1) : 1
(12,0) : 10
(45,4) : 2
(13,0) : 14
(8,0) : 13
(38,0) : 1
(14,0) : 12
(1,0) : 146
(7,1) : 2
(5,0) : 32
(11,0) : 18
(16,0) : 5
(16,1) : 1
(47,1) : 2
(35,0) : 1
(28,1) : 1
(20,0) : 1
(10,1) : 1
(15,0) : 8
(19,0) : 1
(46,1) : 1
(33,1) : 1
(45,2) : 1
(29,0) : 1
(9,0) : 15
(39,0) : 1
(15,1) : 2
(2,1) : 3
(35,1) : 1
(11,1) : 1
(9,1) : 1
(5,1) : 3
(24,0) : 1
(19,1) : 1
(24,1) : 1
(4,1) : 1
(8,1) : 2
(46,4) : 1
(46,3) : 1
(6,1) : 2
(30,0) : 1
(12,1) : 3
(0,0) : 2
(3,1) : 1
(1,1) : 1
(0,1) : 2
