pop size : 10000, betaG : 0.08500, lambdaH : 0.10000, lambdaW : 0.00100, gamma : 0.12500, Tmax : 150.00, threshold of infected : 0.010
0.37 0.32 0.13 0.12 0.04 0.02 
0.2192 0.12 0.08 0.06 0.05 0.045 0.04 0.035 0.03 0.02 0.02 0.02 0.015 0.015 0.015 0.015 0.001 0.001 0.001 0.001 0.001 0.001 0.001 0.001 0.001 0.001 0.001 0.001 0.001 0.001 0.001 0.001 0.001 0.001 0.001 0.001 0.001 0.001 0.001 0.001 0.001 0.0001 0.0001 0.0001 0.0001 0.0001 0.0001 0.0001 0.0001 0.175 
Proportion of infected at cutoff : 0.0100
Proportion of susceptibles at cutoff : 0.9776
(50,0) : 53
(4,0) : 39
(20,0) : 1
(3,0) : 44
(47,1) : 5
(49,0) : 16
(22,0) : 1
(26,0) : 1
(21,0) : 2
(49,1) : 21
(33,0) : 1
(14,1) : 2
(43,0) : 1
(22,2) : 1
(48,0) : 11
(10,0) : 8
(16,0) : 10
(48,1) : 13
(46,3) : 2
(15,0) : 9
(47,0) : 3
(8,0) : 27
(6,0) : 28
(12,0) : 14
(7,0) : 19
(43,2) : 1
(14,0) : 10
(9,0) : 29
(11,0) : 17
(7,1) : 1
(13,0) : 8
(48,2) : 3
(47,2) : 2
(11,1) : 3
(5,0) : 26
(12,1) : 1
(42,1) : 1
(29,0) : 2
(1,0) : 176
(46,1) : 2
(44,3) : 1
(2,0) : 67
(19,1) : 1
(33,1) : 1
(10,1) : 2
(45,3) : 2
(46,2) : 1
(47,3) : 1
(13,1) : 2
(32,2) : 1
(35,0) : 1
(18,0) : 2
(3,1) : 1
(4,1) : 1
(0,0) : 2
(0,1) : 3
(7,2) : 1
(1,1) : 1
(9,1) : 1
