pop size : 10000, betaG : 0.08500, lambdaH : 0.10000, lambdaW : 0.00100, gamma : 0.12500, Tmax : 150.00, threshold of infected : 0.010
0.37 0.32 0.13 0.12 0.04 0.02 
0.2192 0.12 0.08 0.06 0.05 0.045 0.04 0.035 0.03 0.02 0.02 0.02 0.015 0.015 0.015 0.015 0.001 0.001 0.001 0.001 0.001 0.001 0.001 0.001 0.001 0.001 0.001 0.001 0.001 0.001 0.001 0.001 0.001 0.001 0.001 0.001 0.001 0.001 0.001 0.001 0.001 0.0001 0.0001 0.0001 0.0001 0.0001 0.0001 0.0001 0.0001 0.175 
Proportion of infected at cutoff : 0.0100
Proportion of susceptibles at cutoff : 0.9840
(49,0) : 14
(49,1) : 23
(48,2) : 8
(13,0) : 13
(50,0) : 67
(26,0) : 1
(16,0) : 7
(46,4) : 1
(21,0) : 3
(7,0) : 36
(47,3) : 3
(48,0) : 5
(4,0) : 43
(2,0) : 82
(1,0) : 153
(6,0) : 30
(10,1) : 1
(12,0) : 7
(47,2) : 6
(10,0) : 20
(17,0) : 1
(5,0) : 32
(20,0) : 2
(14,0) : 11
(46,1) : 1
(12,1) : 3
(30,0) : 2
(7,1) : 3
(15,0) : 13
(6,1) : 2
(48,1) : 4
(9,0) : 21
(8,1) : 3
(37,0) : 1
(36,0) : 1
(8,0) : 21
(28,0) : 2
(31,0) : 1
(15,1) : 3
(19,0) : 1
(45,4) : 1
(11,0) : 6
(3,0) : 43
(13,1) : 2
(22,0) : 1
(44,4) : 1
(5,1) : 1
(18,0) : 1
(34,0) : 1
(39,0) : 1
(24,0) : 1
(4,1) : 1
(1,1) : 3
(2,1) : 1
