pop size : 10000, betaG : 0.08500, lambdaH : 0.10000, lambdaW : 0.00100, gamma : 0.12500, Tmax : 150.00, threshold of infected : 0.010
0.37 0.32 0.13 0.12 0.04 0.02 
0.2192 0.12 0.08 0.06 0.05 0.045 0.04 0.035 0.03 0.02 0.02 0.02 0.015 0.015 0.015 0.015 0.001 0.001 0.001 0.001 0.001 0.001 0.001 0.001 0.001 0.001 0.001 0.001 0.001 0.001 0.001 0.001 0.001 0.001 0.001 0.001 0.001 0.001 0.001 0.001 0.001 0.0001 0.0001 0.0001 0.0001 0.0001 0.0001 0.0001 0.0001 0.175 
Proportion of infected at cutoff : 0.0100
Proportion of susceptibles at cutoff : 0.9709
(47,3) : 3
(49,1) : 12
(12,0) : 9
(50,0) : 43
(9,0) : 16
(4,0) : 42
(49,0) : 26
(32,0) : 1
(16,0) : 9
(48,1) : 10
(47,2) : 4
(11,0) : 13
(15,0) : 8
(13,0) : 17
(45,0) : 1
(6,0) : 24
(39,0) : 3
(1,0) : 143
(47,0) : 3
(48,0) : 10
(27,0) : 2
(33,0) : 1
(8,0) : 18
(44,2) : 2
(48,2) : 4
(10,0) : 16
(3,0) : 63
(13,1) : 1
(37,1) : 1
(5,0) : 31
(45,2) : 3
(46,0) : 3
(24,2) : 1
(47,1) : 7
(2,0) : 89
(6,1) : 2
(5,1) : 2
(7,0) : 32
(20,0) : 2
(12,1) : 2
(27,1) : 1
(25,0) : 1
(14,0) : 9
(8,1) : 2
(46,1) : 1
(7,2) : 1
(44,1) : 1
(35,0) : 1
(36,0) : 1
(30,1) : 1
(42,4) : 1
(10,1) : 1
(14,1) : 1
(2,1) : 1
(13,3) : 1
(1,1) : 2
(31,0) : 1
(7,1) : 1
(3,1) : 1
(4,1) : 2
(35,1) : 1
(0,1) : 1
