pop size : 10000, betaG : 0.08500, lambdaH : 0.10000, lambdaW : 0.00100, gamma : 0.12500, Tmax : 150.00, threshold of infected : 0.010
0.37 0.32 0.13 0.12 0.04 0.02 
0.2192 0.12 0.08 0.06 0.05 0.045 0.04 0.035 0.03 0.02 0.02 0.02 0.015 0.015 0.015 0.015 0.001 0.001 0.001 0.001 0.001 0.001 0.001 0.001 0.001 0.001 0.001 0.001 0.001 0.001 0.001 0.001 0.001 0.001 0.001 0.001 0.001 0.001 0.001 0.001 0.001 0.0001 0.0001 0.0001 0.0001 0.0001 0.0001 0.0001 0.0001 0.175 
Proportion of infected at cutoff : 0.0100
Proportion of susceptibles at cutoff : 0.9801
(49,1) : 18
(50,0) : 61
(1,0) : 164
(13,0) : 15
(47,2) : 5
(48,0) : 11
(34,0) : 2
(49,0) : 12
(48,1) : 8
(48,2) : 2
(13,2) : 1
(3,1) : 4
(5,0) : 28
(47,1) : 2
(8,0) : 33
(17,0) : 2
(6,0) : 40
(44,3) : 2
(46,0) : 1
(15,1) : 4
(45,3) : 1
(14,0) : 13
(46,2) : 3
(15,0) : 12
(9,0) : 23
(10,0) : 20
(4,0) : 29
(10,1) : 2
(2,0) : 88
(12,0) : 11
(11,0) : 13
(47,3) : 2
(16,0) : 7
(46,3) : 2
(9,1) : 2
(28,0) : 1
(27,0) : 1
(3,0) : 65
(47,0) : 2
(7,0) : 19
(20,0) : 1
(22,0) : 1
(32,0) : 2
(13,1) : 1
(40,1) : 1
(7,1) : 1
(23,3) : 1
(4,1) : 2
(6,1) : 2
(11,1) : 2
(21,0) : 1
(26,0) : 1
(2,1) : 1
(5,1) : 1
(2,2) : 1
(0,0) : 2
(1,1) : 1
