pop size : 10000, betaG : 0.08500, lambdaH : 0.10000, lambdaW : 0.00100, gamma : 0.12500, Tmax : 150.00, threshold of infected : 0.010
0.37 0.32 0.13 0.12 0.04 0.02 
0.2192 0.12 0.08 0.06 0.05 0.045 0.04 0.035 0.03 0.02 0.02 0.02 0.015 0.015 0.015 0.015 0.001 0.001 0.001 0.001 0.001 0.001 0.001 0.001 0.001 0.001 0.001 0.001 0.001 0.001 0.001 0.001 0.001 0.001 0.001 0.001 0.001 0.001 0.001 0.001 0.001 0.0001 0.0001 0.0001 0.0001 0.0001 0.0001 0.0001 0.0001 0.175 
Proportion of infected at cutoff : 0.0100
Proportion of susceptibles at cutoff : 0.9845
(50,0) : 79
(48,1) : 4
(49,0) : 11
(49,1) : 22
(8,0) : 17
(12,1) : 2
(37,0) : 1
(1,0) : 176
(10,1) : 3
(9,0) : 15
(48,0) : 1
(12,0) : 16
(32,0) : 2
(2,0) : 79
(47,2) : 5
(47,1) : 3
(6,0) : 27
(47,3) : 1
(11,0) : 16
(14,1) : 1
(3,0) : 42
(17,0) : 1
(10,0) : 18
(14,0) : 9
(48,2) : 4
(39,0) : 1
(5,0) : 34
(36,0) : 1
(7,0) : 27
(45,5) : 1
(4,0) : 49
(27,1) : 1
(41,0) : 2
(16,0) : 9
(15,0) : 7
(20,0) : 1
(23,0) : 1
(38,1) : 1
(26,0) : 1
(34,0) : 1
(41,4) : 1
(6,1) : 4
(25,1) : 1
(3,1) : 3
(13,0) : 6
(4,2) : 1
(13,1) : 1
(40,0) : 1
(46,2) : 1
(12,2) : 1
(25,0) : 1
(40,1) : 1
(30,1) : 1
(0,1) : 4
(4,1) : 3
(5,1) : 4
(21,0) : 2
(21,1) : 1
(8,1) : 1
(5,2) : 1
(1,1) : 1
