pop size : 10000, betaG : 0.08500, lambdaH : 0.10000, lambdaW : 0.00100, gamma : 0.12500, Tmax : 150.00, threshold of infected : 0.010
0.37 0.32 0.13 0.12 0.04 0.02 
0.2192 0.12 0.08 0.06 0.05 0.045 0.04 0.035 0.03 0.02 0.02 0.02 0.015 0.015 0.015 0.015 0.001 0.001 0.001 0.001 0.001 0.001 0.001 0.001 0.001 0.001 0.001 0.001 0.001 0.001 0.001 0.001 0.001 0.001 0.001 0.001 0.001 0.001 0.001 0.001 0.001 0.0001 0.0001 0.0001 0.0001 0.0001 0.0001 0.0001 0.0001 0.175 
Proportion of infected at cutoff : 0.0100
Proportion of susceptibles at cutoff : 0.9764
(49,0) : 21
(4,0) : 62
(50,0) : 41
(19,0) : 1
(48,0) : 7
(6,0) : 43
(47,2) : 3
(5,0) : 42
(49,1) : 23
(13,0) : 16
(45,2) : 3
(14,0) : 18
(1,0) : 198
(43,1) : 1
(9,0) : 24
(47,1) : 4
(46,0) : 2
(2,2) : 1
(48,2) : 7
(10,0) : 14
(16,0) : 11
(15,0) : 9
(7,0) : 26
(33,0) : 1
(12,0) : 18
(6,1) : 2
(8,1) : 1
(44,0) : 1
(1,1) : 6
(32,0) : 4
(8,0) : 22
(48,1) : 5
(2,0) : 97
(7,1) : 2
(13,2) : 1
(11,0) : 15
(46,3) : 1
(34,1) : 1
(17,0) : 2
(35,0) : 1
(10,1) : 1
(47,0) : 1
(42,4) : 1
(23,0) : 2
(47,3) : 2
(3,0) : 58
(46,2) : 1
(28,0) : 1
(39,0) : 1
(21,1) : 2
(2,1) : 1
(11,1) : 1
(20,0) : 1
(9,1) : 1
(24,0) : 1
(3,1) : 1
(4,1) : 2
(0,1) : 1
(0,0) : 1
