pop size : 10000, betaG : 0.08500, lambdaH : 0.10000, lambdaW : 0.00100, gamma : 0.12500, Tmax : 150.00, threshold of infected : 0.010
0.37 0.32 0.13 0.12 0.04 0.02 
0.2192 0.12 0.08 0.06 0.05 0.045 0.04 0.035 0.03 0.02 0.02 0.02 0.015 0.015 0.015 0.015 0.001 0.001 0.001 0.001 0.001 0.001 0.001 0.001 0.001 0.001 0.001 0.001 0.001 0.001 0.001 0.001 0.001 0.001 0.001 0.001 0.001 0.001 0.001 0.001 0.001 0.0001 0.0001 0.0001 0.0001 0.0001 0.0001 0.0001 0.0001 0.175 
Proportion of infected at cutoff : 0.0100
Proportion of susceptibles at cutoff : 0.9713
(49,0) : 22
(47,0) : 6
(48,2) : 8
(4,0) : 43
(12,0) : 13
(33,3) : 1
(13,0) : 11
(48,1) : 14
(16,0) : 7
(50,0) : 49
(14,0) : 8
(2,0) : 74
(1,0) : 151
(46,2) : 2
(27,0) : 2
(10,0) : 12
(15,0) : 13
(11,0) : 6
(47,2) : 5
(44,3) : 1
(9,0) : 15
(47,1) : 6
(37,0) : 3
(3,0) : 55
(12,1) : 1
(6,0) : 24
(48,0) : 7
(5,0) : 40
(49,1) : 8
(8,0) : 10
(38,2) : 1
(20,0) : 2
(7,0) : 23
(21,0) : 2
(0,1) : 2
(33,0) : 1
(45,2) : 2
(23,0) : 1
(46,0) : 2
(41,0) : 1
(29,2) : 1
(45,1) : 1
(46,1) : 1
(14,1) : 1
(44,2) : 1
(34,2) : 1
(29,0) : 2
(36,0) : 1
(19,0) : 1
(10,1) : 3
(11,1) : 1
(2,1) : 1
(35,0) : 1
(45,0) : 1
(7,1) : 3
(0,0) : 3
(13,1) : 1
(28,0) : 1
(39,1) : 1
(25,1) : 1
(1,1) : 2
(8,1) : 1
(2,2) : 1
(5,1) : 1
(6,1) : 1
