pop size : 10000, betaG : 0.08500, lambdaH : 0.10000, lambdaW : 0.00100, gamma : 0.12500, Tmax : 150.00, threshold of infected : 0.010
0.37 0.32 0.13 0.12 0.04 0.02 
0.2192 0.12 0.08 0.06 0.05 0.045 0.04 0.035 0.03 0.02 0.02 0.02 0.015 0.015 0.015 0.015 0.001 0.001 0.001 0.001 0.001 0.001 0.001 0.001 0.001 0.001 0.001 0.001 0.001 0.001 0.001 0.001 0.001 0.001 0.001 0.001 0.001 0.001 0.001 0.001 0.001 0.0001 0.0001 0.0001 0.0001 0.0001 0.0001 0.0001 0.0001 0.175 
Proportion of infected at cutoff : 0.0100
Proportion of susceptibles at cutoff : 0.9787
(49,0) : 23
(49,1) : 21
(18,0) : 2
(48,1) : 12
(50,0) : 57
(11,1) : 2
(21,0) : 1
(47,1) : 2
(16,0) : 10
(12,0) : 13
(48,0) : 5
(10,0) : 17
(48,2) : 5
(30,1) : 1
(6,1) : 4
(6,0) : 37
(5,0) : 28
(3,0) : 50
(13,0) : 8
(47,3) : 1
(4,0) : 44
(2,0) : 91
(1,0) : 151
(38,0) : 1
(7,0) : 31
(8,0) : 16
(14,0) : 12
(15,0) : 6
(46,1) : 2
(27,0) : 1
(5,1) : 2
(26,2) : 1
(46,2) : 3
(7,1) : 1
(8,1) : 3
(47,2) : 3
(9,0) : 13
(45,0) : 1
(21,2) : 1
(36,0) : 1
(11,0) : 12
(24,0) : 1
(46,3) : 1
(39,0) : 1
(40,1) : 1
(45,3) : 1
(0,0) : 3
(47,0) : 1
(9,1) : 1
(19,0) : 1
(26,1) : 1
(3,1) : 3
(2,1) : 2
(29,0) : 1
(4,1) : 4
(17,0) : 1
(12,1) : 1
(0,1) : 1
(1,1) : 1
