pop size : 10000, betaG : 0.08500, lambdaH : 0.10000, lambdaW : 0.00100, gamma : 0.12500, Tmax : 150.00, threshold of infected : 0.010
0.37 0.32 0.13 0.12 0.04 0.02 
0.2192 0.12 0.08 0.06 0.05 0.045 0.04 0.035 0.03 0.02 0.02 0.02 0.015 0.015 0.015 0.015 0.001 0.001 0.001 0.001 0.001 0.001 0.001 0.001 0.001 0.001 0.001 0.001 0.001 0.001 0.001 0.001 0.001 0.001 0.001 0.001 0.001 0.001 0.001 0.001 0.001 0.0001 0.0001 0.0001 0.0001 0.0001 0.0001 0.0001 0.0001 0.175 
Proportion of infected at cutoff : 0.0100
Proportion of susceptibles at cutoff : 0.9759
(15,0) : 9
(49,1) : 22
(8,0) : 22
(50,0) : 45
(1,0) : 187
(35,2) : 1
(7,0) : 33
(46,1) : 4
(4,0) : 37
(48,0) : 10
(6,1) : 2
(32,0) : 1
(48,2) : 6
(49,0) : 18
(46,2) : 2
(14,0) : 10
(11,0) : 14
(13,0) : 16
(47,1) : 9
(9,0) : 17
(3,0) : 58
(48,1) : 7
(46,4) : 1
(5,0) : 43
(2,0) : 86
(6,0) : 30
(36,1) : 1
(10,0) : 8
(25,0) : 2
(12,0) : 13
(16,0) : 9
(31,1) : 2
(13,1) : 1
(39,0) : 1
(2,1) : 1
(36,0) : 1
(28,0) : 1
(37,0) : 1
(41,6) : 1
(47,0) : 3
(15,1) : 1
(9,1) : 2
(11,1) : 3
(41,0) : 2
(32,1) : 1
(47,2) : 2
(20,0) : 2
(45,2) : 2
(34,0) : 1
(13,2) : 1
(7,1) : 2
(8,1) : 1
(5,1) : 2
(0,1) : 1
(0,0) : 2
