pop size : 10000, betaG : 0.08500, lambdaH : 0.10000, lambdaW : 0.00100, gamma : 0.12500, Tmax : 150.00, threshold of infected : 0.010
0.37 0.32 0.13 0.12 0.04 0.02 
0.2192 0.12 0.08 0.06 0.05 0.045 0.04 0.035 0.03 0.02 0.02 0.02 0.015 0.015 0.015 0.015 0.001 0.001 0.001 0.001 0.001 0.001 0.001 0.001 0.001 0.001 0.001 0.001 0.001 0.001 0.001 0.001 0.001 0.001 0.001 0.001 0.001 0.001 0.001 0.001 0.001 0.0001 0.0001 0.0001 0.0001 0.0001 0.0001 0.0001 0.0001 0.175 
Proportion of infected at cutoff : 0.0100
Proportion of susceptibles at cutoff : 0.9728
(9,0) : 16
(47,0) : 6
(50,0) : 41
(49,0) : 27
(8,0) : 31
(12,0) : 14
(15,1) : 1
(24,0) : 1
(44,3) : 1
(5,0) : 37
(4,0) : 53
(46,1) : 2
(48,1) : 16
(2,0) : 90
(13,0) : 12
(49,1) : 16
(43,4) : 1
(45,1) : 1
(3,0) : 70
(6,0) : 29
(45,2) : 2
(14,0) : 7
(21,0) : 2
(1,0) : 153
(19,0) : 1
(15,0) : 10
(11,0) : 17
(48,0) : 6
(47,2) : 6
(23,0) : 1
(48,2) : 3
(7,0) : 26
(16,0) : 5
(45,4) : 1
(46,2) : 1
(47,1) : 2
(42,3) : 1
(10,1) : 2
(39,0) : 1
(43,1) : 1
(10,0) : 16
(27,0) : 2
(14,1) : 1
(32,0) : 1
(2,1) : 2
(28,0) : 1
(38,0) : 1
(26,1) : 1
(29,0) : 1
(12,1) : 2
(8,1) : 2
(45,3) : 1
(5,1) : 1
(0,0) : 3
(9,1) : 1
(11,1) : 1
(3,1) : 2
(7,1) : 1
(4,1) : 1
(1,1) : 2
(0,1) : 1
