pop size : 10000, betaG : 0.08500, lambdaH : 0.10000, lambdaW : 0.00100, gamma : 0.12500, Tmax : 150.00, threshold of infected : 0.010
0.37 0.32 0.13 0.12 0.04 0.02 
0.2192 0.12 0.08 0.06 0.05 0.045 0.04 0.035 0.03 0.02 0.02 0.02 0.015 0.015 0.015 0.015 0.001 0.001 0.001 0.001 0.001 0.001 0.001 0.001 0.001 0.001 0.001 0.001 0.001 0.001 0.001 0.001 0.001 0.001 0.001 0.001 0.001 0.001 0.001 0.001 0.001 0.0001 0.0001 0.0001 0.0001 0.0001 0.0001 0.0001 0.0001 0.175 
Proportion of infected at cutoff : 0.0100
Proportion of susceptibles at cutoff : 0.9768
(10,0) : 14
(16,0) : 10
(48,1) : 7
(5,0) : 27
(12,0) : 10
(49,0) : 19
(44,0) : 1
(50,0) : 53
(44,3) : 1
(49,1) : 15
(1,0) : 164
(38,1) : 1
(6,0) : 37
(9,0) : 24
(45,1) : 1
(2,0) : 97
(8,0) : 24
(2,1) : 1
(47,2) : 6
(15,1) : 5
(47,1) : 5
(41,0) : 1
(43,4) : 1
(7,0) : 31
(46,4) : 1
(13,0) : 8
(45,0) : 3
(3,0) : 49
(31,0) : 3
(23,0) : 1
(48,2) : 4
(34,1) : 1
(48,0) : 3
(21,1) : 1
(30,0) : 1
(7,1) : 5
(47,0) : 4
(14,0) : 12
(15,0) : 11
(11,0) : 16
(42,1) : 1
(17,0) : 1
(4,0) : 36
(36,0) : 1
(32,1) : 1
(24,0) : 1
(26,0) : 1
(35,1) : 1
(33,0) : 2
(47,3) : 1
(39,0) : 1
(19,0) : 1
(38,0) : 1
(14,1) : 3
(18,0) : 1
(12,1) : 4
(24,1) : 1
(28,0) : 1
(5,1) : 2
(0,1) : 2
(13,1) : 1
(9,1) : 1
(10,1) : 1
(31,1) : 1
(1,1) : 4
(0,0) : 2
(4,1) : 1
