pop size : 10000, betaG : 0.08500, lambdaH : 0.10000, lambdaW : 0.00100, gamma : 0.12500, Tmax : 150.00, threshold of infected : 0.010
0.37 0.32 0.13 0.12 0.04 0.02 
0.2192 0.12 0.08 0.06 0.05 0.045 0.04 0.035 0.03 0.02 0.02 0.02 0.015 0.015 0.015 0.015 0.001 0.001 0.001 0.001 0.001 0.001 0.001 0.001 0.001 0.001 0.001 0.001 0.001 0.001 0.001 0.001 0.001 0.001 0.001 0.001 0.001 0.001 0.001 0.001 0.001 0.0001 0.0001 0.0001 0.0001 0.0001 0.0001 0.0001 0.0001 0.175 
Proportion of infected at cutoff : 0.0100
Proportion of susceptibles at cutoff : 0.9759
(49,0) : 17
(50,0) : 56
(10,0) : 14
(46,1) : 2
(21,0) : 1
(48,0) : 12
(48,1) : 16
(45,1) : 1
(2,0) : 97
(45,0) : 2
(1,0) : 153
(4,0) : 42
(6,0) : 35
(8,0) : 26
(7,0) : 29
(11,0) : 12
(22,0) : 1
(14,1) : 1
(26,0) : 2
(49,1) : 11
(12,0) : 8
(45,4) : 2
(15,0) : 8
(47,1) : 6
(29,0) : 2
(14,0) : 8
(24,2) : 1
(19,1) : 1
(5,0) : 30
(13,0) : 9
(10,1) : 1
(20,0) : 2
(19,0) : 4
(3,0) : 48
(17,0) : 1
(9,0) : 14
(41,2) : 1
(32,1) : 1
(45,5) : 1
(16,0) : 4
(32,0) : 1
(38,1) : 1
(13,1) : 2
(45,2) : 1
(15,1) : 1
(23,0) : 1
(33,0) : 1
(48,2) : 4
(47,2) : 2
(2,1) : 3
(24,0) : 1
(44,3) : 1
(36,0) : 2
(9,1) : 1
(46,3) : 1
(7,1) : 1
(16,1) : 1
(30,0) : 1
(36,2) : 1
(8,1) : 1
(11,1) : 1
(3,1) : 2
(6,1) : 3
(5,1) : 1
(0,1) : 3
(0,0) : 1
