pop size : 10000, betaG : 0.08500, lambdaH : 0.10000, lambdaW : 0.00100, gamma : 0.12500, Tmax : 150.00, threshold of infected : 0.010
0.37 0.32 0.13 0.12 0.04 0.02 
0.2192 0.12 0.08 0.06 0.05 0.045 0.04 0.035 0.03 0.02 0.02 0.02 0.015 0.015 0.015 0.015 0.001 0.001 0.001 0.001 0.001 0.001 0.001 0.001 0.001 0.001 0.001 0.001 0.001 0.001 0.001 0.001 0.001 0.001 0.001 0.001 0.001 0.001 0.001 0.001 0.001 0.0001 0.0001 0.0001 0.0001 0.0001 0.0001 0.0001 0.0001 0.175 
Proportion of infected at cutoff : 0.0100
Proportion of susceptibles at cutoff : 0.9815
(49,0) : 15
(48,1) : 8
(50,0) : 58
(49,1) : 27
(11,0) : 15
(37,0) : 2
(7,0) : 25
(4,0) : 32
(47,2) : 5
(9,0) : 20
(8,0) : 27
(45,3) : 1
(1,0) : 164
(27,0) : 1
(47,1) : 4
(38,1) : 1
(39,0) : 1
(2,0) : 91
(46,2) : 2
(6,0) : 30
(10,0) : 16
(3,0) : 65
(14,0) : 5
(5,0) : 29
(30,0) : 2
(25,0) : 3
(15,0) : 11
(28,0) : 1
(16,0) : 9
(46,4) : 1
(12,0) : 14
(45,1) : 1
(32,1) : 1
(48,0) : 5
(21,0) : 1
(13,0) : 8
(48,2) : 4
(29,2) : 1
(15,1) : 1
(33,1) : 1
(10,1) : 1
(20,0) : 1
(21,1) : 1
(47,0) : 1
(13,2) : 1
(46,1) : 1
(33,0) : 2
(9,1) : 3
(6,1) : 2
(18,0) : 1
(24,0) : 1
(3,1) : 2
(8,1) : 2
(2,1) : 2
(0,1) : 1
(13,1) : 1
(5,1) : 2
(1,1) : 2
(12,1) : 1
(0,0) : 1
(4,1) : 1
(7,1) : 1
