pop size : 10000, betaG : 0.08500, lambdaH : 0.10000, lambdaW : 0.00100, gamma : 0.12500, Tmax : 150.00, threshold of infected : 0.010
0.37 0.32 0.13 0.12 0.04 0.02 
0.2192 0.12 0.08 0.06 0.05 0.045 0.04 0.035 0.03 0.02 0.02 0.02 0.015 0.015 0.015 0.015 0.001 0.001 0.001 0.001 0.001 0.001 0.001 0.001 0.001 0.001 0.001 0.001 0.001 0.001 0.001 0.001 0.001 0.001 0.001 0.001 0.001 0.001 0.001 0.001 0.001 0.0001 0.0001 0.0001 0.0001 0.0001 0.0001 0.0001 0.0001 0.175 
Proportion of infected at cutoff : 0.0100
Proportion of susceptibles at cutoff : 0.9766
(50,0) : 38
(13,0) : 14
(49,0) : 27
(14,0) : 9
(36,0) : 1
(48,1) : 12
(49,1) : 19
(11,0) : 13
(2,0) : 90
(47,1) : 5
(8,0) : 31
(25,0) : 2
(7,0) : 25
(10,0) : 13
(7,1) : 4
(11,1) : 2
(21,0) : 1
(15,0) : 8
(1,0) : 178
(6,0) : 35
(47,2) : 4
(37,0) : 1
(27,0) : 3
(4,0) : 43
(3,0) : 55
(3,1) : 1
(34,0) : 2
(5,0) : 39
(23,0) : 3
(1,1) : 2
(44,1) : 1
(47,3) : 2
(48,0) : 6
(16,0) : 7
(45,1) : 3
(9,1) : 4
(35,1) : 1
(9,0) : 16
(31,1) : 1
(14,1) : 1
(40,0) : 1
(35,0) : 1
(47,0) : 3
(12,0) : 17
(35,2) : 1
(29,0) : 2
(40,1) : 1
(46,3) : 3
(48,2) : 2
(38,0) : 1
(30,1) : 1
(27,1) : 1
(19,0) : 1
(4,1) : 2
(2,1) : 2
(34,2) : 1
(37,1) : 1
(5,1) : 3
(32,0) : 1
(0,1) : 1
(0,0) : 3
(8,1) : 1
