pop size : 10000, betaG : 0.08500, lambdaH : 0.10000, lambdaW : 0.00100, gamma : 0.12500, Tmax : 150.00, threshold of infected : 0.010
0.37 0.32 0.13 0.12 0.04 0.02 
0.2192 0.12 0.08 0.06 0.05 0.045 0.04 0.035 0.03 0.02 0.02 0.02 0.015 0.015 0.015 0.015 0.001 0.001 0.001 0.001 0.001 0.001 0.001 0.001 0.001 0.001 0.001 0.001 0.001 0.001 0.001 0.001 0.001 0.001 0.001 0.001 0.001 0.001 0.001 0.001 0.001 0.0001 0.0001 0.0001 0.0001 0.0001 0.0001 0.0001 0.0001 0.175 
Proportion of infected at cutoff : 0.0100
Proportion of susceptibles at cutoff : 0.9716
(50,0) : 40
(48,0) : 11
(11,0) : 17
(6,1) : 6
(47,1) : 6
(49,1) : 12
(49,0) : 28
(1,0) : 142
(47,2) : 4
(8,0) : 23
(6,0) : 35
(48,1) : 5
(16,0) : 3
(48,2) : 7
(47,0) : 6
(34,0) : 2
(4,0) : 40
(3,0) : 57
(14,0) : 15
(30,0) : 1
(10,1) : 1
(44,1) : 1
(5,0) : 29
(45,2) : 1
(20,0) : 1
(12,0) : 11
(39,0) : 1
(37,0) : 1
(8,1) : 2
(7,0) : 24
(46,0) : 4
(2,0) : 97
(15,0) : 10
(46,4) : 1
(44,2) : 1
(38,0) : 1
(10,0) : 6
(35,0) : 1
(13,1) : 2
(31,0) : 1
(32,0) : 1
(24,1) : 1
(47,3) : 2
(9,0) : 17
(11,1) : 1
(13,0) : 16
(33,1) : 1
(14,1) : 2
(46,1) : 2
(21,0) : 2
(16,1) : 2
(42,0) : 1
(7,1) : 4
(2,1) : 1
(29,0) : 1
(20,1) : 1
(24,0) : 1
(7,2) : 1
(3,1) : 1
(46,3) : 1
(12,1) : 1
(5,1) : 3
(4,1) : 1
(9,1) : 1
(0,1) : 2
