pop size : 10000, betaG : 0.08500, lambdaH : 0.10000, lambdaW : 0.00100, gamma : 0.12500, Tmax : 150.00, threshold of infected : 0.010
0.37 0.32 0.13 0.12 0.04 0.02 
0.2192 0.12 0.08 0.06 0.05 0.045 0.04 0.035 0.03 0.02 0.02 0.02 0.015 0.015 0.015 0.015 0.001 0.001 0.001 0.001 0.001 0.001 0.001 0.001 0.001 0.001 0.001 0.001 0.001 0.001 0.001 0.001 0.001 0.001 0.001 0.001 0.001 0.001 0.001 0.001 0.001 0.0001 0.0001 0.0001 0.0001 0.0001 0.0001 0.0001 0.0001 0.175 
Proportion of infected at cutoff : 0.0100
Proportion of susceptibles at cutoff : 0.9757
(37,0) : 1
(50,0) : 48
(49,0) : 23
(48,1) : 12
(8,0) : 31
(48,0) : 10
(5,0) : 35
(49,1) : 17
(7,0) : 24
(3,0) : 66
(16,0) : 9
(47,2) : 5
(15,0) : 9
(2,0) : 90
(45,2) : 1
(39,0) : 2
(12,1) : 1
(44,2) : 2
(14,0) : 10
(4,0) : 38
(47,0) : 3
(9,0) : 13
(11,0) : 18
(10,0) : 15
(47,1) : 5
(47,3) : 1
(46,1) : 2
(6,0) : 23
(44,4) : 1
(1,0) : 168
(4,1) : 2
(48,2) : 2
(20,0) : 3
(12,0) : 12
(6,1) : 4
(13,0) : 3
(28,3) : 1
(10,1) : 2
(30,0) : 2
(46,2) : 2
(37,2) : 1
(37,1) : 1
(38,0) : 1
(41,0) : 1
(26,0) : 1
(22,1) : 1
(13,1) : 3
(15,1) : 1
(2,1) : 2
(21,0) : 1
(19,0) : 2
(43,3) : 1
(7,1) : 1
(11,1) : 1
(0,1) : 4
(17,0) : 1
(0,0) : 3
(9,2) : 1
