pop size : 10000, betaG : 0.08500, lambdaH : 0.10000, lambdaW : 0.00100, gamma : 0.12500, Tmax : 150.00, threshold of infected : 0.010
0.37 0.32 0.13 0.12 0.04 0.02 
0.2192 0.12 0.08 0.06 0.05 0.045 0.04 0.035 0.03 0.02 0.02 0.02 0.015 0.015 0.015 0.015 0.001 0.001 0.001 0.001 0.001 0.001 0.001 0.001 0.001 0.001 0.001 0.001 0.001 0.001 0.001 0.001 0.001 0.001 0.001 0.001 0.001 0.001 0.001 0.001 0.001 0.0001 0.0001 0.0001 0.0001 0.0001 0.0001 0.0001 0.0001 0.175 
Proportion of infected at cutoff : 0.0100
Proportion of susceptibles at cutoff : 0.9806
(13,0) : 13
(50,0) : 61
(11,0) : 10
(9,1) : 3
(8,0) : 25
(10,0) : 14
(47,3) : 1
(5,0) : 36
(49,0) : 18
(2,0) : 105
(49,1) : 24
(12,0) : 13
(1,0) : 179
(46,1) : 1
(28,1) : 1
(4,0) : 42
(25,0) : 2
(13,1) : 3
(9,0) : 23
(48,1) : 5
(14,1) : 2
(33,1) : 1
(7,2) : 1
(44,4) : 1
(31,0) : 2
(12,1) : 3
(23,0) : 2
(37,2) : 1
(7,0) : 27
(48,0) : 10
(16,0) : 9
(43,2) : 1
(3,0) : 53
(6,0) : 31
(26,3) : 1
(47,2) : 1
(48,2) : 5
(10,2) : 1
(15,1) : 1
(14,0) : 8
(46,2) : 2
(27,0) : 2
(7,1) : 3
(43,4) : 1
(0,0) : 1
(15,0) : 8
(22,1) : 2
(45,1) : 1
(18,0) : 1
(30,1) : 1
(20,1) : 1
(5,1) : 2
(8,1) : 1
(33,0) : 1
(4,1) : 1
(3,1) : 1
(0,1) : 2
(10,1) : 1
(1,1) : 1
(2,1) : 1
