pop size : 10000, betaG : 0.08500, lambdaH : 0.10000, lambdaW : 0.00100, gamma : 0.12500, Tmax : 150.00, threshold of infected : 0.010
0.37 0.32 0.13 0.12 0.04 0.02 
0.2192 0.12 0.08 0.06 0.05 0.045 0.04 0.035 0.03 0.02 0.02 0.02 0.015 0.015 0.015 0.015 0.001 0.001 0.001 0.001 0.001 0.001 0.001 0.001 0.001 0.001 0.001 0.001 0.001 0.001 0.001 0.001 0.001 0.001 0.001 0.001 0.001 0.001 0.001 0.001 0.001 0.0001 0.0001 0.0001 0.0001 0.0001 0.0001 0.0001 0.0001 0.175 
Proportion of infected at cutoff : 0.0100
Proportion of susceptibles at cutoff : 0.9825
(48,1) : 7
(49,0) : 20
(49,1) : 21
(7,0) : 29
(48,0) : 3
(9,0) : 26
(6,0) : 27
(50,0) : 58
(47,2) : 2
(1,0) : 174
(2,0) : 102
(8,0) : 33
(36,1) : 1
(39,1) : 1
(10,0) : 13
(16,0) : 16
(31,1) : 1
(3,0) : 56
(47,1) : 1
(48,2) : 3
(32,0) : 3
(15,0) : 7
(47,3) : 3
(11,0) : 6
(47,0) : 2
(5,0) : 31
(12,0) : 13
(4,0) : 41
(23,0) : 1
(30,0) : 1
(24,0) : 2
(33,1) : 1
(44,4) : 1
(14,0) : 8
(37,0) : 3
(46,2) : 3
(13,0) : 10
(27,0) : 1
(39,0) : 2
(46,1) : 1
(12,1) : 5
(46,4) : 2
(10,1) : 2
(40,0) : 3
(44,1) : 1
(9,1) : 1
(11,1) : 1
(14,2) : 1
(3,2) : 1
(8,1) : 2
(4,1) : 2
(5,1) : 2
(18,1) : 1
(0,1) : 2
(13,1) : 1
(7,1) : 1
(2,1) : 2
(3,1) : 1
(1,1) : 1
