pop size : 10000, betaG : 0.08500, lambdaH : 0.10000, lambdaW : 0.00100, gamma : 0.12500, Tmax : 150.00, threshold of infected : 0.010
0.37 0.32 0.13 0.12 0.04 0.02 
0.2192 0.12 0.08 0.06 0.05 0.045 0.04 0.035 0.03 0.02 0.02 0.02 0.015 0.015 0.015 0.015 0.001 0.001 0.001 0.001 0.001 0.001 0.001 0.001 0.001 0.001 0.001 0.001 0.001 0.001 0.001 0.001 0.001 0.001 0.001 0.001 0.001 0.001 0.001 0.001 0.001 0.0001 0.0001 0.0001 0.0001 0.0001 0.0001 0.0001 0.0001 0.175 
Proportion of infected at cutoff : 0.0100
Proportion of susceptibles at cutoff : 0.9774
(10,0) : 11
(11,0) : 22
(16,2) : 1
(48,1) : 15
(7,0) : 31
(48,0) : 6
(49,0) : 27
(49,1) : 18
(15,0) : 16
(50,0) : 44
(8,0) : 27
(6,0) : 31
(47,1) : 4
(9,0) : 22
(47,2) : 2
(14,0) : 14
(48,2) : 6
(47,0) : 3
(5,0) : 31
(16,0) : 8
(13,0) : 10
(33,1) : 1
(6,1) : 3
(4,0) : 31
(1,0) : 168
(3,0) : 60
(17,0) : 2
(2,0) : 94
(31,0) : 1
(47,3) : 1
(39,0) : 2
(21,0) : 2
(20,0) : 1
(12,0) : 16
(27,0) : 1
(0,0) : 1
(5,1) : 2
(46,2) : 1
(29,0) : 1
(41,5) : 1
(8,1) : 2
(44,5) : 1
(1,1) : 6
(12,1) : 1
(2,1) : 2
(45,2) : 1
(15,1) : 1
(9,1) : 2
(39,1) : 1
(11,1) : 1
(22,0) : 1
(33,0) : 1
(19,0) : 1
(7,1) : 2
(3,1) : 2
(4,1) : 1
(0,1) : 1
