pop size : 10000, betaG : 0.08500, lambdaH : 0.10000, lambdaW : 0.00100, gamma : 0.12500, Tmax : 150.00, threshold of infected : 0.010
0.37 0.32 0.13 0.12 0.04 0.02 
0.2192 0.12 0.08 0.06 0.05 0.045 0.04 0.035 0.03 0.02 0.02 0.02 0.015 0.015 0.015 0.015 0.001 0.001 0.001 0.001 0.001 0.001 0.001 0.001 0.001 0.001 0.001 0.001 0.001 0.001 0.001 0.001 0.001 0.001 0.001 0.001 0.001 0.001 0.001 0.001 0.001 0.0001 0.0001 0.0001 0.0001 0.0001 0.0001 0.0001 0.0001 0.175 
Proportion of infected at cutoff : 0.0100
Proportion of susceptibles at cutoff : 0.9770
(46,1) : 6
(16,0) : 9
(50,0) : 57
(49,0) : 17
(12,0) : 8
(49,1) : 20
(46,3) : 3
(35,0) : 1
(47,2) : 3
(48,1) : 12
(13,0) : 5
(48,0) : 11
(10,0) : 19
(1,0) : 144
(46,2) : 3
(11,0) : 10
(5,0) : 34
(9,0) : 16
(37,0) : 1
(47,3) : 2
(15,0) : 10
(46,4) : 1
(40,0) : 2
(2,0) : 72
(48,2) : 3
(14,0) : 8
(36,0) : 1
(4,0) : 43
(3,0) : 51
(30,0) : 1
(7,0) : 31
(6,0) : 18
(12,1) : 1
(44,4) : 1
(26,2) : 1
(39,0) : 2
(8,0) : 23
(45,0) : 1
(44,1) : 1
(44,2) : 1
(15,1) : 1
(19,0) : 1
(17,0) : 1
(11,1) : 1
(18,0) : 1
(8,1) : 3
(28,0) : 1
(7,1) : 1
(0,0) : 2
(14,1) : 2
(9,1) : 2
(10,1) : 2
(4,1) : 1
(2,1) : 1
(1,1) : 1
