pop size : 10000, betaG : 0.08500, lambdaH : 0.10000, lambdaW : 0.00100, gamma : 0.12500, Tmax : 150.00, threshold of infected : 0.010
0.37 0.32 0.13 0.12 0.04 0.02 
0.2192 0.12 0.08 0.06 0.05 0.045 0.04 0.035 0.03 0.02 0.02 0.02 0.015 0.015 0.015 0.015 0.001 0.001 0.001 0.001 0.001 0.001 0.001 0.001 0.001 0.001 0.001 0.001 0.001 0.001 0.001 0.001 0.001 0.001 0.001 0.001 0.001 0.001 0.001 0.001 0.001 0.0001 0.0001 0.0001 0.0001 0.0001 0.0001 0.0001 0.0001 0.175 
Proportion of infected at cutoff : 0.0100
Proportion of susceptibles at cutoff : 0.9824
(12,0) : 21
(15,0) : 9
(50,0) : 72
(49,0) : 17
(12,1) : 3
(47,3) : 4
(4,0) : 42
(13,0) : 9
(14,0) : 8
(11,1) : 2
(6,0) : 23
(49,1) : 16
(48,2) : 5
(3,0) : 47
(5,0) : 42
(47,2) : 4
(8,0) : 20
(48,1) : 8
(39,1) : 1
(2,0) : 63
(11,0) : 12
(9,0) : 14
(13,1) : 1
(46,3) : 1
(10,1) : 2
(45,2) : 1
(46,1) : 1
(9,1) : 2
(16,0) : 4
(34,0) : 1
(7,0) : 25
(10,0) : 12
(32,0) : 2
(19,0) : 1
(1,0) : 125
(39,0) : 1
(45,0) : 3
(35,0) : 1
(20,0) : 1
(48,0) : 4
(45,1) : 1
(24,0) : 1
(45,5) : 1
(44,6) : 1
(21,0) : 2
(27,0) : 2
(36,0) : 1
(7,1) : 2
(33,1) : 1
(40,0) : 1
(20,1) : 1
(29,1) : 1
(1,1) : 4
(5,1) : 2
(0,1) : 3
(6,1) : 2
(23,0) : 1
(8,1) : 1
(0,0) : 1
