pop size : 10000, betaG : 0.08500, lambdaH : 0.10000, lambdaW : 0.00100, gamma : 0.12500, Tmax : 150.00, threshold of infected : 0.010
0.37 0.32 0.13 0.12 0.04 0.02 
0.2192 0.12 0.08 0.06 0.05 0.045 0.04 0.035 0.03 0.02 0.02 0.02 0.015 0.015 0.015 0.015 0.001 0.001 0.001 0.001 0.001 0.001 0.001 0.001 0.001 0.001 0.001 0.001 0.001 0.001 0.001 0.001 0.001 0.001 0.001 0.001 0.001 0.001 0.001 0.001 0.001 0.0001 0.0001 0.0001 0.0001 0.0001 0.0001 0.0001 0.0001 0.175 
Proportion of infected at cutoff : 0.0100
Proportion of susceptibles at cutoff : 0.9690
(48,2) : 5
(47,1) : 6
(46,1) : 2
(50,0) : 46
(48,1) : 14
(49,0) : 23
(49,1) : 8
(16,0) : 9
(6,0) : 32
(33,0) : 2
(1,0) : 179
(5,0) : 46
(46,0) : 2
(41,3) : 1
(14,0) : 15
(8,0) : 26
(39,0) : 1
(10,0) : 21
(42,1) : 1
(48,0) : 6
(23,0) : 1
(2,0) : 96
(4,0) : 37
(9,0) : 23
(30,0) : 1
(36,1) : 1
(46,3) : 3
(44,1) : 2
(3,0) : 49
(47,2) : 4
(15,0) : 10
(13,0) : 6
(43,3) : 1
(37,2) : 1
(6,1) : 2
(11,0) : 14
(7,0) : 29
(12,0) : 10
(28,0) : 1
(46,2) : 3
(38,0) : 1
(30,1) : 1
(4,1) : 1
(14,1) : 2
(47,0) : 2
(43,2) : 2
(24,2) : 1
(27,1) : 1
(17,0) : 1
(44,0) : 1
(45,3) : 1
(10,1) : 1
(0,1) : 1
(7,1) : 2
(8,1) : 2
(3,1) : 1
(4,2) : 1
(0,0) : 3
