pop size : 10000, betaG : 0.08500, lambdaH : 0.10000, lambdaW : 0.00100, gamma : 0.12500, Tmax : 150.00, threshold of infected : 0.010
0.37 0.32 0.13 0.12 0.04 0.02 
0.2192 0.12 0.08 0.06 0.05 0.045 0.04 0.035 0.03 0.02 0.02 0.02 0.015 0.015 0.015 0.015 0.001 0.001 0.001 0.001 0.001 0.001 0.001 0.001 0.001 0.001 0.001 0.001 0.001 0.001 0.001 0.001 0.001 0.001 0.001 0.001 0.001 0.001 0.001 0.001 0.001 0.0001 0.0001 0.0001 0.0001 0.0001 0.0001 0.0001 0.0001 0.175 
Proportion of infected at cutoff : 0.0100
Proportion of susceptibles at cutoff : 0.9772
(50,0) : 41
(1,0) : 164
(16,0) : 10
(48,1) : 12
(48,2) : 6
(10,0) : 18
(14,0) : 16
(49,0) : 26
(47,1) : 4
(8,1) : 2
(15,0) : 12
(26,0) : 1
(49,1) : 21
(6,0) : 35
(8,0) : 34
(36,1) : 1
(48,0) : 9
(43,1) : 1
(5,0) : 39
(3,0) : 56
(4,0) : 33
(11,0) : 10
(46,2) : 1
(45,2) : 1
(12,0) : 11
(45,0) : 1
(39,1) : 1
(28,0) : 1
(47,0) : 1
(9,0) : 22
(14,1) : 1
(44,0) : 1
(7,0) : 23
(45,1) : 1
(13,0) : 9
(42,5) : 1
(27,0) : 1
(13,2) : 2
(39,0) : 2
(47,2) : 2
(30,1) : 1
(27,2) : 1
(29,0) : 1
(20,0) : 2
(6,1) : 1
(23,4) : 1
(2,0) : 78
(37,0) : 1
(31,0) : 1
(31,1) : 1
(45,3) : 1
(30,0) : 1
(4,1) : 2
(11,1) : 1
(15,1) : 1
(2,1) : 1
(12,1) : 2
(10,1) : 1
(14,2) : 1
(17,0) : 1
(1,1) : 2
(0,1) : 2
(3,1) : 1
(0,0) : 1
