pop size : 10000, betaG : 0.08500, lambdaH : 0.10000, lambdaW : 0.00100, gamma : 0.12500, Tmax : 150.00, threshold of infected : 0.010
0.37 0.32 0.13 0.12 0.04 0.02 
0.2192 0.12 0.08 0.06 0.05 0.045 0.04 0.035 0.03 0.02 0.02 0.02 0.015 0.015 0.015 0.015 0.001 0.001 0.001 0.001 0.001 0.001 0.001 0.001 0.001 0.001 0.001 0.001 0.001 0.001 0.001 0.001 0.001 0.001 0.001 0.001 0.001 0.001 0.001 0.001 0.001 0.0001 0.0001 0.0001 0.0001 0.0001 0.0001 0.0001 0.0001 0.175 
Proportion of infected at cutoff : 0.0100
Proportion of susceptibles at cutoff : 0.9726
(48,0) : 14
(4,0) : 43
(50,0) : 35
(48,1) : 8
(46,1) : 2
(49,0) : 28
(3,0) : 64
(13,0) : 11
(7,0) : 28
(5,0) : 37
(27,0) : 3
(49,1) : 16
(27,1) : 2
(43,5) : 1
(18,0) : 1
(46,2) : 2
(41,1) : 1
(33,0) : 1
(12,0) : 8
(16,0) : 10
(6,0) : 31
(2,0) : 79
(47,1) : 6
(8,0) : 25
(15,1) : 1
(48,2) : 3
(24,0) : 1
(1,0) : 179
(37,0) : 1
(11,0) : 13
(44,3) : 1
(47,2) : 2
(22,0) : 1
(10,0) : 18
(45,1) : 1
(45,2) : 2
(47,0) : 2
(9,0) : 23
(21,0) : 1
(44,0) : 1
(6,2) : 1
(14,0) : 10
(35,0) : 2
(7,1) : 1
(31,0) : 1
(42,0) : 1
(43,0) : 2
(38,0) : 1
(45,4) : 1
(46,3) : 1
(20,0) : 2
(5,1) : 5
(13,1) : 3
(4,1) : 2
(12,1) : 1
(15,0) : 5
(12,2) : 1
(8,1) : 3
(42,1) : 1
(26,0) : 1
(33,1) : 1
(20,1) : 1
(29,1) : 1
(3,1) : 2
(23,0) : 1
(9,1) : 1
(0,1) : 3
(17,0) : 1
(6,1) : 1
(0,0) : 1
