pop size : 10000, betaG : 0.08500, lambdaH : 0.10000, lambdaW : 0.00100, gamma : 0.12500, Tmax : 150.00, threshold of infected : 0.010
0.37 0.32 0.13 0.12 0.04 0.02 
0.2192 0.12 0.08 0.06 0.05 0.045 0.04 0.035 0.03 0.02 0.02 0.02 0.015 0.015 0.015 0.015 0.001 0.001 0.001 0.001 0.001 0.001 0.001 0.001 0.001 0.001 0.001 0.001 0.001 0.001 0.001 0.001 0.001 0.001 0.001 0.001 0.001 0.001 0.001 0.001 0.001 0.0001 0.0001 0.0001 0.0001 0.0001 0.0001 0.0001 0.0001 0.175 
Proportion of infected at cutoff : 0.0100
Proportion of susceptibles at cutoff : 0.9684
(49,0) : 27
(50,0) : 33
(48,0) : 16
(2,0) : 95
(48,2) : 7
(48,1) : 12
(4,0) : 48
(7,0) : 39
(45,2) : 3
(47,2) : 4
(27,0) : 1
(6,0) : 33
(46,3) : 2
(8,0) : 25
(9,0) : 27
(39,1) : 1
(49,1) : 9
(1,0) : 141
(3,0) : 53
(29,1) : 1
(46,0) : 3
(9,1) : 2
(5,0) : 37
(12,0) : 14
(47,1) : 2
(32,0) : 2
(6,1) : 1
(22,0) : 2
(33,1) : 1
(45,1) : 1
(11,1) : 3
(33,0) : 1
(38,0) : 2
(19,0) : 1
(34,0) : 3
(7,1) : 3
(44,0) : 1
(45,0) : 2
(11,0) : 16
(10,0) : 9
(24,1) : 1
(26,0) : 1
(16,0) : 9
(14,0) : 7
(20,0) : 3
(5,1) : 2
(12,1) : 2
(43,2) : 1
(47,0) : 2
(42,4) : 1
(36,1) : 1
(45,3) : 1
(4,1) : 1
(29,0) : 2
(15,0) : 6
(46,2) : 1
(14,1) : 2
(13,0) : 4
(2,1) : 2
(46,1) : 1
(10,2) : 1
(15,1) : 1
(0,0) : 2
(1,1) : 3
(3,1) : 1
