pop size : 10000, betaG : 0.08500, lambdaH : 0.10000, lambdaW : 0.00100, gamma : 0.12500, Tmax : 150.00, threshold of infected : 0.010
0.37 0.32 0.13 0.12 0.04 0.02 
0.2192 0.12 0.08 0.06 0.05 0.045 0.04 0.035 0.03 0.02 0.02 0.02 0.015 0.015 0.015 0.015 0.001 0.001 0.001 0.001 0.001 0.001 0.001 0.001 0.001 0.001 0.001 0.001 0.001 0.001 0.001 0.001 0.001 0.001 0.001 0.001 0.001 0.001 0.001 0.001 0.001 0.0001 0.0001 0.0001 0.0001 0.0001 0.0001 0.0001 0.0001 0.175 
Proportion of infected at cutoff : 0.0100
Proportion of susceptibles at cutoff : 0.9782
(48,1) : 9
(49,0) : 20
(0,1) : 3
(49,1) : 20
(4,0) : 40
(50,0) : 53
(18,2) : 1
(8,0) : 25
(10,0) : 20
(46,1) : 1
(47,1) : 2
(23,0) : 1
(48,0) : 6
(46,3) : 2
(18,1) : 1
(48,2) : 4
(35,0) : 1
(5,0) : 36
(45,4) : 1
(9,0) : 22
(6,1) : 1
(40,0) : 1
(44,3) : 2
(11,0) : 14
(43,2) : 1
(32,0) : 1
(16,0) : 13
(14,0) : 12
(7,0) : 25
(15,0) : 13
(47,2) : 3
(1,0) : 166
(14,1) : 2
(13,0) : 7
(37,0) : 1
(41,0) : 1
(2,0) : 91
(22,0) : 1
(42,1) : 2
(6,0) : 24
(39,2) : 1
(3,0) : 64
(28,0) : 1
(45,1) : 2
(12,0) : 12
(7,1) : 2
(47,3) : 1
(46,2) : 1
(31,0) : 1
(33,0) : 1
(46,0) : 1
(38,0) : 1
(20,0) : 1
(3,1) : 1
(19,0) : 1
(5,1) : 1
(13,1) : 1
(9,1) : 1
(8,1) : 2
(10,1) : 2
(37,1) : 1
(13,3) : 1
(2,1) : 1
(1,1) : 1
(0,0) : 2
