pop size : 10000, betaG : 0.08500, lambdaH : 0.10000, lambdaW : 0.00100, gamma : 0.12500, Tmax : 150.00, threshold of infected : 0.010
0.37 0.32 0.13 0.12 0.04 0.02 
0.2192 0.12 0.08 0.06 0.05 0.045 0.04 0.035 0.03 0.02 0.02 0.02 0.015 0.015 0.015 0.015 0.001 0.001 0.001 0.001 0.001 0.001 0.001 0.001 0.001 0.001 0.001 0.001 0.001 0.001 0.001 0.001 0.001 0.001 0.001 0.001 0.001 0.001 0.001 0.001 0.001 0.0001 0.0001 0.0001 0.0001 0.0001 0.0001 0.0001 0.0001 0.175 
Proportion of infected at cutoff : 0.0100
Proportion of susceptibles at cutoff : 0.9763
(38,1) : 1
(50,0) : 49
(49,1) : 18
(47,2) : 3
(48,1) : 13
(37,1) : 1
(24,0) : 2
(6,0) : 29
(49,0) : 21
(48,0) : 11
(46,0) : 1
(3,1) : 2
(8,0) : 20
(15,0) : 9
(38,2) : 1
(10,0) : 12
(1,0) : 165
(13,0) : 5
(39,0) : 1
(14,0) : 8
(4,0) : 33
(7,0) : 29
(16,0) : 10
(34,0) : 2
(48,2) : 4
(11,0) : 16
(3,0) : 64
(2,0) : 72
(5,0) : 33
(8,1) : 1
(20,0) : 1
(47,1) : 5
(19,0) : 1
(30,0) : 1
(29,0) : 1
(5,2) : 1
(9,0) : 27
(14,1) : 2
(46,1) : 2
(17,0) : 3
(39,1) : 1
(28,1) : 1
(30,1) : 1
(21,0) : 1
(13,1) : 2
(47,3) : 2
(45,4) : 1
(11,1) : 3
(23,0) : 1
(45,0) : 1
(46,3) : 1
(47,0) : 2
(34,2) : 1
(12,1) : 1
(4,1) : 2
(6,1) : 4
(12,0) : 9
(10,1) : 1
(1,1) : 3
(6,2) : 1
(5,1) : 1
(0,0) : 3
