pop size : 10000, betaG : 0.08500, lambdaH : 0.10000, lambdaW : 0.00100, gamma : 0.12500, Tmax : 150.00, threshold of infected : 0.010
0.37 0.32 0.13 0.12 0.04 0.02 
0.2192 0.12 0.08 0.06 0.05 0.045 0.04 0.035 0.03 0.02 0.02 0.02 0.015 0.015 0.015 0.015 0.001 0.001 0.001 0.001 0.001 0.001 0.001 0.001 0.001 0.001 0.001 0.001 0.001 0.001 0.001 0.001 0.001 0.001 0.001 0.001 0.001 0.001 0.001 0.001 0.001 0.0001 0.0001 0.0001 0.0001 0.0001 0.0001 0.0001 0.0001 0.175 
Proportion of infected at cutoff : 0.0100
Proportion of susceptibles at cutoff : 0.9779
(48,1) : 9
(48,0) : 4
(10,1) : 2
(12,0) : 19
(50,0) : 45
(49,0) : 25
(5,0) : 35
(9,0) : 29
(46,1) : 1
(32,1) : 1
(47,0) : 2
(37,0) : 2
(10,0) : 18
(29,0) : 2
(27,1) : 1
(1,0) : 169
(46,2) : 1
(49,1) : 20
(42,0) : 1
(46,3) : 2
(6,0) : 31
(14,0) : 17
(8,0) : 22
(48,2) : 4
(14,1) : 2
(3,0) : 64
(43,3) : 1
(7,0) : 30
(13,0) : 8
(47,1) : 2
(16,0) : 8
(2,0) : 112
(46,0) : 1
(4,0) : 48
(47,2) : 2
(11,0) : 14
(34,1) : 1
(25,0) : 1
(45,2) : 2
(8,1) : 4
(28,1) : 1
(44,3) : 1
(34,0) : 1
(36,0) : 1
(40,1) : 1
(13,2) : 1
(33,0) : 1
(43,2) : 1
(15,0) : 8
(24,0) : 1
(46,4) : 1
(3,1) : 2
(22,0) : 1
(35,0) : 1
(2,1) : 3
(35,1) : 1
(6,1) : 2
(26,0) : 1
(11,1) : 1
(1,1) : 1
(4,1) : 2
(18,0) : 1
(7,1) : 2
(19,0) : 1
(0,1) : 3
(0,0) : 2
