pop size : 10000, betaG : 0.08500, lambdaH : 0.10000, lambdaW : 0.00100, gamma : 0.12500, Tmax : 150.00, threshold of infected : 0.010
0.37 0.32 0.13 0.12 0.04 0.02 
0.2192 0.12 0.08 0.06 0.05 0.045 0.04 0.035 0.03 0.02 0.02 0.02 0.015 0.015 0.015 0.015 0.001 0.001 0.001 0.001 0.001 0.001 0.001 0.001 0.001 0.001 0.001 0.001 0.001 0.001 0.001 0.001 0.001 0.001 0.001 0.001 0.001 0.001 0.001 0.001 0.001 0.0001 0.0001 0.0001 0.0001 0.0001 0.0001 0.0001 0.0001 0.175 
Proportion of infected at cutoff : 0.0100
Proportion of susceptibles at cutoff : 0.9779
(4,0) : 53
(47,2) : 2
(50,0) : 46
(49,0) : 33
(13,0) : 13
(48,1) : 8
(9,1) : 2
(14,0) : 16
(9,0) : 20
(5,0) : 45
(3,0) : 57
(35,0) : 1
(12,1) : 1
(21,0) : 1
(49,1) : 13
(46,2) : 3
(47,1) : 2
(8,0) : 25
(1,0) : 159
(15,0) : 10
(45,5) : 1
(36,0) : 1
(32,1) : 1
(48,2) : 6
(2,0) : 87
(46,3) : 3
(7,0) : 29
(6,0) : 31
(3,1) : 1
(16,0) : 8
(11,0) : 11
(6,1) : 1
(48,0) : 4
(12,0) : 15
(45,1) : 1
(47,3) : 1
(44,4) : 1
(39,2) : 2
(47,0) : 1
(32,0) : 1
(40,0) : 1
(24,0) : 1
(5,2) : 1
(4,1) : 2
(10,0) : 11
(43,2) : 1
(33,0) : 3
(36,1) : 1
(19,0) : 2
(29,0) : 1
(25,0) : 2
(46,1) : 1
(13,1) : 1
(31,0) : 1
(7,1) : 5
(37,0) : 1
(15,1) : 2
(30,1) : 1
(1,1) : 1
(2,1) : 2
(5,1) : 1
(0,1) : 2
(0,0) : 4
