pop size : 10000, betaG : 0.08500, lambdaH : 0.10000, lambdaW : 0.00100, gamma : 0.12500, Tmax : 150.00, threshold of infected : 0.010
0.37 0.32 0.13 0.12 0.04 0.02 
0.2192 0.12 0.08 0.06 0.05 0.045 0.04 0.035 0.03 0.02 0.02 0.02 0.015 0.015 0.015 0.015 0.001 0.001 0.001 0.001 0.001 0.001 0.001 0.001 0.001 0.001 0.001 0.001 0.001 0.001 0.001 0.001 0.001 0.001 0.001 0.001 0.001 0.001 0.001 0.001 0.001 0.0001 0.0001 0.0001 0.0001 0.0001 0.0001 0.0001 0.0001 0.175 
Proportion of infected at cutoff : 0.0100
Proportion of susceptibles at cutoff : 0.9729
(49,0) : 27
(46,1) : 2
(47,2) : 2
(48,1) : 18
(7,0) : 30
(3,0) : 64
(48,0) : 11
(49,1) : 15
(48,2) : 4
(50,0) : 37
(5,0) : 37
(43,4) : 1
(12,0) : 11
(4,0) : 43
(31,0) : 1
(46,0) : 3
(14,0) : 12
(13,0) : 12
(15,0) : 4
(47,3) : 2
(47,1) : 1
(9,0) : 16
(16,0) : 6
(10,0) : 15
(44,0) : 2
(1,0) : 152
(26,0) : 2
(6,0) : 29
(21,0) : 4
(8,0) : 20
(35,2) : 1
(11,0) : 17
(46,2) : 2
(2,0) : 87
(47,0) : 4
(24,1) : 1
(14,1) : 1
(16,1) : 1
(43,3) : 1
(19,0) : 1
(45,3) : 1
(22,2) : 1
(25,0) : 2
(44,3) : 1
(44,2) : 1
(12,1) : 1
(24,0) : 1
(6,1) : 3
(20,0) : 2
(38,2) : 1
(4,1) : 5
(3,1) : 1
(15,1) : 1
(43,1) : 1
(37,0) : 1
(19,1) : 1
(0,0) : 2
(13,1) : 2
(22,0) : 1
(5,1) : 1
(2,1) : 2
