pop size : 10000, betaG : 0.08500, lambdaH : 0.10000, lambdaW : 0.00100, gamma : 0.12500, Tmax : 150.00, threshold of infected : 0.010
0.37 0.32 0.13 0.12 0.04 0.02 
0.2192 0.12 0.08 0.06 0.05 0.045 0.04 0.035 0.03 0.02 0.02 0.02 0.015 0.015 0.015 0.015 0.001 0.001 0.001 0.001 0.001 0.001 0.001 0.001 0.001 0.001 0.001 0.001 0.001 0.001 0.001 0.001 0.001 0.001 0.001 0.001 0.001 0.001 0.001 0.001 0.001 0.0001 0.0001 0.0001 0.0001 0.0001 0.0001 0.0001 0.0001 0.175 
Proportion of infected at cutoff : 0.0100
Proportion of susceptibles at cutoff : 0.9756
(49,0) : 21
(11,0) : 10
(14,0) : 10
(46,0) : 2
(12,0) : 14
(49,1) : 17
(32,0) : 1
(24,0) : 2
(9,1) : 3
(16,0) : 6
(50,0) : 54
(47,1) : 3
(8,0) : 27
(9,0) : 15
(48,0) : 8
(31,0) : 1
(46,2) : 2
(5,0) : 45
(6,1) : 2
(21,0) : 2
(18,1) : 1
(47,0) : 2
(15,0) : 8
(48,2) : 5
(47,2) : 6
(44,0) : 1
(10,0) : 11
(7,0) : 15
(13,1) : 1
(48,1) : 10
(1,0) : 124
(29,0) : 2
(33,0) : 2
(14,1) : 2
(46,4) : 2
(3,0) : 51
(2,1) : 2
(4,0) : 37
(6,0) : 26
(46,1) : 1
(36,0) : 1
(46,3) : 1
(13,0) : 4
(26,0) : 2
(11,2) : 1
(2,0) : 82
(8,1) : 1
(45,1) : 1
(25,0) : 1
(43,0) : 1
(41,0) : 1
(23,0) : 1
(45,2) : 1
(16,2) : 1
(18,0) : 1
(47,3) : 2
(37,0) : 1
(11,1) : 1
(42,1) : 1
(3,1) : 2
(1,1) : 2
(5,1) : 1
(0,0) : 1
