pop size : 10000, betaG : 0.08500, lambdaH : 0.10000, lambdaW : 0.00100, gamma : 0.12500, Tmax : 150.00, threshold of infected : 0.010
0.37 0.32 0.13 0.12 0.04 0.02 
0.2192 0.12 0.08 0.06 0.05 0.045 0.04 0.035 0.03 0.02 0.02 0.02 0.015 0.015 0.015 0.015 0.001 0.001 0.001 0.001 0.001 0.001 0.001 0.001 0.001 0.001 0.001 0.001 0.001 0.001 0.001 0.001 0.001 0.001 0.001 0.001 0.001 0.001 0.001 0.001 0.001 0.0001 0.0001 0.0001 0.0001 0.0001 0.0001 0.0001 0.0001 0.175 
Proportion of infected at cutoff : 0.0100
Proportion of susceptibles at cutoff : 0.9757
(13,0) : 7
(48,2) : 6
(36,1) : 2
(50,0) : 56
(1,0) : 176
(46,2) : 1
(6,0) : 35
(46,4) : 1
(45,1) : 3
(47,0) : 3
(49,0) : 14
(49,1) : 20
(46,0) : 1
(11,0) : 15
(40,0) : 1
(48,0) : 6
(47,1) : 4
(44,4) : 2
(45,3) : 1
(48,1) : 11
(10,0) : 16
(9,0) : 23
(25,0) : 1
(29,0) : 2
(6,1) : 1
(3,0) : 55
(15,0) : 8
(14,1) : 1
(25,1) : 1
(37,0) : 1
(5,0) : 33
(24,0) : 1
(4,0) : 39
(11,1) : 2
(44,2) : 1
(8,0) : 28
(7,0) : 16
(12,0) : 13
(13,1) : 2
(14,0) : 11
(23,0) : 1
(36,0) : 2
(16,0) : 5
(27,0) : 1
(2,0) : 71
(0,1) : 1
(45,0) : 3
(40,1) : 1
(36,2) : 1
(22,0) : 2
(19,0) : 1
(14,2) : 1
(10,1) : 1
(43,7) : 1
(8,1) : 1
(5,1) : 1
(30,0) : 1
(26,1) : 1
(3,1) : 1
(15,1) : 1
(17,0) : 1
(7,1) : 1
(1,1) : 2
(0,0) : 2
