pop size : 10000, betaG : 0.08500, lambdaH : 0.10000, lambdaW : 0.00100, gamma : 0.12500, Tmax : 150.00, threshold of infected : 0.010
0.37 0.32 0.13 0.12 0.04 0.02 
0.2192 0.12 0.08 0.06 0.05 0.045 0.04 0.035 0.03 0.02 0.02 0.02 0.015 0.015 0.015 0.015 0.001 0.001 0.001 0.001 0.001 0.001 0.001 0.001 0.001 0.001 0.001 0.001 0.001 0.001 0.001 0.001 0.001 0.001 0.001 0.001 0.001 0.001 0.001 0.001 0.001 0.0001 0.0001 0.0001 0.0001 0.0001 0.0001 0.0001 0.0001 0.175 
Proportion of infected at cutoff : 0.0100
Proportion of susceptibles at cutoff : 0.9760
(16,0) : 11
(49,0) : 20
(48,2) : 7
(50,0) : 53
(5,0) : 31
(48,0) : 4
(2,0) : 88
(9,0) : 16
(49,1) : 20
(47,1) : 5
(7,0) : 25
(6,0) : 26
(17,0) : 1
(47,0) : 3
(4,0) : 53
(14,0) : 8
(46,0) : 2
(15,0) : 8
(48,1) : 10
(10,0) : 19
(35,0) : 1
(47,2) : 4
(44,2) : 1
(32,0) : 1
(8,0) : 16
(30,1) : 1
(41,1) : 1
(13,0) : 7
(43,2) : 1
(28,0) : 1
(20,0) : 2
(1,0) : 155
(3,0) : 59
(11,0) : 7
(21,1) : 2
(46,2) : 2
(45,0) : 1
(43,0) : 1
(22,0) : 1
(12,0) : 9
(47,3) : 2
(9,1) : 1
(23,0) : 1
(29,0) : 1
(35,1) : 1
(39,0) : 1
(8,1) : 2
(34,1) : 2
(23,1) : 1
(17,1) : 2
(15,1) : 2
(19,0) : 2
(7,1) : 2
(18,1) : 1
(5,1) : 1
(10,1) : 1
(32,1) : 1
(45,1) : 1
(0,1) : 4
(3,1) : 1
(0,0) : 3
(14,1) : 1
(1,1) : 1
