pop size : 10000, betaG : 0.08500, lambdaH : 0.10000, lambdaW : 0.00100, gamma : 0.12500, Tmax : 150.00, threshold of infected : 0.010
0.37 0.32 0.13 0.12 0.04 0.02 
0.2192 0.12 0.08 0.06 0.05 0.045 0.04 0.035 0.03 0.02 0.02 0.02 0.015 0.015 0.015 0.015 0.001 0.001 0.001 0.001 0.001 0.001 0.001 0.001 0.001 0.001 0.001 0.001 0.001 0.001 0.001 0.001 0.001 0.001 0.001 0.001 0.001 0.001 0.001 0.001 0.001 0.0001 0.0001 0.0001 0.0001 0.0001 0.0001 0.0001 0.0001 0.175 
Proportion of infected at cutoff : 0.0100
Proportion of susceptibles at cutoff : 0.9755
(46,3) : 3
(19,0) : 1
(49,0) : 25
(50,0) : 40
(49,1) : 16
(48,2) : 8
(4,0) : 40
(44,2) : 1
(3,0) : 60
(2,0) : 86
(34,0) : 2
(0,1) : 3
(48,1) : 10
(10,0) : 17
(11,0) : 12
(6,0) : 43
(8,0) : 24
(46,1) : 1
(9,0) : 21
(43,4) : 1
(47,1) : 6
(48,0) : 6
(47,3) : 1
(46,0) : 2
(7,0) : 25
(13,0) : 11
(4,1) : 1
(14,0) : 9
(5,0) : 35
(10,2) : 1
(45,3) : 1
(15,0) : 13
(12,0) : 22
(1,0) : 198
(33,0) : 1
(43,2) : 1
(11,1) : 2
(41,0) : 2
(16,0) : 6
(46,2) : 1
(6,1) : 2
(10,1) : 2
(47,0) : 3
(32,0) : 2
(25,0) : 1
(11,2) : 1
(38,0) : 1
(22,0) : 1
(24,0) : 2
(13,1) : 1
(31,0) : 1
(43,0) : 1
(47,2) : 1
(17,0) : 2
(7,2) : 1
(21,0) : 1
(8,1) : 1
(36,0) : 1
(5,1) : 2
(7,1) : 1
(2,1) : 2
(23,0) : 1
(39,0) : 1
(1,1) : 1
