pop size : 10000, betaG : 0.08500, lambdaH : 0.10000, lambdaW : 0.00100, gamma : 0.12500, Tmax : 150.00, threshold of infected : 0.010
0.37 0.32 0.13 0.12 0.04 0.02 
0.2192 0.12 0.08 0.06 0.05 0.045 0.04 0.035 0.03 0.02 0.02 0.02 0.015 0.015 0.015 0.015 0.001 0.001 0.001 0.001 0.001 0.001 0.001 0.001 0.001 0.001 0.001 0.001 0.001 0.001 0.001 0.001 0.001 0.001 0.001 0.001 0.001 0.001 0.001 0.001 0.001 0.0001 0.0001 0.0001 0.0001 0.0001 0.0001 0.0001 0.0001 0.175 
Proportion of infected at cutoff : 0.0100
Proportion of susceptibles at cutoff : 0.9785
(48,1) : 13
(6,0) : 41
(11,0) : 12
(7,0) : 24
(44,3) : 1
(50,0) : 50
(47,1) : 3
(9,0) : 27
(2,0) : 96
(4,0) : 39
(49,1) : 19
(47,2) : 5
(12,0) : 19
(5,0) : 36
(12,1) : 3
(27,0) : 1
(43,2) : 1
(46,2) : 1
(19,0) : 1
(48,2) : 4
(16,0) : 4
(3,0) : 68
(15,0) : 9
(33,0) : 3
(14,0) : 17
(49,0) : 19
(1,0) : 161
(48,0) : 7
(13,0) : 12
(45,0) : 1
(15,1) : 1
(6,1) : 2
(8,0) : 26
(40,1) : 1
(47,0) : 2
(22,0) : 1
(40,0) : 1
(2,2) : 1
(10,0) : 16
(26,0) : 3
(3,1) : 3
(16,1) : 1
(44,4) : 1
(14,1) : 2
(9,2) : 1
(19,2) : 1
(10,1) : 1
(38,0) : 2
(32,0) : 1
(8,1) : 1
(4,1) : 1
(11,1) : 1
(21,0) : 1
(22,1) : 1
(1,1) : 4
(33,1) : 1
(0,1) : 5
(9,1) : 1
(0,0) : 2
(7,1) : 1
