pop size : 10000, betaG : 0.08500, lambdaH : 0.10000, lambdaW : 0.00100, gamma : 0.12500, Tmax : 150.00, threshold of infected : 0.010
0.37 0.32 0.13 0.12 0.04 0.02 
0.2192 0.12 0.08 0.06 0.05 0.045 0.04 0.035 0.03 0.02 0.02 0.02 0.015 0.015 0.015 0.015 0.001 0.001 0.001 0.001 0.001 0.001 0.001 0.001 0.001 0.001 0.001 0.001 0.001 0.001 0.001 0.001 0.001 0.001 0.001 0.001 0.001 0.001 0.001 0.001 0.001 0.0001 0.0001 0.0001 0.0001 0.0001 0.0001 0.0001 0.0001 0.175 
Proportion of infected at cutoff : 0.0100
Proportion of susceptibles at cutoff : 0.9793
(48,2) : 5
(36,0) : 1
(50,0) : 49
(49,0) : 17
(49,1) : 24
(48,1) : 8
(9,0) : 24
(16,0) : 12
(48,0) : 13
(29,0) : 1
(19,0) : 1
(28,0) : 1
(2,0) : 79
(6,0) : 22
(25,0) : 1
(5,0) : 34
(14,0) : 12
(3,0) : 62
(1,0) : 175
(11,0) : 19
(15,1) : 1
(4,0) : 59
(10,1) : 3
(10,0) : 19
(45,3) : 3
(12,0) : 11
(4,1) : 4
(47,0) : 3
(7,0) : 31
(47,3) : 1
(8,0) : 23
(20,1) : 1
(35,0) : 1
(7,1) : 2
(6,1) : 3
(13,0) : 7
(47,1) : 3
(35,1) : 1
(40,0) : 1
(15,0) : 9
(11,1) : 3
(45,2) : 1
(47,2) : 1
(12,1) : 2
(27,0) : 1
(3,1) : 2
(29,2) : 1
(28,1) : 1
(46,3) : 1
(46,2) : 1
(31,0) : 1
(23,0) : 1
(33,1) : 1
(8,1) : 3
(17,0) : 1
(0,0) : 2
(2,1) : 3
(5,1) : 1
(1,1) : 1
