pop size : 10000, betaG : 0.08500, lambdaH : 0.10000, lambdaW : 0.00100, gamma : 0.12500, Tmax : 150.00, threshold of infected : 0.010
0.37 0.32 0.13 0.12 0.04 0.02 
0.2192 0.12 0.08 0.06 0.05 0.045 0.04 0.035 0.03 0.02 0.02 0.02 0.015 0.015 0.015 0.015 0.001 0.001 0.001 0.001 0.001 0.001 0.001 0.001 0.001 0.001 0.001 0.001 0.001 0.001 0.001 0.001 0.001 0.001 0.001 0.001 0.001 0.001 0.001 0.001 0.001 0.0001 0.0001 0.0001 0.0001 0.0001 0.0001 0.0001 0.0001 0.175 
Proportion of infected at cutoff : 0.0100
Proportion of susceptibles at cutoff : 0.9828
(48,1) : 9
(49,1) : 17
(48,2) : 6
(1,0) : 183
(50,0) : 70
(3,0) : 79
(2,0) : 105
(9,0) : 18
(4,0) : 63
(46,2) : 3
(49,0) : 5
(47,2) : 3
(17,0) : 2
(8,0) : 44
(10,0) : 15
(31,0) : 2
(7,0) : 33
(39,1) : 1
(45,4) : 1
(13,0) : 14
(5,0) : 37
(46,4) : 1
(14,0) : 9
(11,0) : 12
(44,0) : 1
(12,0) : 18
(23,0) : 1
(13,1) : 2
(35,0) : 1
(45,2) : 2
(45,1) : 1
(11,1) : 2
(41,0) : 1
(25,3) : 1
(47,0) : 1
(16,0) : 9
(22,0) : 1
(6,0) : 31
(19,0) : 1
(46,3) : 1
(47,3) : 1
(47,1) : 2
(30,0) : 1
(38,0) : 1
(48,0) : 3
(28,2) : 1
(15,0) : 4
(33,0) : 1
(29,0) : 1
(6,1) : 2
(4,1) : 2
(11,2) : 1
(12,1) : 2
(2,1) : 1
(0,0) : 2
(10,1) : 1
(5,1) : 1
(3,1) : 2
(4,2) : 1
(7,1) : 1
(0,1) : 3
