pop size : 10000, betaG : 0.08500, lambdaH : 0.10000, lambdaW : 0.00100, gamma : 0.12500, Tmax : 150.00, threshold of infected : 0.010
0.37 0.32 0.13 0.12 0.04 0.02 
0.2192 0.12 0.08 0.06 0.05 0.045 0.04 0.035 0.03 0.02 0.02 0.02 0.015 0.015 0.015 0.015 0.001 0.001 0.001 0.001 0.001 0.001 0.001 0.001 0.001 0.001 0.001 0.001 0.001 0.001 0.001 0.001 0.001 0.001 0.001 0.001 0.001 0.001 0.001 0.001 0.001 0.0001 0.0001 0.0001 0.0001 0.0001 0.0001 0.0001 0.0001 0.175 
Proportion of infected at cutoff : 0.0100
Proportion of susceptibles at cutoff : 0.9787
(49,1) : 18
(11,0) : 20
(50,0) : 54
(1,0) : 149
(47,1) : 6
(5,0) : 40
(49,0) : 22
(2,0) : 96
(13,0) : 14
(4,0) : 35
(45,2) : 1
(15,0) : 12
(12,0) : 12
(48,0) : 4
(14,0) : 7
(36,0) : 1
(47,2) : 1
(23,0) : 1
(47,3) : 2
(48,2) : 6
(7,0) : 29
(10,0) : 13
(13,1) : 4
(48,1) : 7
(6,0) : 28
(9,0) : 20
(3,0) : 56
(20,0) : 2
(16,0) : 11
(7,1) : 2
(47,0) : 5
(43,4) : 2
(46,1) : 2
(17,0) : 1
(8,0) : 22
(5,1) : 1
(41,0) : 1
(11,1) : 2
(12,1) : 1
(36,1) : 1
(34,1) : 1
(32,2) : 1
(25,0) : 2
(15,1) : 1
(28,0) : 2
(37,0) : 1
(8,1) : 3
(27,0) : 1
(33,0) : 1
(5,2) : 1
(20,1) : 2
(6,1) : 2
(4,1) : 2
(19,0) : 1
(2,1) : 1
(1,1) : 2
(9,1) : 1
(3,1) : 3
(10,1) : 1
(0,0) : 5
(0,1) : 1
(2,2) : 1
