pop size : 10000, betaG : 0.08500, lambdaH : 0.10000, lambdaW : 0.00100, gamma : 0.12500, Tmax : 150.00, threshold of infected : 0.010
0.37 0.32 0.13 0.12 0.04 0.02 
0.2192 0.12 0.08 0.06 0.05 0.045 0.04 0.035 0.03 0.02 0.02 0.02 0.015 0.015 0.015 0.015 0.001 0.001 0.001 0.001 0.001 0.001 0.001 0.001 0.001 0.001 0.001 0.001 0.001 0.001 0.001 0.001 0.001 0.001 0.001 0.001 0.001 0.001 0.001 0.001 0.001 0.0001 0.0001 0.0001 0.0001 0.0001 0.0001 0.0001 0.0001 0.175 
Proportion of infected at cutoff : 0.0100
Proportion of susceptibles at cutoff : 0.9827
(49,1) : 25
(50,0) : 59
(3,0) : 63
(49,0) : 19
(1,0) : 140
(4,0) : 52
(15,0) : 12
(48,0) : 3
(48,2) : 7
(18,0) : 2
(13,0) : 10
(8,0) : 35
(10,1) : 2
(46,3) : 1
(9,0) : 30
(48,1) : 5
(7,0) : 31
(6,0) : 22
(15,3) : 1
(2,0) : 86
(16,0) : 7
(47,3) : 3
(10,0) : 16
(12,0) : 17
(5,0) : 31
(34,0) : 1
(31,0) : 1
(39,0) : 2
(45,3) : 1
(14,0) : 14
(26,1) : 1
(47,1) : 1
(40,0) : 1
(47,2) : 3
(36,0) : 1
(45,2) : 1
(45,1) : 1
(11,0) : 8
(22,0) : 1
(26,0) : 1
(4,1) : 2
(0,1) : 3
(13,1) : 1
(15,1) : 2
(46,1) : 2
(20,1) : 1
(9,1) : 2
(36,2) : 1
(22,1) : 1
(20,0) : 1
(0,0) : 2
(3,1) : 2
(7,1) : 2
(1,1) : 2
(2,1) : 1
(6,1) : 1
(5,1) : 1
