pop size : 10000, betaG : 0.08500, lambdaH : 0.10000, lambdaW : 0.00100, gamma : 0.12500, Tmax : 150.00, threshold of infected : 0.010
0.37 0.32 0.13 0.12 0.04 0.02 
0.2192 0.12 0.08 0.06 0.05 0.045 0.04 0.035 0.03 0.02 0.02 0.02 0.015 0.015 0.015 0.015 0.001 0.001 0.001 0.001 0.001 0.001 0.001 0.001 0.001 0.001 0.001 0.001 0.001 0.001 0.001 0.001 0.001 0.001 0.001 0.001 0.001 0.001 0.001 0.001 0.001 0.0001 0.0001 0.0001 0.0001 0.0001 0.0001 0.0001 0.0001 0.175 
Proportion of infected at cutoff : 0.0100
Proportion of susceptibles at cutoff : 0.9727
(8,0) : 30
(6,0) : 31
(3,0) : 61
(49,0) : 26
(1,0) : 154
(13,0) : 8
(45,0) : 2
(39,0) : 3
(15,0) : 15
(50,0) : 40
(48,0) : 12
(47,1) : 4
(49,1) : 14
(12,0) : 6
(4,0) : 49
(45,1) : 2
(5,0) : 31
(10,0) : 17
(11,0) : 8
(36,0) : 2
(9,0) : 28
(31,1) : 1
(48,1) : 9
(29,0) : 1
(14,0) : 9
(47,2) : 2
(43,4) : 1
(9,1) : 1
(48,2) : 3
(21,1) : 1
(7,0) : 32
(46,2) : 2
(14,1) : 2
(33,1) : 1
(33,0) : 1
(16,0) : 6
(25,0) : 1
(4,1) : 2
(46,0) : 3
(47,0) : 2
(47,3) : 2
(46,1) : 2
(2,0) : 88
(45,4) : 1
(17,1) : 1
(28,1) : 1
(6,1) : 2
(24,2) : 1
(44,0) : 1
(12,1) : 1
(29,1) : 1
(24,0) : 1
(11,1) : 1
(17,0) : 1
(5,1) : 1
(45,5) : 1
(37,1) : 1
(13,1) : 1
(35,0) : 2
(31,0) : 1
(4,2) : 1
(5,2) : 1
(7,1) : 2
(15,1) : 2
(18,0) : 1
(2,1) : 1
(1,1) : 4
(0,0) : 4
(3,1) : 2
(0,1) : 1
