pop size : 10000, betaG : 0.08500, lambdaH : 0.10000, lambdaW : 0.00100, gamma : 0.12500, Tmax : 150.00, threshold of infected : 0.010
0.37 0.32 0.13 0.12 0.04 0.02 
0.2192 0.12 0.08 0.06 0.05 0.045 0.04 0.035 0.03 0.02 0.02 0.02 0.015 0.015 0.015 0.015 0.001 0.001 0.001 0.001 0.001 0.001 0.001 0.001 0.001 0.001 0.001 0.001 0.001 0.001 0.001 0.001 0.001 0.001 0.001 0.001 0.001 0.001 0.001 0.001 0.001 0.0001 0.0001 0.0001 0.0001 0.0001 0.0001 0.0001 0.0001 0.175 
Proportion of infected at cutoff : 0.0100
Proportion of susceptibles at cutoff : 0.9798
(50,0) : 59
(2,0) : 69
(16,0) : 8
(47,2) : 4
(1,0) : 160
(3,0) : 63
(5,0) : 35
(15,0) : 9
(7,0) : 17
(11,1) : 2
(49,1) : 20
(13,0) : 4
(49,0) : 18
(4,0) : 38
(48,1) : 10
(31,0) : 1
(8,0) : 20
(9,0) : 24
(32,0) : 1
(25,0) : 2
(14,1) : 2
(46,2) : 1
(12,0) : 17
(6,0) : 32
(47,3) : 2
(10,0) : 13
(43,3) : 1
(12,1) : 3
(24,2) : 1
(11,0) : 23
(48,2) : 6
(45,2) : 1
(23,1) : 1
(48,0) : 7
(43,2) : 1
(14,0) : 12
(33,0) : 2
(36,1) : 1
(17,0) : 2
(6,1) : 3
(13,1) : 1
(5,1) : 4
(4,1) : 2
(27,0) : 1
(21,0) : 2
(46,1) : 1
(46,3) : 1
(47,1) : 1
(37,0) : 1
(9,1) : 3
(3,1) : 1
(36,0) : 1
(19,1) : 1
(8,1) : 1
(30,0) : 1
(22,0) : 1
(1,1) : 1
(10,1) : 2
(0,0) : 1
