pop size : 10000, betaG : 0.08500, lambdaH : 0.10000, lambdaW : 0.00100, gamma : 0.12500, Tmax : 150.00, threshold of infected : 0.010
0.37 0.32 0.13 0.12 0.04 0.02 
0.2192 0.12 0.08 0.06 0.05 0.045 0.04 0.035 0.03 0.02 0.02 0.02 0.015 0.015 0.015 0.015 0.001 0.001 0.001 0.001 0.001 0.001 0.001 0.001 0.001 0.001 0.001 0.001 0.001 0.001 0.001 0.001 0.001 0.001 0.001 0.001 0.001 0.001 0.001 0.001 0.001 0.0001 0.0001 0.0001 0.0001 0.0001 0.0001 0.0001 0.0001 0.175 
Proportion of infected at cutoff : 0.0100
Proportion of susceptibles at cutoff : 0.9725
(48,0) : 14
(7,1) : 2
(49,0) : 27
(50,0) : 29
(11,0) : 10
(48,1) : 15
(13,0) : 17
(4,0) : 52
(11,1) : 5
(49,1) : 20
(47,0) : 5
(2,0) : 86
(9,0) : 18
(47,3) : 1
(6,0) : 35
(35,0) : 1
(47,1) : 2
(26,0) : 3
(1,0) : 145
(16,0) : 8
(41,0) : 1
(46,0) : 1
(3,0) : 56
(39,0) : 1
(8,0) : 17
(7,0) : 21
(24,0) : 3
(15,0) : 13
(45,2) : 1
(10,0) : 20
(48,2) : 3
(46,1) : 6
(46,4) : 1
(45,3) : 1
(14,0) : 10
(47,2) : 3
(10,1) : 2
(30,0) : 1
(17,0) : 1
(12,0) : 18
(21,0) : 2
(46,2) : 1
(13,3) : 1
(34,0) : 1
(5,0) : 19
(44,2) : 1
(40,0) : 1
(23,1) : 2
(27,0) : 1
(8,1) : 2
(9,1) : 1
(14,1) : 1
(2,1) : 2
(9,2) : 1
(3,1) : 1
(32,0) : 1
(13,1) : 1
(4,1) : 1
(5,1) : 2
(1,1) : 1
(0,1) : 1
(0,0) : 1
