pop size : 10000, betaG : 0.08500, lambdaH : 0.10000, lambdaW : 0.00100, gamma : 0.12500, Tmax : 150.00, threshold of infected : 0.010
0.37 0.32 0.13 0.12 0.04 0.02 
0.2192 0.12 0.08 0.06 0.05 0.045 0.04 0.035 0.03 0.02 0.02 0.02 0.015 0.015 0.015 0.015 0.001 0.001 0.001 0.001 0.001 0.001 0.001 0.001 0.001 0.001 0.001 0.001 0.001 0.001 0.001 0.001 0.001 0.001 0.001 0.001 0.001 0.001 0.001 0.001 0.001 0.0001 0.0001 0.0001 0.0001 0.0001 0.0001 0.0001 0.0001 0.175 
Proportion of infected at cutoff : 0.0100
Proportion of susceptibles at cutoff : 0.9758
(50,0) : 57
(44,2) : 1
(9,0) : 24
(49,1) : 19
(39,0) : 1
(48,0) : 7
(12,0) : 9
(10,0) : 18
(5,0) : 35
(29,1) : 1
(49,0) : 23
(47,3) : 3
(45,3) : 2
(47,2) : 3
(31,0) : 1
(7,0) : 23
(3,0) : 48
(48,1) : 7
(47,0) : 4
(4,0) : 38
(16,0) : 3
(15,0) : 11
(8,0) : 15
(1,0) : 137
(46,3) : 3
(48,2) : 4
(20,0) : 3
(2,0) : 77
(11,0) : 11
(6,0) : 36
(38,0) : 1
(12,1) : 3
(41,1) : 1
(32,0) : 2
(14,0) : 9
(13,0) : 6
(10,1) : 2
(45,0) : 1
(42,2) : 1
(42,0) : 1
(34,0) : 1
(34,1) : 1
(47,1) : 1
(2,1) : 4
(29,2) : 1
(37,0) : 2
(24,0) : 1
(46,1) : 1
(35,1) : 1
(0,0) : 5
(6,1) : 1
(22,0) : 1
(1,1) : 1
(11,1) : 1
(8,1) : 2
(28,0) : 1
(9,1) : 1
(5,1) : 2
(7,1) : 1
(4,1) : 3
(3,1) : 1
(0,1) : 2
