pop size : 10000, betaG : 0.08500, lambdaH : 0.10000, lambdaW : 0.00100, gamma : 0.12500, Tmax : 150.00, threshold of infected : 0.010
0.37 0.32 0.13 0.12 0.04 0.02 
0.2192 0.12 0.08 0.06 0.05 0.045 0.04 0.035 0.03 0.02 0.02 0.02 0.015 0.015 0.015 0.015 0.001 0.001 0.001 0.001 0.001 0.001 0.001 0.001 0.001 0.001 0.001 0.001 0.001 0.001 0.001 0.001 0.001 0.001 0.001 0.001 0.001 0.001 0.001 0.001 0.001 0.0001 0.0001 0.0001 0.0001 0.0001 0.0001 0.0001 0.0001 0.175 
Proportion of infected at cutoff : 0.0100
Proportion of susceptibles at cutoff : 0.9783
(9,0) : 16
(49,0) : 21
(5,0) : 38
(45,1) : 1
(45,4) : 1
(50,0) : 56
(48,2) : 7
(28,0) : 1
(48,1) : 10
(49,1) : 17
(46,4) : 1
(1,0) : 161
(3,0) : 62
(12,0) : 13
(39,0) : 1
(6,0) : 34
(2,0) : 90
(15,0) : 2
(38,1) : 1
(38,0) : 1
(47,2) : 5
(16,0) : 10
(25,1) : 1
(4,0) : 44
(47,1) : 2
(2,1) : 2
(8,0) : 20
(21,0) : 1
(10,0) : 8
(7,0) : 29
(48,0) : 8
(41,0) : 1
(31,1) : 1
(24,0) : 2
(45,0) : 1
(4,1) : 2
(45,2) : 1
(11,0) : 11
(13,0) : 9
(41,4) : 1
(46,2) : 1
(46,0) : 1
(34,0) : 1
(45,3) : 1
(21,1) : 1
(27,0) : 1
(14,0) : 8
(47,3) : 1
(47,0) : 2
(5,1) : 2
(19,0) : 2
(33,0) : 1
(25,0) : 1
(26,0) : 1
(32,0) : 1
(1,1) : 1
(3,1) : 3
(18,0) : 1
(9,1) : 2
(6,3) : 1
(15,1) : 1
(0,1) : 1
(0,0) : 3
(13,1) : 2
(7,1) : 1
