pop size : 10000, betaG : 0.08500, lambdaH : 0.10000, lambdaW : 0.00100, gamma : 0.12500, Tmax : 150.00, threshold of infected : 0.010
0.37 0.32 0.13 0.12 0.04 0.02 
0.2192 0.12 0.08 0.06 0.05 0.045 0.04 0.035 0.03 0.02 0.02 0.02 0.015 0.015 0.015 0.015 0.001 0.001 0.001 0.001 0.001 0.001 0.001 0.001 0.001 0.001 0.001 0.001 0.001 0.001 0.001 0.001 0.001 0.001 0.001 0.001 0.001 0.001 0.001 0.001 0.001 0.0001 0.0001 0.0001 0.0001 0.0001 0.0001 0.0001 0.0001 0.175 
Proportion of infected at cutoff : 0.0100
Proportion of susceptibles at cutoff : 0.9799
(50,0) : 53
(48,0) : 9
(30,0) : 1
(47,3) : 2
(4,0) : 39
(14,0) : 11
(10,0) : 18
(49,1) : 18
(23,0) : 2
(8,0) : 30
(11,0) : 20
(3,0) : 55
(48,2) : 9
(15,0) : 7
(45,2) : 1
(27,1) : 1
(49,0) : 18
(7,0) : 26
(35,0) : 3
(45,0) : 1
(6,0) : 31
(5,0) : 37
(13,0) : 11
(2,0) : 93
(16,0) : 8
(1,0) : 184
(46,1) : 1
(5,1) : 1
(48,1) : 8
(42,1) : 1
(19,0) : 1
(47,2) : 4
(33,0) : 1
(47,1) : 3
(9,0) : 16
(46,2) : 2
(18,0) : 1
(11,1) : 2
(26,0) : 1
(46,0) : 1
(12,0) : 4
(25,0) : 2
(21,0) : 2
(38,0) : 1
(3,1) : 1
(8,1) : 4
(6,1) : 2
(28,0) : 1
(34,1) : 2
(10,1) : 1
(17,0) : 1
(5,2) : 1
(7,1) : 1
(13,1) : 3
(31,0) : 1
(2,1) : 5
(36,2) : 1
(15,1) : 1
(14,1) : 1
(4,1) : 1
(0,0) : 1
(0,1) : 1
