pop size : 10000, betaG : 0.08500, lambdaH : 0.10000, lambdaW : 0.00100, gamma : 0.12500, Tmax : 150.00, threshold of infected : 0.010
0.37 0.32 0.13 0.12 0.04 0.02 
0.2192 0.12 0.08 0.06 0.05 0.045 0.04 0.035 0.03 0.02 0.02 0.02 0.015 0.015 0.015 0.015 0.001 0.001 0.001 0.001 0.001 0.001 0.001 0.001 0.001 0.001 0.001 0.001 0.001 0.001 0.001 0.001 0.001 0.001 0.001 0.001 0.001 0.001 0.001 0.001 0.001 0.0001 0.0001 0.0001 0.0001 0.0001 0.0001 0.0001 0.0001 0.175 
Proportion of infected at cutoff : 0.0100
Proportion of susceptibles at cutoff : 0.9788
(50,0) : 57
(47,1) : 5
(3,0) : 57
(44,1) : 1
(49,1) : 26
(16,0) : 8
(48,2) : 6
(33,0) : 1
(49,0) : 19
(15,0) : 7
(47,2) : 5
(8,0) : 24
(13,0) : 12
(4,0) : 48
(46,1) : 1
(23,0) : 3
(48,0) : 5
(48,1) : 4
(46,0) : 1
(5,0) : 40
(1,0) : 144
(7,0) : 17
(44,3) : 1
(14,0) : 12
(10,0) : 12
(38,0) : 1
(12,1) : 4
(11,0) : 14
(32,0) : 2
(37,0) : 1
(2,0) : 91
(6,0) : 38
(12,0) : 13
(13,1) : 2
(5,1) : 4
(9,0) : 13
(47,3) : 2
(22,1) : 1
(47,0) : 1
(46,4) : 1
(14,1) : 1
(11,1) : 2
(20,0) : 1
(33,1) : 1
(18,2) : 1
(28,0) : 1
(44,4) : 1
(39,0) : 1
(19,1) : 1
(4,1) : 1
(8,1) : 1
(10,1) : 1
(19,0) : 1
(6,1) : 1
(3,1) : 1
(0,1) : 1
