pop size : 10000, betaG : 0.08500, lambdaH : 0.10000, lambdaW : 0.00100, gamma : 0.12500, Tmax : 150.00, threshold of infected : 0.010
0.37 0.32 0.13 0.12 0.04 0.02 
0.2192 0.12 0.08 0.06 0.05 0.045 0.04 0.035 0.03 0.02 0.02 0.02 0.015 0.015 0.015 0.015 0.001 0.001 0.001 0.001 0.001 0.001 0.001 0.001 0.001 0.001 0.001 0.001 0.001 0.001 0.001 0.001 0.001 0.001 0.001 0.001 0.001 0.001 0.001 0.001 0.001 0.0001 0.0001 0.0001 0.0001 0.0001 0.0001 0.0001 0.0001 0.175 
Proportion of infected at cutoff : 0.0100
Proportion of susceptibles at cutoff : 0.9733
(7,0) : 38
(10,0) : 8
(49,1) : 20
(49,0) : 23
(50,0) : 38
(48,1) : 7
(42,1) : 1
(11,0) : 15
(3,0) : 54
(48,0) : 15
(47,1) : 7
(9,0) : 24
(8,0) : 19
(28,0) : 2
(46,1) : 4
(44,3) : 1
(7,1) : 3
(4,0) : 45
(45,0) : 1
(15,1) : 1
(12,0) : 12
(13,0) : 9
(47,0) : 5
(1,0) : 182
(2,0) : 99
(6,0) : 39
(45,4) : 1
(5,0) : 32
(33,0) : 1
(47,2) : 3
(48,2) : 5
(9,1) : 3
(15,0) : 9
(16,0) : 8
(12,1) : 1
(14,0) : 10
(23,2) : 1
(31,0) : 1
(1,1) : 3
(46,2) : 1
(29,2) : 1
(30,1) : 1
(35,1) : 1
(26,0) : 1
(35,0) : 1
(20,0) : 1
(44,4) : 1
(14,1) : 1
(10,2) : 1
(36,1) : 1
(38,1) : 1
(8,1) : 2
(6,1) : 1
(42,0) : 1
(34,0) : 1
(4,1) : 3
(5,1) : 1
(0,0) : 1
(3,1) : 1
(2,1) : 2
