pop size : 10000, betaG : 0.08500, lambdaH : 0.10000, lambdaW : 0.00100, gamma : 0.12500, Tmax : 150.00, threshold of infected : 0.010
0.37 0.32 0.13 0.12 0.04 0.02 
0.2192 0.12 0.08 0.06 0.05 0.045 0.04 0.035 0.03 0.02 0.02 0.02 0.015 0.015 0.015 0.015 0.001 0.001 0.001 0.001 0.001 0.001 0.001 0.001 0.001 0.001 0.001 0.001 0.001 0.001 0.001 0.001 0.001 0.001 0.001 0.001 0.001 0.001 0.001 0.001 0.001 0.0001 0.0001 0.0001 0.0001 0.0001 0.0001 0.0001 0.0001 0.175 
Proportion of infected at cutoff : 0.0100
Proportion of susceptibles at cutoff : 0.9764
(10,0) : 9
(50,0) : 35
(49,1) : 27
(47,1) : 3
(48,0) : 7
(4,0) : 33
(6,0) : 35
(49,0) : 30
(46,1) : 3
(48,1) : 9
(29,1) : 1
(15,0) : 10
(25,0) : 3
(9,0) : 25
(47,2) : 3
(12,0) : 14
(8,0) : 27
(1,0) : 180
(8,1) : 2
(5,0) : 45
(10,1) : 3
(40,2) : 1
(3,0) : 63
(6,1) : 4
(2,0) : 89
(45,3) : 1
(16,0) : 7
(48,2) : 4
(47,3) : 1
(46,3) : 1
(13,0) : 11
(9,1) : 3
(11,0) : 13
(14,0) : 14
(46,0) : 1
(44,1) : 1
(7,1) : 1
(7,0) : 38
(45,1) : 2
(27,0) : 1
(47,0) : 3
(46,2) : 1
(29,0) : 1
(38,0) : 1
(2,2) : 1
(44,4) : 1
(28,0) : 1
(5,1) : 2
(24,0) : 1
(40,0) : 1
(14,1) : 1
(4,1) : 1
(3,1) : 1
(0,1) : 2
(2,1) : 1
