pop size : 10000, betaG : 0.08500, lambdaH : 0.10000, lambdaW : 0.00100, gamma : 0.12500, Tmax : 150.00, threshold of infected : 0.010
0.37 0.32 0.13 0.12 0.04 0.02 
0.2192 0.12 0.08 0.06 0.05 0.045 0.04 0.035 0.03 0.02 0.02 0.02 0.015 0.015 0.015 0.015 0.001 0.001 0.001 0.001 0.001 0.001 0.001 0.001 0.001 0.001 0.001 0.001 0.001 0.001 0.001 0.001 0.001 0.001 0.001 0.001 0.001 0.001 0.001 0.001 0.001 0.0001 0.0001 0.0001 0.0001 0.0001 0.0001 0.0001 0.0001 0.175 
Proportion of infected at cutoff : 0.0100
Proportion of susceptibles at cutoff : 0.9795
(48,2) : 11
(50,0) : 54
(10,0) : 11
(15,0) : 8
(8,0) : 23
(47,0) : 2
(3,0) : 54
(16,0) : 9
(18,0) : 1
(1,0) : 161
(48,1) : 8
(7,0) : 17
(49,0) : 24
(48,0) : 5
(43,0) : 1
(6,0) : 33
(12,0) : 8
(49,1) : 14
(47,1) : 3
(46,2) : 2
(14,0) : 11
(12,1) : 3
(2,0) : 94
(13,0) : 11
(47,2) : 2
(9,0) : 20
(11,0) : 17
(4,0) : 42
(6,1) : 3
(5,0) : 27
(46,3) : 2
(44,1) : 1
(26,0) : 2
(17,0) : 1
(39,1) : 1
(45,1) : 2
(14,1) : 2
(45,3) : 1
(40,0) : 1
(35,0) : 3
(10,1) : 2
(27,0) : 1
(0,0) : 1
(44,2) : 1
(36,0) : 3
(22,0) : 2
(33,1) : 1
(33,0) : 1
(25,0) : 1
(42,4) : 1
(40,1) : 1
(11,1) : 3
(15,1) : 1
(45,2) : 1
(8,1) : 2
(7,1) : 2
(3,1) : 1
(1,1) : 2
(0,1) : 1
