pop size : 10000, betaG : 0.08500, lambdaH : 0.10000, lambdaW : 0.00100, gamma : 0.12500, Tmax : 150.00, threshold of infected : 0.010
0.37 0.32 0.13 0.12 0.04 0.02 
0.2192 0.12 0.08 0.06 0.05 0.045 0.04 0.035 0.03 0.02 0.02 0.02 0.015 0.015 0.015 0.015 0.001 0.001 0.001 0.001 0.001 0.001 0.001 0.001 0.001 0.001 0.001 0.001 0.001 0.001 0.001 0.001 0.001 0.001 0.001 0.001 0.001 0.001 0.001 0.001 0.001 0.0001 0.0001 0.0001 0.0001 0.0001 0.0001 0.0001 0.0001 0.175 
Proportion of infected at cutoff : 0.0100
Proportion of susceptibles at cutoff : 0.9733
(49,0) : 19
(49,1) : 18
(50,0) : 46
(47,0) : 7
(45,1) : 1
(24,1) : 1
(7,0) : 22
(46,1) : 4
(44,2) : 1
(48,1) : 15
(47,1) : 6
(3,0) : 54
(5,0) : 39
(19,0) : 2
(4,0) : 45
(46,0) : 3
(1,0) : 140
(39,0) : 1
(47,3) : 2
(37,0) : 1
(2,0) : 65
(12,0) : 12
(13,1) : 2
(20,0) : 1
(8,0) : 21
(6,0) : 29
(13,0) : 9
(45,3) : 2
(48,2) : 3
(48,0) : 8
(10,0) : 11
(47,2) : 2
(1,1) : 1
(11,0) : 12
(46,2) : 1
(9,0) : 19
(32,0) : 1
(15,0) : 8
(21,0) : 1
(14,0) : 6
(12,1) : 3
(16,0) : 4
(22,0) : 1
(34,1) : 3
(42,3) : 1
(38,0) : 1
(18,0) : 1
(30,0) : 1
(3,1) : 3
(24,0) : 1
(42,0) : 1
(10,1) : 2
(27,0) : 1
(11,1) : 2
(31,0) : 1
(36,0) : 1
(8,1) : 2
(6,1) : 3
(0,0) : 1
(2,1) : 3
(4,1) : 1
(0,1) : 1
