pop size : 10000, betaG : 0.08500, lambdaH : 0.10000, lambdaW : 0.00100, gamma : 0.12500, Tmax : 150.00, threshold of infected : 0.010
0.37 0.32 0.13 0.12 0.04 0.02 
0.2192 0.12 0.08 0.06 0.05 0.045 0.04 0.035 0.03 0.02 0.02 0.02 0.015 0.015 0.015 0.015 0.001 0.001 0.001 0.001 0.001 0.001 0.001 0.001 0.001 0.001 0.001 0.001 0.001 0.001 0.001 0.001 0.001 0.001 0.001 0.001 0.001 0.001 0.001 0.001 0.001 0.0001 0.0001 0.0001 0.0001 0.0001 0.0001 0.0001 0.0001 0.175 
Proportion of infected at cutoff : 0.0100
Proportion of susceptibles at cutoff : 0.9773
(45,4) : 2
(50,0) : 47
(49,0) : 18
(6,0) : 37
(15,0) : 19
(2,0) : 89
(47,1) : 3
(16,0) : 14
(49,1) : 19
(48,0) : 10
(8,0) : 24
(14,0) : 9
(48,1) : 6
(4,0) : 45
(12,0) : 21
(3,0) : 59
(47,2) : 6
(10,1) : 3
(14,1) : 3
(11,0) : 13
(30,0) : 2
(29,2) : 1
(20,0) : 1
(19,1) : 1
(1,0) : 161
(43,5) : 1
(5,0) : 27
(13,0) : 8
(10,0) : 18
(9,0) : 15
(47,3) : 2
(27,0) : 1
(44,1) : 1
(48,2) : 4
(19,2) : 1
(36,0) : 1
(46,2) : 2
(15,1) : 2
(40,1) : 1
(7,0) : 38
(22,0) : 2
(45,0) : 1
(19,0) : 1
(46,3) : 1
(43,1) : 1
(11,1) : 1
(0,0) : 4
(32,0) : 1
(34,0) : 3
(7,1) : 1
(17,0) : 1
(25,0) : 2
(47,0) : 1
(24,0) : 1
(5,1) : 1
(16,1) : 1
(4,1) : 2
(12,1) : 1
(18,0) : 1
(6,2) : 1
(0,1) : 1
