pop size : 10000, betaG : 0.08500, lambdaH : 0.10000, lambdaW : 0.00100, gamma : 0.12500, Tmax : 150.00, threshold of infected : 0.010
0.37 0.32 0.13 0.12 0.04 0.02 
0.2192 0.12 0.08 0.06 0.05 0.045 0.04 0.035 0.03 0.02 0.02 0.02 0.015 0.015 0.015 0.015 0.001 0.001 0.001 0.001 0.001 0.001 0.001 0.001 0.001 0.001 0.001 0.001 0.001 0.001 0.001 0.001 0.001 0.001 0.001 0.001 0.001 0.001 0.001 0.001 0.001 0.0001 0.0001 0.0001 0.0001 0.0001 0.0001 0.0001 0.0001 0.175 
Proportion of infected at cutoff : 0.0100
Proportion of susceptibles at cutoff : 0.9800
(49,0) : 18
(5,0) : 35
(49,1) : 24
(50,0) : 54
(39,0) : 1
(46,0) : 2
(48,1) : 12
(12,1) : 3
(11,0) : 9
(48,2) : 5
(30,1) : 1
(1,0) : 134
(47,3) : 1
(47,1) : 2
(14,0) : 8
(48,0) : 7
(16,0) : 13
(3,0) : 53
(46,2) : 5
(12,0) : 11
(27,0) : 1
(32,3) : 1
(6,0) : 37
(15,0) : 8
(8,0) : 29
(32,0) : 1
(10,0) : 9
(13,1) : 2
(36,0) : 1
(7,0) : 25
(38,0) : 1
(4,0) : 51
(9,0) : 17
(2,0) : 89
(45,3) : 1
(20,1) : 1
(23,1) : 1
(47,2) : 2
(25,1) : 1
(30,2) : 1
(41,0) : 1
(31,1) : 1
(24,0) : 1
(31,0) : 1
(32,1) : 1
(8,1) : 2
(13,0) : 7
(5,1) : 2
(11,2) : 1
(18,0) : 2
(9,1) : 1
(35,0) : 1
(19,0) : 1
(30,0) : 1
(14,1) : 2
(21,0) : 1
(28,0) : 1
(1,1) : 3
(2,1) : 1
(3,1) : 1
(0,1) : 2
(0,0) : 1
