pop size : 10000, betaG : 0.08500, lambdaH : 0.10000, lambdaW : 0.00100, gamma : 0.12500, Tmax : 150.00, threshold of infected : 0.010
0.37 0.32 0.13 0.12 0.04 0.02 
0.2192 0.12 0.08 0.06 0.05 0.045 0.04 0.035 0.03 0.02 0.02 0.02 0.015 0.015 0.015 0.015 0.001 0.001 0.001 0.001 0.001 0.001 0.001 0.001 0.001 0.001 0.001 0.001 0.001 0.001 0.001 0.001 0.001 0.001 0.001 0.001 0.001 0.001 0.001 0.001 0.001 0.0001 0.0001 0.0001 0.0001 0.0001 0.0001 0.0001 0.0001 0.175 
Proportion of infected at cutoff : 0.0100
Proportion of susceptibles at cutoff : 0.9702
(49,1) : 9
(47,2) : 4
(50,0) : 41
(48,2) : 3
(45,1) : 4
(46,1) : 2
(11,0) : 10
(49,0) : 29
(46,3) : 1
(15,0) : 4
(14,0) : 15
(10,0) : 11
(48,0) : 13
(5,0) : 32
(25,0) : 2
(3,0) : 50
(24,0) : 1
(12,0) : 15
(47,0) : 6
(44,1) : 1
(8,0) : 25
(9,0) : 27
(16,0) : 5
(7,0) : 34
(10,1) : 2
(47,1) : 4
(4,0) : 40
(44,5) : 1
(1,0) : 160
(45,2) : 2
(16,1) : 1
(6,0) : 22
(48,1) : 9
(31,0) : 2
(15,1) : 1
(47,3) : 2
(11,1) : 3
(36,1) : 2
(27,2) : 1
(2,0) : 96
(6,1) : 3
(41,1) : 1
(36,0) : 1
(34,0) : 1
(45,3) : 2
(46,0) : 2
(2,1) : 3
(13,1) : 1
(4,2) : 1
(13,0) : 4
(23,0) : 1
(27,1) : 1
(30,0) : 1
(40,0) : 1
(11,3) : 1
(20,0) : 1
(9,1) : 1
(3,1) : 2
(8,1) : 1
(32,0) : 1
(18,0) : 1
(14,1) : 1
(5,1) : 2
(0,0) : 3
(4,1) : 1
