pop size : 10000, betaG : 0.08500, lambdaH : 0.10000, lambdaW : 0.00100, gamma : 0.12500, Tmax : 150.00, threshold of infected : 0.010
0.37 0.32 0.13 0.12 0.04 0.02 
0.2192 0.12 0.08 0.06 0.05 0.045 0.04 0.035 0.03 0.02 0.02 0.02 0.015 0.015 0.015 0.015 0.001 0.001 0.001 0.001 0.001 0.001 0.001 0.001 0.001 0.001 0.001 0.001 0.001 0.001 0.001 0.001 0.001 0.001 0.001 0.001 0.001 0.001 0.001 0.001 0.001 0.0001 0.0001 0.0001 0.0001 0.0001 0.0001 0.0001 0.0001 0.175 
Proportion of infected at cutoff : 0.0100
Proportion of susceptibles at cutoff : 0.9754
(47,0) : 7
(49,0) : 26
(7,0) : 34
(49,1) : 16
(50,0) : 42
(16,0) : 6
(48,2) : 9
(2,0) : 84
(26,0) : 3
(10,1) : 1
(11,0) : 13
(8,1) : 2
(5,0) : 34
(15,0) : 16
(12,0) : 11
(4,0) : 51
(45,0) : 1
(48,1) : 8
(6,0) : 35
(8,0) : 30
(1,0) : 148
(29,0) : 1
(14,1) : 4
(46,2) : 2
(3,0) : 65
(10,0) : 15
(44,3) : 2
(32,0) : 1
(36,0) : 1
(31,1) : 1
(46,0) : 1
(44,1) : 1
(48,0) : 5
(45,2) : 2
(13,0) : 8
(38,0) : 2
(24,1) : 1
(35,0) : 1
(41,0) : 1
(28,0) : 1
(9,0) : 18
(14,0) : 9
(47,2) : 1
(12,1) : 2
(46,3) : 1
(22,0) : 2
(7,1) : 2
(6,1) : 1
(47,1) : 3
(22,1) : 1
(45,1) : 1
(30,0) : 1
(34,0) : 2
(38,1) : 1
(15,1) : 1
(0,1) : 5
(13,2) : 1
(5,1) : 4
(4,1) : 2
(3,1) : 1
(3,2) : 1
(1,1) : 1
