pop size : 10000, betaG : 0.08500, lambdaH : 0.10000, lambdaW : 0.00100, gamma : 0.12500, Tmax : 150.00, threshold of infected : 0.010
0.37 0.32 0.13 0.12 0.04 0.02 
0.2192 0.12 0.08 0.06 0.05 0.045 0.04 0.035 0.03 0.02 0.02 0.02 0.015 0.015 0.015 0.015 0.001 0.001 0.001 0.001 0.001 0.001 0.001 0.001 0.001 0.001 0.001 0.001 0.001 0.001 0.001 0.001 0.001 0.001 0.001 0.001 0.001 0.001 0.001 0.001 0.001 0.0001 0.0001 0.0001 0.0001 0.0001 0.0001 0.0001 0.0001 0.175 
Proportion of infected at cutoff : 0.0100
Proportion of susceptibles at cutoff : 0.9772
(47,3) : 2
(49,0) : 27
(50,0) : 45
(48,1) : 18
(1,0) : 157
(49,1) : 16
(6,0) : 29
(12,0) : 10
(16,0) : 4
(9,0) : 20
(47,2) : 2
(48,0) : 10
(14,0) : 10
(17,0) : 1
(8,0) : 22
(13,0) : 7
(47,1) : 2
(46,1) : 2
(41,0) : 1
(48,2) : 4
(27,1) : 1
(10,0) : 11
(3,0) : 63
(37,1) : 2
(2,0) : 68
(5,0) : 30
(2,1) : 1
(29,0) : 3
(46,2) : 3
(11,0) : 14
(19,0) : 2
(33,0) : 2
(4,0) : 38
(28,0) : 1
(46,3) : 2
(35,0) : 1
(7,0) : 21
(25,0) : 1
(45,5) : 1
(45,1) : 1
(31,0) : 1
(43,1) : 1
(15,0) : 10
(24,0) : 1
(39,0) : 1
(31,1) : 1
(27,0) : 2
(20,1) : 1
(39,1) : 1
(3,1) : 2
(18,0) : 1
(8,1) : 2
(34,0) : 1
(23,0) : 1
(15,1) : 2
(6,1) : 1
(7,1) : 2
(9,1) : 1
(10,1) : 1
(1,1) : 3
(5,1) : 1
(0,0) : 2
(0,1) : 3
