pop size : 10000, betaG : 0.08500, lambdaH : 0.10000, lambdaW : 0.00100, gamma : 0.12500, Tmax : 150.00, threshold of infected : 0.010
0.37 0.32 0.13 0.12 0.04 0.02 
0.2192 0.12 0.08 0.06 0.05 0.045 0.04 0.035 0.03 0.02 0.02 0.02 0.015 0.015 0.015 0.015 0.001 0.001 0.001 0.001 0.001 0.001 0.001 0.001 0.001 0.001 0.001 0.001 0.001 0.001 0.001 0.001 0.001 0.001 0.001 0.001 0.001 0.001 0.001 0.001 0.001 0.0001 0.0001 0.0001 0.0001 0.0001 0.0001 0.0001 0.0001 0.175 
Proportion of infected at cutoff : 0.0100
Proportion of susceptibles at cutoff : 0.9805
(5,0) : 47
(49,1) : 11
(2,0) : 106
(3,0) : 76
(6,0) : 44
(46,1) : 1
(50,0) : 58
(47,2) : 3
(8,0) : 36
(38,1) : 1
(10,0) : 17
(48,2) : 6
(4,0) : 44
(49,0) : 14
(46,3) : 2
(48,1) : 7
(47,3) : 2
(48,0) : 7
(11,0) : 18
(14,0) : 11
(31,0) : 1
(47,1) : 6
(28,1) : 1
(47,0) : 1
(15,1) : 1
(45,0) : 1
(13,0) : 8
(15,0) : 12
(1,0) : 156
(46,2) : 1
(16,0) : 10
(12,0) : 17
(9,0) : 18
(30,0) : 1
(19,0) : 1
(39,0) : 1
(7,0) : 21
(36,0) : 2
(28,0) : 1
(1,1) : 2
(34,2) : 1
(37,0) : 2
(8,2) : 1
(43,4) : 1
(42,5) : 1
(38,0) : 1
(34,0) : 1
(27,0) : 1
(14,1) : 2
(44,1) : 1
(4,1) : 2
(24,0) : 1
(27,1) : 1
(37,1) : 1
(6,2) : 1
(5,1) : 1
(8,1) : 1
(20,1) : 1
(13,1) : 1
(18,0) : 1
(2,1) : 3
(7,1) : 2
(12,1) : 1
(0,1) : 3
(10,1) : 1
(7,2) : 1
(0,0) : 1
