pop size : 10000, betaG : 0.08500, lambdaH : 0.10000, lambdaW : 0.00100, gamma : 0.12500, Tmax : 150.00, threshold of infected : 0.010
0.37 0.32 0.13 0.12 0.04 0.02 
0.2192 0.12 0.08 0.06 0.05 0.045 0.04 0.035 0.03 0.02 0.02 0.02 0.015 0.015 0.015 0.015 0.001 0.001 0.001 0.001 0.001 0.001 0.001 0.001 0.001 0.001 0.001 0.001 0.001 0.001 0.001 0.001 0.001 0.001 0.001 0.001 0.001 0.001 0.001 0.001 0.001 0.0001 0.0001 0.0001 0.0001 0.0001 0.0001 0.0001 0.0001 0.175 
Proportion of infected at cutoff : 0.0100
Proportion of susceptibles at cutoff : 0.9792
(50,0) : 55
(49,1) : 21
(49,0) : 23
(35,0) : 1
(12,0) : 13
(7,0) : 40
(2,0) : 83
(48,2) : 6
(48,0) : 4
(4,0) : 32
(15,0) : 14
(48,1) : 7
(1,0) : 179
(11,0) : 15
(10,0) : 14
(3,0) : 54
(37,1) : 1
(47,0) : 2
(41,4) : 1
(46,3) : 2
(5,0) : 35
(47,3) : 2
(34,0) : 1
(13,0) : 11
(47,2) : 3
(47,1) : 3
(8,0) : 22
(16,0) : 8
(28,0) : 1
(40,0) : 1
(46,2) : 1
(32,0) : 1
(27,0) : 2
(44,0) : 1
(39,0) : 2
(24,0) : 1
(6,0) : 27
(14,0) : 6
(9,0) : 12
(10,1) : 1
(5,1) : 3
(28,1) : 1
(8,2) : 1
(12,1) : 3
(23,0) : 1
(46,1) : 2
(30,2) : 1
(13,2) : 1
(31,0) : 1
(33,0) : 1
(13,1) : 2
(18,0) : 1
(3,1) : 2
(7,2) : 1
(25,0) : 1
(15,1) : 1
(6,1) : 1
(9,1) : 1
(1,1) : 2
(14,1) : 1
(4,1) : 1
(0,0) : 1
(2,1) : 1
(0,1) : 2
