pop size : 10000, betaG : 0.08500, lambdaH : 0.10000, lambdaW : 0.00100, gamma : 0.12500, Tmax : 150.00, threshold of infected : 0.010
0.37 0.32 0.13 0.12 0.04 0.02 
0.2192 0.12 0.08 0.06 0.05 0.045 0.04 0.035 0.03 0.02 0.02 0.02 0.015 0.015 0.015 0.015 0.001 0.001 0.001 0.001 0.001 0.001 0.001 0.001 0.001 0.001 0.001 0.001 0.001 0.001 0.001 0.001 0.001 0.001 0.001 0.001 0.001 0.001 0.001 0.001 0.001 0.0001 0.0001 0.0001 0.0001 0.0001 0.0001 0.0001 0.0001 0.175 
Proportion of infected at cutoff : 0.0100
Proportion of susceptibles at cutoff : 0.9779
(15,0) : 8
(6,0) : 28
(12,0) : 13
(48,0) : 9
(48,2) : 3
(49,1) : 21
(50,0) : 50
(39,0) : 1
(47,2) : 4
(49,0) : 21
(47,0) : 4
(16,0) : 9
(45,2) : 2
(48,1) : 7
(13,0) : 13
(11,0) : 11
(9,0) : 23
(18,0) : 2
(7,0) : 29
(47,3) : 2
(30,0) : 3
(40,0) : 2
(1,0) : 175
(4,0) : 36
(14,0) : 8
(37,1) : 1
(45,1) : 1
(5,0) : 44
(10,0) : 16
(3,0) : 53
(22,0) : 1
(46,2) : 1
(43,3) : 1
(8,0) : 21
(34,1) : 1
(2,0) : 102
(46,3) : 1
(29,0) : 1
(46,1) : 2
(43,4) : 1
(26,0) : 1
(12,1) : 2
(5,1) : 3
(9,1) : 1
(6,1) : 1
(34,4) : 1
(33,0) : 1
(10,1) : 1
(45,4) : 1
(33,1) : 1
(47,1) : 1
(14,1) : 1
(13,1) : 1
(36,1) : 1
(8,1) : 1
(3,1) : 1
(21,0) : 1
(9,2) : 1
(15,1) : 2
(7,1) : 1
(12,2) : 1
(0,0) : 1
(2,1) : 1
