pop size : 10000, betaG : 0.08500, lambdaH : 0.10000, lambdaW : 0.00100, gamma : 0.12500, Tmax : 150.00, threshold of infected : 0.010
0.37 0.32 0.13 0.12 0.04 0.02 
0.2192 0.12 0.08 0.06 0.05 0.045 0.04 0.035 0.03 0.02 0.02 0.02 0.015 0.015 0.015 0.015 0.001 0.001 0.001 0.001 0.001 0.001 0.001 0.001 0.001 0.001 0.001 0.001 0.001 0.001 0.001 0.001 0.001 0.001 0.001 0.001 0.001 0.001 0.001 0.001 0.001 0.0001 0.0001 0.0001 0.0001 0.0001 0.0001 0.0001 0.0001 0.175 
Proportion of infected at cutoff : 0.0100
Proportion of susceptibles at cutoff : 0.9770
(50,0) : 53
(47,0) : 2
(5,0) : 40
(49,0) : 19
(31,0) : 2
(2,0) : 92
(14,0) : 6
(4,0) : 40
(6,0) : 42
(32,1) : 1
(48,1) : 15
(1,0) : 186
(13,1) : 2
(28,1) : 1
(16,0) : 8
(21,1) : 1
(19,0) : 2
(49,1) : 15
(12,0) : 19
(31,1) : 1
(9,0) : 21
(43,5) : 1
(48,0) : 7
(3,0) : 61
(35,3) : 1
(13,0) : 7
(22,0) : 2
(11,0) : 13
(46,4) : 1
(45,0) : 1
(17,0) : 1
(44,2) : 1
(47,2) : 2
(48,2) : 2
(8,0) : 23
(18,0) : 1
(35,1) : 1
(10,0) : 9
(7,0) : 27
(45,4) : 2
(33,0) : 2
(46,1) : 2
(38,0) : 2
(15,0) : 12
(3,1) : 2
(43,0) : 1
(21,0) : 1
(9,1) : 3
(37,1) : 1
(30,0) : 2
(11,1) : 1
(33,1) : 1
(39,0) : 1
(25,0) : 1
(7,1) : 3
(27,0) : 1
(46,3) : 1
(4,1) : 2
(1,1) : 4
(8,1) : 2
(10,1) : 1
(28,0) : 1
(12,1) : 1
(15,1) : 1
(6,1) : 3
(33,2) : 1
(0,0) : 2
(14,1) : 1
