pop size : 10000, betaG : 0.08500, lambdaH : 0.10000, lambdaW : 0.00100, gamma : 0.12500, Tmax : 150.00, threshold of infected : 0.010
0.37 0.32 0.13 0.12 0.04 0.02 
0.2192 0.12 0.08 0.06 0.05 0.045 0.04 0.035 0.03 0.02 0.02 0.02 0.015 0.015 0.015 0.015 0.001 0.001 0.001 0.001 0.001 0.001 0.001 0.001 0.001 0.001 0.001 0.001 0.001 0.001 0.001 0.001 0.001 0.001 0.001 0.001 0.001 0.001 0.001 0.001 0.001 0.0001 0.0001 0.0001 0.0001 0.0001 0.0001 0.0001 0.0001 0.175 
Proportion of infected at cutoff : 0.0100
Proportion of susceptibles at cutoff : 0.9758
(11,0) : 16
(34,0) : 1
(6,0) : 34
(49,1) : 21
(15,0) : 13
(45,1) : 1
(45,5) : 1
(49,0) : 21
(47,3) : 2
(50,0) : 50
(14,0) : 16
(23,0) : 1
(4,0) : 37
(48,1) : 9
(32,1) : 1
(17,0) : 1
(1,0) : 142
(47,0) : 4
(46,4) : 2
(8,0) : 17
(48,0) : 5
(38,0) : 1
(39,0) : 2
(5,1) : 2
(5,0) : 34
(46,1) : 5
(3,0) : 45
(7,0) : 31
(16,0) : 5
(43,3) : 1
(9,0) : 13
(46,2) : 2
(40,0) : 1
(10,0) : 16
(48,2) : 2
(47,1) : 4
(6,1) : 2
(13,0) : 15
(2,0) : 83
(47,2) : 4
(38,1) : 1
(32,0) : 2
(45,4) : 1
(12,0) : 8
(15,1) : 1
(18,0) : 2
(14,1) : 1
(45,2) : 1
(35,0) : 1
(46,3) : 1
(27,0) : 1
(13,1) : 1
(2,1) : 2
(0,1) : 2
(0,0) : 3
