pop size : 10000, betaG : 0.08500, lambdaH : 0.10000, lambdaW : 0.00100, gamma : 0.12500, Tmax : 150.00, threshold of infected : 0.010
0.37 0.32 0.13 0.12 0.04 0.02 
0.2192 0.12 0.08 0.06 0.05 0.045 0.04 0.035 0.03 0.02 0.02 0.02 0.015 0.015 0.015 0.015 0.001 0.001 0.001 0.001 0.001 0.001 0.001 0.001 0.001 0.001 0.001 0.001 0.001 0.001 0.001 0.001 0.001 0.001 0.001 0.001 0.001 0.001 0.001 0.001 0.001 0.0001 0.0001 0.0001 0.0001 0.0001 0.0001 0.0001 0.0001 0.175 
Proportion of infected at cutoff : 0.0100
Proportion of susceptibles at cutoff : 0.9775
(15,0) : 9
(7,0) : 24
(5,1) : 5
(3,0) : 52
(36,0) : 1
(14,1) : 3
(48,2) : 5
(4,0) : 41
(48,1) : 9
(14,0) : 12
(49,1) : 20
(50,0) : 44
(4,1) : 2
(31,0) : 1
(46,2) : 3
(46,1) : 2
(16,0) : 13
(9,0) : 20
(8,0) : 29
(11,1) : 2
(48,0) : 6
(46,0) : 3
(49,0) : 28
(10,0) : 19
(47,2) : 3
(21,0) : 3
(47,1) : 2
(11,0) : 17
(6,0) : 24
(47,0) : 3
(41,0) : 2
(38,1) : 1
(2,0) : 87
(1,0) : 133
(5,0) : 34
(12,0) : 15
(13,0) : 5
(9,1) : 2
(46,3) : 1
(27,0) : 2
(26,0) : 1
(24,0) : 1
(11,2) : 1
(31,2) : 1
(7,1) : 2
(32,0) : 1
(0,0) : 2
(43,0) : 1
(0,1) : 3
(23,0) : 1
(47,3) : 1
(35,0) : 1
(13,1) : 2
(28,0) : 1
(10,2) : 1
(8,1) : 1
(13,3) : 1
(6,1) : 2
(4,2) : 1
(1,1) : 1
(10,1) : 1
(2,1) : 1
