pop size : 10000, betaG : 0.08500, lambdaH : 0.10000, lambdaW : 0.00100, gamma : 0.12500, Tmax : 150.00, threshold of infected : 0.010
0.37 0.32 0.13 0.12 0.04 0.02 
0.2192 0.12 0.08 0.06 0.05 0.045 0.04 0.035 0.03 0.02 0.02 0.02 0.015 0.015 0.015 0.015 0.001 0.001 0.001 0.001 0.001 0.001 0.001 0.001 0.001 0.001 0.001 0.001 0.001 0.001 0.001 0.001 0.001 0.001 0.001 0.001 0.001 0.001 0.001 0.001 0.001 0.0001 0.0001 0.0001 0.0001 0.0001 0.0001 0.0001 0.0001 0.175 
Proportion of infected at cutoff : 0.0100
Proportion of susceptibles at cutoff : 0.9805
(6,0) : 40
(50,0) : 56
(9,0) : 26
(48,0) : 4
(48,1) : 12
(49,0) : 19
(23,0) : 2
(47,2) : 4
(34,0) : 1
(47,0) : 2
(49,1) : 18
(3,0) : 56
(46,2) : 2
(7,0) : 27
(16,0) : 10
(8,0) : 23
(27,0) : 1
(47,1) : 2
(29,1) : 1
(31,0) : 1
(5,0) : 32
(13,1) : 1
(15,0) : 10
(14,0) : 8
(11,0) : 13
(14,1) : 2
(48,2) : 5
(1,0) : 152
(7,1) : 5
(39,1) : 1
(10,0) : 12
(12,0) : 10
(13,0) : 12
(38,1) : 2
(44,4) : 1
(26,1) : 1
(29,0) : 1
(4,0) : 38
(10,2) : 1
(45,1) : 1
(20,0) : 2
(38,0) : 2
(2,0) : 105
(8,2) : 1
(18,0) : 1
(37,0) : 1
(11,1) : 1
(39,0) : 1
(45,3) : 1
(6,1) : 2
(4,1) : 1
(47,3) : 1
(12,1) : 1
(10,1) : 2
(32,0) : 1
(40,0) : 1
(26,2) : 2
(26,0) : 1
(5,1) : 2
(15,1) : 1
(9,1) : 1
(1,1) : 1
(0,1) : 2
(0,0) : 1
