pop size : 10000, betaG : 0.08500, lambdaH : 0.10000, lambdaW : 0.00100, gamma : 0.12500, Tmax : 150.00, threshold of infected : 0.010
0.37 0.32 0.13 0.12 0.04 0.02 
0.2192 0.12 0.08 0.06 0.05 0.045 0.04 0.035 0.03 0.02 0.02 0.02 0.015 0.015 0.015 0.015 0.001 0.001 0.001 0.001 0.001 0.001 0.001 0.001 0.001 0.001 0.001 0.001 0.001 0.001 0.001 0.001 0.001 0.001 0.001 0.001 0.001 0.001 0.001 0.001 0.001 0.0001 0.0001 0.0001 0.0001 0.0001 0.0001 0.0001 0.0001 0.175 
Proportion of infected at cutoff : 0.0100
Proportion of susceptibles at cutoff : 0.9750
(7,0) : 24
(45,3) : 2
(49,0) : 24
(2,0) : 95
(48,0) : 11
(46,3) : 1
(15,0) : 12
(48,2) : 6
(50,0) : 44
(48,1) : 9
(11,0) : 11
(49,1) : 20
(14,0) : 11
(34,0) : 1
(43,0) : 1
(23,0) : 2
(47,0) : 1
(46,0) : 3
(1,0) : 157
(4,0) : 46
(38,0) : 1
(16,0) : 10
(47,3) : 2
(3,0) : 54
(28,0) : 1
(43,1) : 2
(46,1) : 1
(30,1) : 1
(15,1) : 1
(9,0) : 12
(30,0) : 1
(36,1) : 1
(27,1) : 1
(12,1) : 1
(46,2) : 1
(10,0) : 15
(34,1) : 1
(47,1) : 1
(26,0) : 1
(41,0) : 1
(38,1) : 1
(8,0) : 24
(24,0) : 2
(12,0) : 12
(13,0) : 9
(3,1) : 2
(5,0) : 32
(2,1) : 4
(11,1) : 2
(47,2) : 2
(17,0) : 1
(13,1) : 2
(43,2) : 1
(4,1) : 2
(19,0) : 1
(6,0) : 27
(32,0) : 1
(20,0) : 1
(46,4) : 1
(27,0) : 1
(24,1) : 1
(7,1) : 2
(0,0) : 3
(21,0) : 1
(35,2) : 1
(3,2) : 1
(5,1) : 1
(1,1) : 1
