pop size : 10000, betaG : 0.08500, lambdaH : 0.10000, lambdaW : 0.00100, gamma : 0.12500, Tmax : 150.00, threshold of infected : 0.010
0.37 0.32 0.13 0.12 0.04 0.02 
0.2192 0.12 0.08 0.06 0.05 0.045 0.04 0.035 0.03 0.02 0.02 0.02 0.015 0.015 0.015 0.015 0.001 0.001 0.001 0.001 0.001 0.001 0.001 0.001 0.001 0.001 0.001 0.001 0.001 0.001 0.001 0.001 0.001 0.001 0.001 0.001 0.001 0.001 0.001 0.001 0.001 0.0001 0.0001 0.0001 0.0001 0.0001 0.0001 0.0001 0.0001 0.175 
Proportion of infected at cutoff : 0.0100
Proportion of susceptibles at cutoff : 0.9819
(5,0) : 31
(50,0) : 62
(48,1) : 7
(15,0) : 10
(39,5) : 1
(45,2) : 1
(49,1) : 26
(12,0) : 16
(10,0) : 13
(4,0) : 40
(6,0) : 36
(46,2) : 2
(14,1) : 2
(3,0) : 44
(49,0) : 16
(8,0) : 25
(8,1) : 1
(48,2) : 7
(25,0) : 3
(1,0) : 161
(36,0) : 1
(11,0) : 15
(46,3) : 3
(14,0) : 9
(7,0) : 30
(37,1) : 1
(46,1) : 1
(9,0) : 25
(34,0) : 1
(37,0) : 1
(47,0) : 1
(46,4) : 1
(16,0) : 9
(26,0) : 1
(47,2) : 1
(47,1) : 4
(18,0) : 1
(13,0) : 7
(2,0) : 86
(48,0) : 3
(9,1) : 1
(30,0) : 2
(17,0) : 1
(11,1) : 2
(23,2) : 1
(12,2) : 1
(2,1) : 3
(10,1) : 1
(15,1) : 2
(32,0) : 1
(5,1) : 1
(1,1) : 3
(0,1) : 1
(0,0) : 1
