pop size : 10000, betaG : 0.08500, lambdaH : 0.10000, lambdaW : 0.00100, gamma : 0.12500, Tmax : 150.00, threshold of infected : 0.010
0.37 0.32 0.13 0.12 0.04 0.02 
0.2192 0.12 0.08 0.06 0.05 0.045 0.04 0.035 0.03 0.02 0.02 0.02 0.015 0.015 0.015 0.015 0.001 0.001 0.001 0.001 0.001 0.001 0.001 0.001 0.001 0.001 0.001 0.001 0.001 0.001 0.001 0.001 0.001 0.001 0.001 0.001 0.001 0.001 0.001 0.001 0.001 0.0001 0.0001 0.0001 0.0001 0.0001 0.0001 0.0001 0.0001 0.175 
Proportion of infected at cutoff : 0.0100
Proportion of susceptibles at cutoff : 0.9786
(50,0) : 53
(49,1) : 22
(49,0) : 24
(7,0) : 30
(9,0) : 18
(30,0) : 2
(6,0) : 35
(48,0) : 4
(11,0) : 6
(31,1) : 1
(15,0) : 13
(38,1) : 1
(48,2) : 6
(27,0) : 1
(47,2) : 1
(46,1) : 3
(3,0) : 46
(47,1) : 3
(20,0) : 1
(44,0) : 1
(14,0) : 8
(47,0) : 3
(5,0) : 31
(14,1) : 2
(48,1) : 8
(47,3) : 2
(4,0) : 42
(44,1) : 1
(2,0) : 88
(43,2) : 1
(12,0) : 13
(1,0) : 166
(8,0) : 23
(32,0) : 1
(13,0) : 11
(10,0) : 13
(15,1) : 1
(17,0) : 1
(29,1) : 1
(42,3) : 1
(12,1) : 1
(41,5) : 1
(13,1) : 1
(34,1) : 1
(16,0) : 7
(29,0) : 1
(33,0) : 1
(45,2) : 2
(11,1) : 1
(39,0) : 1
(6,1) : 2
(9,1) : 2
(0,0) : 2
(35,0) : 1
(4,1) : 3
(28,0) : 1
(20,1) : 1
(7,1) : 3
(39,1) : 1
(5,1) : 2
(3,1) : 1
(2,2) : 1
(0,1) : 1
(2,1) : 1
