pop size : 10000, betaG : 0.08500, lambdaH : 0.10000, lambdaW : 0.00100, gamma : 0.12500, Tmax : 150.00, threshold of infected : 0.010
0.37 0.32 0.13 0.12 0.04 0.02 
0.2192 0.12 0.08 0.06 0.05 0.045 0.04 0.035 0.03 0.02 0.02 0.02 0.015 0.015 0.015 0.015 0.001 0.001 0.001 0.001 0.001 0.001 0.001 0.001 0.001 0.001 0.001 0.001 0.001 0.001 0.001 0.001 0.001 0.001 0.001 0.001 0.001 0.001 0.001 0.001 0.001 0.0001 0.0001 0.0001 0.0001 0.0001 0.0001 0.0001 0.0001 0.175 
Proportion of infected at cutoff : 0.0100
Proportion of susceptibles at cutoff : 0.9835
(50,0) : 58
(9,0) : 24
(48,1) : 8
(22,0) : 3
(46,3) : 3
(49,1) : 20
(49,0) : 17
(17,0) : 4
(47,1) : 4
(48,0) : 3
(20,0) : 2
(8,0) : 17
(4,0) : 41
(25,0) : 2
(14,0) : 9
(33,0) : 1
(7,0) : 31
(28,0) : 1
(5,0) : 40
(21,0) : 1
(27,0) : 2
(6,1) : 2
(3,0) : 56
(48,2) : 6
(15,0) : 15
(46,4) : 2
(2,0) : 94
(45,2) : 1
(29,0) : 2
(1,0) : 167
(24,0) : 2
(23,0) : 1
(12,1) : 2
(44,3) : 1
(47,0) : 1
(7,1) : 2
(47,2) : 1
(11,0) : 11
(47,3) : 3
(10,0) : 12
(6,0) : 26
(34,1) : 1
(41,0) : 1
(12,0) : 11
(28,1) : 1
(13,0) : 11
(35,0) : 1
(38,0) : 1
(45,5) : 1
(31,2) : 1
(18,0) : 2
(15,1) : 1
(16,0) : 8
(3,1) : 1
(39,0) : 2
(13,1) : 1
(4,1) : 1
(8,1) : 1
(8,2) : 1
(1,1) : 1
