pop size : 10000, betaG : 0.08500, lambdaH : 0.10000, lambdaW : 0.00100, gamma : 0.12500, Tmax : 150.00, threshold of infected : 0.010
0.37 0.32 0.13 0.12 0.04 0.02 
0.2192 0.12 0.08 0.06 0.05 0.045 0.04 0.035 0.03 0.02 0.02 0.02 0.015 0.015 0.015 0.015 0.001 0.001 0.001 0.001 0.001 0.001 0.001 0.001 0.001 0.001 0.001 0.001 0.001 0.001 0.001 0.001 0.001 0.001 0.001 0.001 0.001 0.001 0.001 0.001 0.001 0.0001 0.0001 0.0001 0.0001 0.0001 0.0001 0.0001 0.0001 0.175 
Proportion of infected at cutoff : 0.0100
Proportion of susceptibles at cutoff : 0.9793
(48,1) : 10
(50,0) : 51
(49,0) : 19
(41,8) : 1
(45,2) : 2
(7,0) : 36
(49,1) : 20
(14,0) : 14
(35,0) : 1
(12,0) : 16
(33,1) : 1
(46,1) : 3
(3,0) : 41
(5,0) : 40
(46,2) : 2
(15,0) : 6
(48,2) : 9
(40,1) : 1
(4,0) : 41
(47,2) : 3
(9,0) : 13
(6,0) : 31
(48,0) : 5
(11,0) : 21
(43,1) : 1
(8,1) : 1
(21,0) : 2
(8,0) : 23
(2,0) : 86
(10,0) : 20
(46,3) : 1
(47,1) : 3
(1,0) : 168
(16,0) : 5
(15,1) : 2
(31,0) : 2
(47,0) : 2
(7,1) : 1
(36,1) : 1
(13,0) : 9
(34,0) : 1
(14,1) : 2
(26,0) : 1
(29,0) : 1
(27,1) : 1
(38,0) : 2
(18,0) : 2
(37,0) : 1
(19,0) : 1
(17,0) : 1
(6,1) : 2
(19,1) : 1
(10,1) : 1
(9,1) : 1
(3,1) : 2
(4,1) : 1
(0,1) : 2
(0,0) : 2
