pop size : 10000, betaG : 0.08500, lambdaH : 0.10000, lambdaW : 0.00100, gamma : 0.12500, Tmax : 150.00, threshold of infected : 0.010
0.37 0.32 0.13 0.12 0.04 0.02 
0.2192 0.12 0.08 0.06 0.05 0.045 0.04 0.035 0.03 0.02 0.02 0.02 0.015 0.015 0.015 0.015 0.001 0.001 0.001 0.001 0.001 0.001 0.001 0.001 0.001 0.001 0.001 0.001 0.001 0.001 0.001 0.001 0.001 0.001 0.001 0.001 0.001 0.001 0.001 0.001 0.001 0.0001 0.0001 0.0001 0.0001 0.0001 0.0001 0.0001 0.0001 0.175 
Proportion of infected at cutoff : 0.0100
Proportion of susceptibles at cutoff : 0.9675
(5,0) : 27
(48,1) : 11
(47,1) : 5
(47,0) : 13
(14,0) : 10
(50,0) : 40
(49,0) : 17
(6,0) : 28
(45,1) : 4
(46,2) : 1
(3,0) : 49
(49,1) : 11
(2,1) : 2
(48,0) : 11
(47,2) : 6
(44,3) : 1
(37,0) : 1
(11,0) : 19
(16,0) : 11
(13,0) : 7
(10,1) : 1
(43,1) : 1
(12,0) : 13
(9,0) : 26
(46,1) : 2
(46,0) : 4
(48,2) : 3
(46,3) : 2
(18,0) : 1
(7,0) : 25
(28,0) : 1
(35,0) : 3
(12,1) : 2
(26,0) : 3
(24,0) : 1
(8,0) : 27
(44,0) : 1
(4,0) : 39
(2,0) : 76
(21,0) : 1
(6,1) : 2
(24,1) : 1
(27,1) : 1
(41,3) : 1
(4,1) : 1
(10,0) : 10
(1,0) : 159
(15,0) : 9
(0,1) : 2
(45,2) : 1
(46,4) : 1
(5,1) : 2
(34,1) : 1
(11,1) : 1
(9,1) : 2
(3,1) : 2
(8,1) : 3
(14,1) : 3
(7,1) : 1
(1,1) : 1
(0,0) : 1
