pop size : 10000, betaG : 0.08500, lambdaH : 0.10000, lambdaW : 0.00100, gamma : 0.12500, Tmax : 150.00, threshold of infected : 0.010
0.37 0.32 0.13 0.12 0.04 0.02 
0.2192 0.12 0.08 0.06 0.05 0.045 0.04 0.035 0.03 0.02 0.02 0.02 0.015 0.015 0.015 0.015 0.001 0.001 0.001 0.001 0.001 0.001 0.001 0.001 0.001 0.001 0.001 0.001 0.001 0.001 0.001 0.001 0.001 0.001 0.001 0.001 0.001 0.001 0.001 0.001 0.001 0.0001 0.0001 0.0001 0.0001 0.0001 0.0001 0.0001 0.0001 0.175 
Proportion of infected at cutoff : 0.0100
Proportion of susceptibles at cutoff : 0.9759
(49,0) : 21
(6,0) : 36
(13,0) : 11
(50,0) : 51
(47,2) : 4
(8,0) : 28
(49,1) : 16
(22,0) : 2
(40,2) : 1
(21,0) : 1
(47,1) : 4
(14,0) : 11
(44,0) : 1
(15,1) : 3
(9,0) : 32
(48,1) : 7
(1,0) : 161
(46,2) : 1
(48,2) : 7
(15,0) : 7
(48,0) : 8
(5,0) : 33
(47,3) : 2
(16,0) : 10
(12,0) : 11
(47,0) : 6
(3,0) : 64
(10,0) : 12
(7,0) : 24
(35,1) : 1
(4,0) : 43
(40,5) : 1
(45,0) : 1
(2,0) : 86
(46,3) : 1
(5,1) : 3
(46,1) : 1
(30,0) : 1
(11,0) : 13
(35,0) : 1
(14,1) : 2
(31,0) : 1
(45,2) : 1
(44,4) : 1
(18,1) : 1
(7,1) : 2
(4,1) : 1
(12,1) : 2
(8,1) : 3
(13,1) : 2
(29,0) : 2
(6,1) : 3
(2,1) : 2
(3,1) : 1
(0,0) : 3
