pop size : 10000, betaG : 0.08500, lambdaH : 0.10000, lambdaW : 0.00100, gamma : 0.12500, Tmax : 150.00, threshold of infected : 0.010
0.37 0.32 0.13 0.12 0.04 0.02 
0.2192 0.12 0.08 0.06 0.05 0.045 0.04 0.035 0.03 0.02 0.02 0.02 0.015 0.015 0.015 0.015 0.001 0.001 0.001 0.001 0.001 0.001 0.001 0.001 0.001 0.001 0.001 0.001 0.001 0.001 0.001 0.001 0.001 0.001 0.001 0.001 0.001 0.001 0.001 0.001 0.001 0.0001 0.0001 0.0001 0.0001 0.0001 0.0001 0.0001 0.0001 0.175 
Proportion of infected at cutoff : 0.0100
Proportion of susceptibles at cutoff : 0.9786
(49,1) : 19
(49,0) : 25
(50,0) : 52
(47,2) : 3
(5,0) : 35
(48,0) : 10
(12,1) : 2
(1,0) : 165
(45,2) : 2
(4,1) : 2
(18,0) : 4
(12,0) : 16
(48,1) : 10
(11,0) : 16
(4,0) : 45
(9,1) : 4
(8,0) : 33
(38,0) : 2
(11,1) : 3
(15,0) : 8
(6,0) : 35
(2,0) : 82
(14,0) : 8
(48,2) : 4
(7,1) : 1
(44,3) : 1
(10,0) : 15
(47,0) : 1
(7,0) : 33
(16,0) : 13
(46,3) : 1
(9,0) : 16
(13,0) : 7
(45,3) : 1
(46,1) : 1
(28,0) : 2
(40,0) : 1
(10,1) : 3
(8,1) : 3
(33,0) : 1
(3,0) : 46
(14,1) : 2
(12,3) : 1
(44,2) : 1
(22,1) : 1
(3,1) : 2
(46,2) : 1
(1,1) : 1
(15,1) : 1
(23,0) : 1
(37,0) : 1
(2,1) : 4
(5,1) : 2
(6,1) : 1
(2,2) : 1
(0,1) : 2
(0,0) : 1
