pop size : 10000, betaG : 0.08500, lambdaH : 0.10000, lambdaW : 0.00100, gamma : 0.12500, Tmax : 150.00, threshold of infected : 0.010
0.37 0.32 0.13 0.12 0.04 0.02 
0.2192 0.12 0.08 0.06 0.05 0.045 0.04 0.035 0.03 0.02 0.02 0.02 0.015 0.015 0.015 0.015 0.001 0.001 0.001 0.001 0.001 0.001 0.001 0.001 0.001 0.001 0.001 0.001 0.001 0.001 0.001 0.001 0.001 0.001 0.001 0.001 0.001 0.001 0.001 0.001 0.001 0.0001 0.0001 0.0001 0.0001 0.0001 0.0001 0.0001 0.0001 0.175 
Proportion of infected at cutoff : 0.0100
Proportion of susceptibles at cutoff : 0.9791
(10,0) : 15
(39,0) : 1
(11,0) : 14
(50,0) : 55
(8,1) : 1
(3,0) : 61
(49,0) : 20
(40,0) : 1
(35,0) : 4
(9,0) : 24
(48,1) : 4
(14,0) : 9
(49,1) : 12
(15,0) : 18
(48,0) : 7
(44,4) : 1
(6,0) : 33
(48,2) : 8
(8,0) : 23
(37,1) : 1
(44,2) : 2
(47,1) : 4
(1,0) : 182
(28,0) : 1
(46,3) : 1
(2,0) : 102
(22,0) : 2
(43,3) : 1
(7,0) : 24
(16,0) : 11
(33,0) : 1
(12,0) : 12
(36,2) : 1
(13,0) : 14
(45,0) : 1
(4,0) : 51
(46,0) : 1
(4,1) : 4
(5,0) : 35
(38,1) : 1
(14,1) : 2
(20,0) : 1
(47,0) : 1
(31,1) : 1
(45,2) : 1
(47,2) : 1
(37,0) : 1
(21,0) : 1
(6,2) : 1
(15,1) : 1
(7,1) : 2
(3,1) : 2
(47,3) : 1
(36,1) : 2
(18,1) : 1
(25,1) : 1
(26,0) : 1
(33,2) : 1
(13,1) : 2
(12,1) : 1
(25,3) : 1
(10,2) : 1
(0,1) : 3
(5,2) : 1
(38,0) : 1
(10,1) : 1
(6,1) : 1
(9,1) : 1
(5,1) : 1
(2,1) : 1
