pop size : 10000, betaG : 0.08500, lambdaH : 0.10000, lambdaW : 0.00100, gamma : 0.12500, Tmax : 150.00, threshold of infected : 0.010
0.37 0.32 0.13 0.12 0.04 0.02 
0.2192 0.12 0.08 0.06 0.05 0.045 0.04 0.035 0.03 0.02 0.02 0.02 0.015 0.015 0.015 0.015 0.001 0.001 0.001 0.001 0.001 0.001 0.001 0.001 0.001 0.001 0.001 0.001 0.001 0.001 0.001 0.001 0.001 0.001 0.001 0.001 0.001 0.001 0.001 0.001 0.001 0.0001 0.0001 0.0001 0.0001 0.0001 0.0001 0.0001 0.0001 0.175 
Proportion of infected at cutoff : 0.0100
Proportion of susceptibles at cutoff : 0.9801
(50,0) : 56
(8,0) : 25
(5,0) : 32
(12,0) : 18
(10,0) : 15
(2,0) : 89
(47,1) : 8
(1,0) : 169
(15,0) : 10
(31,0) : 1
(49,0) : 18
(47,3) : 3
(4,0) : 49
(13,1) : 3
(7,0) : 35
(48,1) : 11
(48,2) : 8
(4,1) : 4
(11,1) : 1
(49,1) : 17
(7,1) : 2
(47,2) : 4
(14,0) : 8
(11,0) : 9
(48,0) : 5
(38,0) : 2
(19,0) : 2
(15,1) : 1
(28,0) : 1
(18,1) : 1
(6,0) : 25
(34,1) : 1
(3,0) : 58
(16,0) : 6
(24,0) : 2
(9,0) : 18
(13,0) : 7
(46,0) : 1
(47,0) : 2
(36,0) : 1
(29,1) : 1
(8,1) : 1
(46,2) : 1
(25,0) : 2
(21,0) : 1
(37,0) : 2
(46,3) : 1
(5,1) : 2
(10,1) : 2
(10,2) : 1
(14,1) : 1
(1,1) : 3
(6,1) : 1
(0,0) : 1
