pop size : 10000, betaG : 0.08500, lambdaH : 0.10000, lambdaW : 0.00100, gamma : 0.12500, Tmax : 150.00, threshold of infected : 0.010
0.37 0.32 0.13 0.12 0.04 0.02 
0.2192 0.12 0.08 0.06 0.05 0.045 0.04 0.035 0.03 0.02 0.02 0.02 0.015 0.015 0.015 0.015 0.001 0.001 0.001 0.001 0.001 0.001 0.001 0.001 0.001 0.001 0.001 0.001 0.001 0.001 0.001 0.001 0.001 0.001 0.001 0.001 0.001 0.001 0.001 0.001 0.001 0.0001 0.0001 0.0001 0.0001 0.0001 0.0001 0.0001 0.0001 0.175 
Proportion of infected at cutoff : 0.0100
Proportion of susceptibles at cutoff : 0.9795
(49,1) : 19
(13,0) : 12
(48,0) : 6
(49,0) : 18
(9,1) : 3
(12,0) : 19
(50,0) : 58
(14,0) : 4
(8,0) : 24
(48,1) : 7
(46,3) : 1
(7,0) : 28
(1,0) : 137
(13,1) : 3
(15,0) : 11
(39,0) : 2
(4,0) : 47
(36,0) : 2
(48,2) : 7
(6,0) : 26
(46,1) : 2
(24,0) : 1
(16,0) : 6
(29,0) : 1
(1,1) : 5
(5,0) : 33
(9,0) : 22
(10,0) : 11
(31,1) : 1
(23,0) : 2
(3,0) : 61
(2,0) : 93
(30,0) : 1
(47,0) : 3
(46,2) : 2
(17,0) : 1
(20,0) : 2
(10,1) : 3
(47,2) : 1
(34,0) : 1
(37,0) : 1
(11,1) : 2
(21,0) : 2
(2,1) : 2
(46,4) : 1
(8,1) : 3
(45,1) : 1
(15,1) : 2
(11,0) : 11
(47,1) : 2
(45,3) : 2
(21,1) : 1
(40,0) : 1
(38,0) : 1
(7,1) : 1
(12,1) : 1
(5,1) : 3
(32,0) : 1
(25,0) : 1
(9,2) : 1
(14,1) : 1
(22,0) : 1
(0,1) : 3
(0,0) : 1
