pop size : 10000, betaG : 0.08500, lambdaH : 0.10000, lambdaW : 0.00100, gamma : 0.12500, Tmax : 150.00, threshold of infected : 0.010
0.37 0.32 0.13 0.12 0.04 0.02 
0.2192 0.12 0.08 0.06 0.05 0.045 0.04 0.035 0.03 0.02 0.02 0.02 0.015 0.015 0.015 0.015 0.001 0.001 0.001 0.001 0.001 0.001 0.001 0.001 0.001 0.001 0.001 0.001 0.001 0.001 0.001 0.001 0.001 0.001 0.001 0.001 0.001 0.001 0.001 0.001 0.001 0.0001 0.0001 0.0001 0.0001 0.0001 0.0001 0.0001 0.0001 0.175 
Proportion of infected at cutoff : 0.0100
Proportion of susceptibles at cutoff : 0.9694
(50,0) : 29
(48,1) : 8
(14,0) : 10
(47,1) : 4
(20,0) : 1
(49,1) : 16
(7,0) : 32
(48,0) : 17
(48,2) : 6
(13,1) : 3
(27,0) : 3
(49,0) : 31
(18,0) : 1
(12,0) : 10
(5,0) : 44
(21,1) : 1
(46,1) : 2
(4,0) : 52
(43,2) : 1
(37,0) : 1
(46,0) : 1
(46,2) : 4
(1,0) : 180
(9,0) : 21
(13,0) : 7
(16,0) : 10
(3,0) : 52
(47,0) : 8
(47,2) : 4
(8,0) : 19
(15,0) : 10
(6,0) : 22
(11,0) : 13
(43,3) : 2
(7,1) : 2
(0,0) : 3
(15,1) : 2
(2,0) : 81
(38,0) : 1
(10,0) : 12
(14,1) : 3
(45,2) : 1
(19,0) : 1
(45,1) : 1
(45,3) : 1
(39,1) : 1
(8,1) : 2
(5,1) : 1
(36,0) : 1
(9,1) : 1
(35,0) : 1
(2,2) : 1
(1,1) : 1
(46,4) : 1
(11,1) : 1
(6,1) : 1
(3,1) : 1
(0,1) : 2
