pop size : 10000, betaG : 0.08500, lambdaH : 0.10000, lambdaW : 0.00100, gamma : 0.12500, Tmax : 150.00, threshold of infected : 0.010
0.37 0.32 0.13 0.12 0.04 0.02 
0.2192 0.12 0.08 0.06 0.05 0.045 0.04 0.035 0.03 0.02 0.02 0.02 0.015 0.015 0.015 0.015 0.001 0.001 0.001 0.001 0.001 0.001 0.001 0.001 0.001 0.001 0.001 0.001 0.001 0.001 0.001 0.001 0.001 0.001 0.001 0.001 0.001 0.001 0.001 0.001 0.001 0.0001 0.0001 0.0001 0.0001 0.0001 0.0001 0.0001 0.0001 0.175 
Proportion of infected at cutoff : 0.0100
Proportion of susceptibles at cutoff : 0.9753
(48,1) : 13
(49,0) : 25
(5,0) : 35
(27,1) : 1
(48,0) : 10
(47,2) : 4
(50,0) : 49
(34,1) : 1
(7,0) : 35
(38,0) : 1
(48,2) : 4
(10,1) : 3
(47,0) : 1
(13,0) : 15
(3,0) : 63
(49,1) : 11
(25,1) : 1
(4,0) : 49
(6,0) : 25
(1,0) : 163
(31,0) : 1
(9,0) : 24
(2,0) : 111
(30,0) : 1
(46,1) : 3
(32,1) : 1
(12,0) : 15
(29,0) : 1
(11,0) : 8
(8,0) : 31
(46,2) : 2
(15,0) : 13
(37,1) : 1
(9,1) : 3
(10,0) : 11
(39,1) : 1
(11,1) : 3
(14,0) : 7
(22,1) : 1
(28,0) : 3
(31,1) : 1
(45,0) : 1
(46,4) : 1
(42,6) : 1
(45,3) : 1
(8,1) : 2
(35,0) : 1
(47,1) : 1
(17,0) : 1
(6,1) : 2
(44,3) : 1
(15,1) : 1
(13,1) : 1
(3,1) : 2
(26,1) : 1
(4,1) : 1
(24,1) : 1
(11,2) : 1
(36,0) : 1
(23,0) : 1
(16,0) : 2
(7,1) : 1
(1,1) : 1
(5,1) : 2
(2,1) : 1
(0,1) : 1
(0,0) : 1
