pop size : 10000, betaG : 0.08500, lambdaH : 0.10000, lambdaW : 0.00100, gamma : 0.12500, Tmax : 150.00, threshold of infected : 0.010
0.37 0.32 0.13 0.12 0.04 0.02 
0.2192 0.12 0.08 0.06 0.05 0.045 0.04 0.035 0.03 0.02 0.02 0.02 0.015 0.015 0.015 0.015 0.001 0.001 0.001 0.001 0.001 0.001 0.001 0.001 0.001 0.001 0.001 0.001 0.001 0.001 0.001 0.001 0.001 0.001 0.001 0.001 0.001 0.001 0.001 0.001 0.001 0.0001 0.0001 0.0001 0.0001 0.0001 0.0001 0.0001 0.0001 0.175 
Proportion of infected at cutoff : 0.0100
Proportion of susceptibles at cutoff : 0.9678
(28,3) : 1
(49,1) : 12
(14,0) : 16
(50,0) : 34
(48,1) : 7
(26,0) : 2
(20,0) : 2
(49,0) : 18
(4,0) : 48
(9,0) : 26
(5,0) : 32
(6,0) : 33
(16,0) : 5
(11,0) : 16
(47,2) : 5
(48,0) : 13
(10,0) : 15
(45,0) : 2
(3,0) : 56
(47,1) : 8
(2,0) : 82
(12,0) : 19
(45,1) : 2
(30,0) : 2
(44,2) : 2
(35,0) : 5
(7,0) : 28
(19,1) : 1
(15,0) : 6
(24,0) : 1
(38,1) : 1
(47,0) : 8
(46,3) : 1
(20,2) : 1
(48,2) : 2
(4,1) : 1
(1,0) : 179
(8,0) : 23
(45,2) : 1
(47,3) : 2
(21,1) : 1
(13,0) : 8
(36,0) : 2
(9,2) : 1
(46,1) : 2
(19,0) : 1
(28,1) : 1
(44,3) : 1
(38,0) : 1
(5,2) : 1
(3,1) : 1
(21,0) : 4
(32,0) : 1
(10,1) : 2
(44,1) : 1
(33,0) : 1
(7,1) : 6
(25,0) : 2
(6,1) : 1
(13,1) : 2
(46,2) : 1
(15,1) : 1
(34,0) : 1
(28,0) : 1
(1,1) : 1
(16,1) : 1
(0,1) : 1
(8,1) : 1
(5,1) : 1
(2,1) : 2
