pop size : 10000, betaG : 0.08500, lambdaH : 0.10000, lambdaW : 0.00100, gamma : 0.12500, Tmax : 150.00, threshold of infected : 0.010
0.37 0.32 0.13 0.12 0.04 0.02 
0.2192 0.12 0.08 0.06 0.05 0.045 0.04 0.035 0.03 0.02 0.02 0.02 0.015 0.015 0.015 0.015 0.001 0.001 0.001 0.001 0.001 0.001 0.001 0.001 0.001 0.001 0.001 0.001 0.001 0.001 0.001 0.001 0.001 0.001 0.001 0.001 0.001 0.001 0.001 0.001 0.001 0.0001 0.0001 0.0001 0.0001 0.0001 0.0001 0.0001 0.0001 0.175 
Proportion of infected at cutoff : 0.0100
Proportion of susceptibles at cutoff : 0.9768
(7,0) : 27
(14,0) : 10
(11,0) : 7
(50,0) : 47
(44,2) : 1
(41,2) : 1
(49,1) : 19
(39,1) : 1
(49,0) : 27
(12,1) : 1
(34,0) : 2
(5,0) : 19
(47,2) : 2
(10,0) : 16
(13,0) : 15
(48,1) : 9
(8,0) : 21
(33,1) : 1
(16,1) : 3
(9,0) : 31
(44,3) : 1
(1,0) : 157
(25,0) : 1
(37,0) : 3
(48,2) : 3
(12,0) : 18
(47,1) : 2
(3,0) : 55
(46,0) : 1
(2,0) : 86
(48,0) : 7
(45,4) : 2
(27,0) : 2
(28,0) : 1
(1,1) : 2
(15,0) : 12
(21,0) : 2
(24,0) : 1
(16,0) : 8
(10,1) : 1
(45,1) : 1
(4,1) : 2
(43,3) : 1
(6,0) : 21
(4,0) : 45
(29,0) : 2
(0,1) : 2
(34,3) : 1
(8,1) : 1
(16,2) : 1
(47,3) : 1
(14,1) : 3
(47,0) : 1
(11,1) : 3
(0,0) : 3
(17,0) : 2
(45,3) : 1
(41,0) : 1
(19,0) : 1
(45,2) : 1
(7,1) : 2
(13,1) : 3
(26,0) : 1
(18,0) : 1
(6,1) : 1
(3,1) : 1
(5,1) : 1
