pop size : 10000, betaG : 0.08500, lambdaH : 0.10000, lambdaW : 0.00100, gamma : 0.12500, Tmax : 150.00, threshold of infected : 0.010
0.37 0.32 0.13 0.12 0.04 0.02 
0.2192 0.12 0.08 0.06 0.05 0.045 0.04 0.035 0.03 0.02 0.02 0.02 0.015 0.015 0.015 0.015 0.001 0.001 0.001 0.001 0.001 0.001 0.001 0.001 0.001 0.001 0.001 0.001 0.001 0.001 0.001 0.001 0.001 0.001 0.001 0.001 0.001 0.001 0.001 0.001 0.001 0.0001 0.0001 0.0001 0.0001 0.0001 0.0001 0.0001 0.0001 0.175 
Proportion of infected at cutoff : 0.0100
Proportion of susceptibles at cutoff : 0.9783
(5,0) : 36
(49,1) : 14
(2,0) : 84
(7,0) : 26
(50,0) : 55
(4,0) : 40
(49,0) : 23
(8,0) : 30
(6,0) : 28
(19,0) : 2
(46,0) : 1
(9,0) : 20
(15,0) : 12
(15,1) : 2
(48,1) : 13
(48,0) : 5
(41,0) : 1
(10,0) : 15
(39,0) : 3
(34,0) : 1
(11,0) : 12
(48,2) : 7
(46,2) : 2
(23,0) : 2
(42,0) : 1
(42,2) : 1
(47,2) : 1
(16,0) : 11
(14,0) : 9
(1,0) : 136
(44,1) : 1
(47,1) : 4
(46,3) : 2
(46,1) : 1
(22,0) : 2
(13,0) : 12
(12,0) : 14
(42,3) : 1
(3,0) : 50
(8,1) : 1
(31,0) : 1
(42,7) : 1
(25,1) : 1
(14,1) : 1
(45,4) : 1
(11,1) : 2
(21,0) : 1
(40,1) : 1
(6,1) : 2
(4,1) : 3
(3,1) : 1
(13,1) : 1
(28,0) : 1
(10,1) : 1
(0,0) : 3
(0,1) : 3
(5,1) : 1
(1,1) : 3
(3,2) : 1
