pop size : 10000, betaG : 0.08500, lambdaH : 0.10000, lambdaW : 0.00100, gamma : 0.12500, Tmax : 150.00, threshold of infected : 0.010
0.37 0.32 0.13 0.12 0.04 0.02 
0.2192 0.12 0.08 0.06 0.05 0.045 0.04 0.035 0.03 0.02 0.02 0.02 0.015 0.015 0.015 0.015 0.001 0.001 0.001 0.001 0.001 0.001 0.001 0.001 0.001 0.001 0.001 0.001 0.001 0.001 0.001 0.001 0.001 0.001 0.001 0.001 0.001 0.001 0.001 0.001 0.001 0.0001 0.0001 0.0001 0.0001 0.0001 0.0001 0.0001 0.0001 0.175 
Proportion of infected at cutoff : 0.0100
Proportion of susceptibles at cutoff : 0.9691
(49,1) : 17
(44,3) : 2
(49,0) : 31
(45,2) : 1
(50,0) : 33
(48,2) : 6
(48,0) : 11
(16,0) : 7
(6,0) : 40
(45,1) : 3
(2,0) : 83
(46,0) : 3
(7,0) : 27
(48,1) : 10
(14,0) : 13
(27,0) : 1
(15,0) : 10
(3,0) : 59
(11,0) : 10
(13,0) : 8
(1,0) : 166
(30,0) : 1
(12,0) : 14
(46,4) : 1
(46,1) : 1
(38,0) : 1
(6,1) : 2
(19,1) : 1
(10,0) : 9
(47,3) : 2
(9,0) : 19
(13,1) : 1
(39,0) : 1
(3,1) : 1
(47,0) : 4
(23,0) : 1
(5,0) : 26
(47,1) : 4
(46,2) : 1
(8,0) : 22
(32,0) : 2
(24,0) : 1
(4,0) : 36
(18,0) : 1
(47,2) : 3
(45,3) : 1
(40,0) : 1
(11,1) : 1
(14,1) : 1
(37,4) : 1
(18,1) : 1
(17,0) : 1
(33,0) : 1
(28,0) : 1
(36,0) : 2
(25,1) : 1
(4,1) : 4
(21,0) : 1
(10,1) : 3
(15,1) : 1
(8,1) : 1
(20,0) : 1
(2,1) : 1
(1,1) : 1
(0,0) : 2
