pop size : 10000, betaG : 0.08500, lambdaH : 0.10000, lambdaW : 0.00100, gamma : 0.12500, Tmax : 150.00, threshold of infected : 0.010
0.37 0.32 0.13 0.12 0.04 0.02 
0.2192 0.12 0.08 0.06 0.05 0.045 0.04 0.035 0.03 0.02 0.02 0.02 0.015 0.015 0.015 0.015 0.001 0.001 0.001 0.001 0.001 0.001 0.001 0.001 0.001 0.001 0.001 0.001 0.001 0.001 0.001 0.001 0.001 0.001 0.001 0.001 0.001 0.001 0.001 0.001 0.001 0.0001 0.0001 0.0001 0.0001 0.0001 0.0001 0.0001 0.0001 0.175 
Proportion of infected at cutoff : 0.0100
Proportion of susceptibles at cutoff : 0.9742
(14,0) : 7
(49,0) : 31
(50,0) : 43
(48,0) : 9
(15,0) : 10
(49,1) : 15
(7,0) : 26
(1,0) : 172
(16,0) : 10
(11,0) : 10
(47,1) : 6
(29,1) : 1
(24,3) : 1
(12,0) : 9
(13,1) : 3
(5,0) : 50
(47,2) : 4
(9,0) : 30
(2,0) : 85
(6,0) : 34
(46,1) : 1
(13,0) : 13
(3,0) : 64
(48,1) : 6
(8,0) : 20
(10,0) : 18
(47,0) : 3
(45,2) : 1
(21,0) : 2
(4,0) : 42
(7,1) : 4
(28,2) : 1
(4,1) : 5
(36,0) : 1
(15,1) : 1
(45,1) : 1
(30,0) : 1
(32,0) : 2
(28,0) : 1
(46,2) : 3
(36,1) : 1
(46,0) : 1
(9,1) : 3
(48,2) : 2
(32,3) : 1
(24,0) : 1
(46,3) : 1
(14,1) : 2
(27,0) : 1
(39,2) : 1
(27,2) : 1
(34,1) : 1
(0,2) : 1
(20,0) : 1
(2,1) : 3
(25,1) : 1
(17,0) : 1
(3,1) : 1
(18,0) : 1
(17,1) : 1
(11,1) : 1
(10,1) : 2
(8,1) : 1
(0,1) : 3
(0,0) : 2
