pop size : 10000, betaG : 0.08500, lambdaH : 0.10000, lambdaW : 0.00100, gamma : 0.12500, Tmax : 150.00, threshold of infected : 0.010
0.37 0.32 0.13 0.12 0.04 0.02 
0.2192 0.12 0.08 0.06 0.05 0.045 0.04 0.035 0.03 0.02 0.02 0.02 0.015 0.015 0.015 0.015 0.001 0.001 0.001 0.001 0.001 0.001 0.001 0.001 0.001 0.001 0.001 0.001 0.001 0.001 0.001 0.001 0.001 0.001 0.001 0.001 0.001 0.001 0.001 0.001 0.001 0.0001 0.0001 0.0001 0.0001 0.0001 0.0001 0.0001 0.0001 0.175 
Proportion of infected at cutoff : 0.0100
Proportion of susceptibles at cutoff : 0.9773
(48,0) : 11
(6,0) : 23
(46,1) : 5
(50,0) : 53
(8,0) : 11
(45,0) : 1
(49,0) : 25
(3,0) : 44
(13,0) : 9
(7,0) : 22
(46,3) : 2
(45,3) : 3
(49,1) : 14
(37,0) : 4
(48,2) : 6
(19,0) : 1
(39,0) : 3
(47,0) : 1
(47,3) : 1
(47,2) : 5
(4,0) : 38
(16,0) : 7
(48,1) : 7
(5,0) : 30
(22,0) : 1
(47,1) : 3
(33,0) : 2
(12,0) : 12
(18,0) : 1
(11,1) : 1
(45,1) : 1
(15,0) : 10
(14,0) : 15
(10,1) : 2
(11,0) : 11
(25,0) : 1
(1,0) : 125
(9,0) : 11
(10,0) : 9
(26,0) : 3
(29,0) : 1
(30,1) : 1
(2,0) : 73
(36,2) : 1
(44,2) : 1
(29,2) : 1
(13,1) : 1
(20,0) : 2
(33,4) : 1
(14,1) : 2
(14,2) : 1
(15,1) : 1
(2,1) : 2
(27,0) : 1
(5,2) : 1
(33,1) : 1
(7,1) : 1
(1,1) : 1
(3,1) : 1
(0,1) : 2
