pop size : 10000, betaG : 0.08500, lambdaH : 0.10000, lambdaW : 0.00100, gamma : 0.12500, Tmax : 150.00, threshold of infected : 0.010
0.37 0.32 0.13 0.12 0.04 0.02 
0.2192 0.12 0.08 0.06 0.05 0.045 0.04 0.035 0.03 0.02 0.02 0.02 0.015 0.015 0.015 0.015 0.001 0.001 0.001 0.001 0.001 0.001 0.001 0.001 0.001 0.001 0.001 0.001 0.001 0.001 0.001 0.001 0.001 0.001 0.001 0.001 0.001 0.001 0.001 0.001 0.001 0.0001 0.0001 0.0001 0.0001 0.0001 0.0001 0.0001 0.0001 0.175 
Proportion of infected at cutoff : 0.0100
Proportion of susceptibles at cutoff : 0.9812
(47,2) : 2
(10,1) : 2
(1,0) : 139
(50,0) : 50
(12,0) : 13
(4,1) : 2
(2,0) : 73
(48,2) : 2
(48,1) : 10
(14,0) : 19
(49,0) : 19
(4,0) : 40
(5,0) : 38
(48,0) : 6
(46,3) : 1
(10,0) : 19
(7,0) : 32
(45,3) : 1
(3,0) : 54
(49,1) : 25
(13,0) : 15
(33,0) : 2
(6,1) : 4
(31,0) : 2
(47,3) : 3
(3,1) : 3
(6,0) : 37
(47,1) : 4
(8,0) : 30
(18,0) : 1
(16,0) : 12
(28,1) : 1
(41,0) : 1
(11,0) : 19
(28,0) : 1
(14,1) : 3
(43,5) : 1
(46,1) : 2
(9,0) : 24
(34,1) : 1
(25,0) : 1
(0,0) : 1
(15,0) : 5
(15,1) : 1
(20,0) : 1
(37,0) : 1
(8,1) : 2
(27,0) : 1
(2,1) : 3
(17,0) : 1
(30,0) : 1
(9,1) : 1
(24,0) : 1
(22,0) : 1
(19,0) : 1
(5,1) : 2
(1,1) : 4
(0,1) : 2
