pop size : 10000, betaG : 0.08500, lambdaH : 0.10000, lambdaW : 0.00100, gamma : 0.12500, Tmax : 150.00, threshold of infected : 0.010
0.37 0.32 0.13 0.12 0.04 0.02 
0.2192 0.12 0.08 0.06 0.05 0.045 0.04 0.035 0.03 0.02 0.02 0.02 0.015 0.015 0.015 0.015 0.001 0.001 0.001 0.001 0.001 0.001 0.001 0.001 0.001 0.001 0.001 0.001 0.001 0.001 0.001 0.001 0.001 0.001 0.001 0.001 0.001 0.001 0.001 0.001 0.001 0.0001 0.0001 0.0001 0.0001 0.0001 0.0001 0.0001 0.0001 0.175 
Proportion of infected at cutoff : 0.0100
Proportion of susceptibles at cutoff : 0.9819
(50,0) : 59
(49,1) : 21
(49,0) : 27
(37,0) : 1
(4,0) : 43
(1,0) : 161
(48,2) : 5
(11,0) : 14
(16,0) : 4
(46,4) : 1
(2,0) : 91
(3,0) : 57
(9,1) : 1
(12,0) : 13
(6,0) : 32
(47,1) : 2
(14,0) : 9
(15,1) : 1
(8,0) : 24
(10,0) : 17
(15,0) : 11
(47,3) : 3
(7,0) : 28
(48,1) : 6
(31,0) : 1
(5,0) : 42
(46,1) : 1
(13,0) : 6
(38,1) : 2
(47,2) : 2
(9,0) : 24
(47,0) : 1
(48,0) : 2
(11,1) : 1
(43,3) : 1
(14,1) : 1
(24,1) : 1
(26,0) : 1
(40,1) : 2
(4,2) : 1
(29,0) : 1
(44,4) : 1
(26,1) : 1
(35,0) : 1
(19,1) : 1
(17,1) : 1
(32,0) : 1
(45,3) : 1
(7,1) : 3
(0,0) : 1
(27,0) : 1
(28,1) : 1
(17,0) : 1
(32,2) : 1
(11,2) : 1
(5,1) : 1
(6,1) : 2
(1,1) : 2
(3,1) : 3
(21,0) : 1
(4,1) : 1
(12,1) : 1
(2,1) : 1
