pop size : 10000, betaG : 0.08500, lambdaH : 0.10000, lambdaW : 0.00100, gamma : 0.12500, Tmax : 150.00, threshold of infected : 0.010
0.37 0.32 0.13 0.12 0.04 0.02 
0.2192 0.12 0.08 0.06 0.05 0.045 0.04 0.035 0.03 0.02 0.02 0.02 0.015 0.015 0.015 0.015 0.001 0.001 0.001 0.001 0.001 0.001 0.001 0.001 0.001 0.001 0.001 0.001 0.001 0.001 0.001 0.001 0.001 0.001 0.001 0.001 0.001 0.001 0.001 0.001 0.001 0.0001 0.0001 0.0001 0.0001 0.0001 0.0001 0.0001 0.0001 0.175 
Proportion of infected at cutoff : 0.0100
Proportion of susceptibles at cutoff : 0.9826
(6,0) : 36
(50,0) : 68
(49,1) : 21
(49,0) : 14
(44,5) : 1
(24,1) : 1
(13,0) : 15
(24,0) : 1
(44,2) : 1
(48,1) : 10
(10,0) : 9
(48,2) : 7
(11,0) : 13
(9,0) : 25
(3,0) : 53
(1,0) : 166
(2,0) : 82
(43,5) : 1
(3,1) : 3
(14,0) : 13
(47,2) : 2
(4,0) : 40
(5,0) : 37
(29,0) : 1
(8,0) : 23
(46,2) : 1
(47,1) : 2
(15,0) : 7
(7,0) : 26
(48,0) : 2
(16,0) : 11
(20,1) : 1
(27,1) : 1
(46,4) : 1
(47,3) : 1
(12,0) : 13
(33,1) : 1
(18,0) : 1
(35,1) : 1
(32,0) : 1
(46,1) : 1
(14,1) : 2
(12,1) : 2
(6,1) : 2
(33,0) : 2
(22,0) : 1
(38,1) : 1
(40,1) : 1
(36,0) : 1
(1,1) : 3
(11,1) : 2
(18,1) : 1
(17,0) : 1
(9,1) : 2
(5,1) : 2
(2,1) : 1
(0,0) : 2
