pop size : 10000, betaG : 0.08500, lambdaH : 0.10000, lambdaW : 0.00100, gamma : 0.12500, Tmax : 150.00, threshold of infected : 0.010
0.37 0.32 0.13 0.12 0.04 0.02 
0.2192 0.12 0.08 0.06 0.05 0.045 0.04 0.035 0.03 0.02 0.02 0.02 0.015 0.015 0.015 0.015 0.001 0.001 0.001 0.001 0.001 0.001 0.001 0.001 0.001 0.001 0.001 0.001 0.001 0.001 0.001 0.001 0.001 0.001 0.001 0.001 0.001 0.001 0.001 0.001 0.001 0.0001 0.0001 0.0001 0.0001 0.0001 0.0001 0.0001 0.0001 0.175 
Proportion of infected at cutoff : 0.0100
Proportion of susceptibles at cutoff : 0.9752
(9,0) : 28
(50,0) : 45
(35,0) : 1
(48,1) : 13
(48,0) : 8
(2,0) : 78
(15,0) : 8
(49,0) : 24
(46,2) : 6
(31,0) : 2
(4,0) : 51
(7,0) : 25
(6,0) : 35
(3,0) : 50
(47,1) : 5
(47,2) : 5
(14,0) : 15
(46,3) : 2
(46,1) : 2
(36,0) : 1
(5,0) : 37
(49,1) : 7
(10,0) : 10
(11,0) : 20
(1,0) : 170
(47,3) : 1
(48,2) : 2
(30,0) : 3
(28,2) : 1
(28,0) : 1
(25,0) : 1
(45,1) : 1
(45,2) : 1
(11,1) : 3
(13,0) : 15
(8,0) : 25
(16,0) : 8
(34,0) : 1
(14,1) : 4
(12,0) : 8
(46,0) : 2
(10,1) : 4
(33,0) : 1
(23,0) : 1
(15,1) : 2
(22,0) : 3
(21,0) : 1
(38,1) : 1
(17,0) : 1
(40,1) : 1
(8,1) : 2
(13,1) : 2
(6,1) : 1
(7,1) : 1
(30,1) : 1
(32,0) : 1
(5,1) : 1
(34,1) : 1
(0,0) : 5
(21,1) : 1
(20,0) : 1
(9,1) : 1
(1,1) : 2
(2,1) : 3
(0,1) : 2
