pop size : 10000, betaG : 0.08500, lambdaH : 0.10000, lambdaW : 0.00100, gamma : 0.12500, Tmax : 150.00, threshold of infected : 0.010
0.37 0.32 0.13 0.12 0.04 0.02 
0.2192 0.12 0.08 0.06 0.05 0.045 0.04 0.035 0.03 0.02 0.02 0.02 0.015 0.015 0.015 0.015 0.001 0.001 0.001 0.001 0.001 0.001 0.001 0.001 0.001 0.001 0.001 0.001 0.001 0.001 0.001 0.001 0.001 0.001 0.001 0.001 0.001 0.001 0.001 0.001 0.001 0.0001 0.0001 0.0001 0.0001 0.0001 0.0001 0.0001 0.0001 0.175 
Proportion of infected at cutoff : 0.0100
Proportion of susceptibles at cutoff : 0.9821
(8,0) : 25
(6,0) : 22
(50,0) : 68
(49,1) : 18
(49,0) : 16
(48,1) : 8
(11,0) : 22
(5,0) : 35
(13,0) : 14
(19,0) : 2
(2,0) : 89
(48,0) : 6
(4,0) : 48
(15,0) : 7
(41,0) : 1
(46,3) : 1
(36,1) : 1
(15,1) : 1
(14,0) : 9
(9,0) : 27
(3,0) : 54
(48,2) : 4
(14,2) : 1
(47,2) : 2
(43,3) : 2
(1,0) : 147
(10,0) : 11
(32,1) : 1
(35,0) : 1
(46,2) : 1
(16,0) : 10
(3,1) : 6
(36,0) : 1
(8,1) : 3
(11,1) : 3
(28,1) : 1
(7,0) : 23
(12,0) : 16
(37,0) : 1
(13,1) : 4
(7,1) : 2
(45,4) : 1
(28,0) : 1
(11,2) : 1
(33,0) : 2
(47,3) : 2
(45,2) : 1
(46,4) : 1
(34,0) : 1
(47,1) : 1
(6,1) : 2
(12,1) : 1
(5,1) : 2
(9,1) : 1
(0,1) : 2
(0,0) : 2
