pop size : 10000, betaG : 0.08500, lambdaH : 0.10000, lambdaW : 0.00100, gamma : 0.12500, Tmax : 150.00, threshold of infected : 0.010
0.37 0.32 0.13 0.12 0.04 0.02 
0.2192 0.12 0.08 0.06 0.05 0.045 0.04 0.035 0.03 0.02 0.02 0.02 0.015 0.015 0.015 0.015 0.001 0.001 0.001 0.001 0.001 0.001 0.001 0.001 0.001 0.001 0.001 0.001 0.001 0.001 0.001 0.001 0.001 0.001 0.001 0.001 0.001 0.001 0.001 0.001 0.001 0.0001 0.0001 0.0001 0.0001 0.0001 0.0001 0.0001 0.0001 0.175 
Proportion of infected at cutoff : 0.0100
Proportion of susceptibles at cutoff : 0.9837
(50,0) : 63
(18,0) : 2
(49,1) : 22
(47,2) : 2
(48,1) : 2
(49,0) : 14
(40,0) : 1
(37,1) : 1
(15,0) : 12
(48,2) : 13
(1,0) : 179
(13,0) : 14
(12,1) : 2
(27,0) : 1
(46,4) : 2
(9,0) : 25
(8,0) : 23
(10,0) : 19
(14,0) : 9
(5,0) : 43
(3,0) : 62
(31,0) : 1
(2,1) : 1
(30,0) : 1
(4,0) : 51
(25,1) : 1
(32,0) : 1
(2,0) : 89
(47,1) : 1
(21,1) : 1
(48,0) : 4
(11,0) : 15
(16,0) : 11
(36,0) : 1
(6,1) : 6
(7,0) : 30
(46,3) : 3
(21,0) : 2
(6,0) : 35
(12,0) : 10
(45,1) : 1
(8,1) : 2
(23,1) : 1
(25,0) : 1
(19,0) : 1
(23,0) : 1
(28,0) : 1
(26,1) : 1
(11,1) : 1
(24,0) : 1
(13,1) : 1
(7,1) : 3
(14,2) : 1
(3,1) : 1
(0,1) : 3
(0,0) : 1
