pop size : 10000, betaG : 0.08500, lambdaH : 0.10000, lambdaW : 0.00100, gamma : 0.12500, Tmax : 150.00, threshold of infected : 0.010
0.37 0.32 0.13 0.12 0.04 0.02 
0.2192 0.12 0.08 0.06 0.05 0.045 0.04 0.035 0.03 0.02 0.02 0.02 0.015 0.015 0.015 0.015 0.001 0.001 0.001 0.001 0.001 0.001 0.001 0.001 0.001 0.001 0.001 0.001 0.001 0.001 0.001 0.001 0.001 0.001 0.001 0.001 0.001 0.001 0.001 0.001 0.001 0.0001 0.0001 0.0001 0.0001 0.0001 0.0001 0.0001 0.0001 0.175 
Proportion of infected at cutoff : 0.0100
Proportion of susceptibles at cutoff : 0.9785
(41,0) : 1
(48,2) : 8
(48,0) : 5
(49,1) : 20
(50,0) : 53
(40,0) : 1
(23,0) : 2
(49,0) : 23
(7,0) : 24
(47,3) : 3
(47,2) : 2
(38,0) : 1
(44,0) : 2
(48,1) : 12
(8,0) : 17
(14,1) : 2
(46,1) : 2
(25,0) : 1
(4,0) : 36
(13,0) : 5
(3,0) : 66
(15,0) : 8
(9,0) : 15
(30,0) : 1
(16,0) : 8
(46,3) : 2
(6,0) : 41
(46,2) : 1
(5,0) : 34
(1,0) : 161
(47,0) : 2
(27,0) : 1
(10,0) : 11
(26,0) : 1
(4,1) : 3
(11,0) : 15
(47,1) : 2
(12,0) : 14
(45,2) : 1
(34,2) : 1
(8,1) : 2
(31,0) : 1
(17,0) : 1
(2,0) : 90
(37,1) : 1
(32,0) : 1
(14,0) : 7
(20,0) : 1
(36,1) : 1
(23,1) : 1
(13,1) : 1
(7,1) : 1
(25,2) : 1
(9,1) : 1
(12,1) : 1
(5,2) : 1
(6,1) : 1
(1,1) : 3
(11,1) : 1
(0,0) : 3
