pop size : 10000, betaG : 0.08500, lambdaH : 0.10000, lambdaW : 0.00100, gamma : 0.12500, Tmax : 150.00, threshold of infected : 0.010
0.37 0.32 0.13 0.12 0.04 0.02 
0.2192 0.12 0.08 0.06 0.05 0.045 0.04 0.035 0.03 0.02 0.02 0.02 0.015 0.015 0.015 0.015 0.001 0.001 0.001 0.001 0.001 0.001 0.001 0.001 0.001 0.001 0.001 0.001 0.001 0.001 0.001 0.001 0.001 0.001 0.001 0.001 0.001 0.001 0.001 0.001 0.001 0.0001 0.0001 0.0001 0.0001 0.0001 0.0001 0.0001 0.0001 0.175 
Proportion of infected at cutoff : 0.0100
Proportion of susceptibles at cutoff : 0.9792
(45,4) : 1
(49,1) : 19
(50,0) : 61
(47,0) : 4
(8,0) : 26
(3,0) : 65
(49,0) : 12
(14,0) : 6
(5,0) : 38
(12,0) : 10
(7,0) : 27
(1,0) : 159
(10,0) : 16
(37,0) : 2
(48,0) : 12
(13,0) : 10
(15,0) : 8
(2,0) : 89
(48,2) : 7
(47,1) : 3
(9,0) : 15
(46,3) : 2
(48,1) : 9
(35,2) : 1
(15,1) : 1
(6,0) : 24
(39,1) : 1
(8,1) : 2
(4,0) : 45
(5,1) : 2
(36,0) : 1
(29,0) : 1
(47,2) : 2
(39,0) : 1
(11,0) : 12
(33,1) : 1
(33,0) : 1
(47,3) : 2
(11,1) : 1
(31,2) : 1
(16,0) : 4
(28,0) : 2
(28,1) : 1
(41,0) : 1
(29,1) : 1
(31,0) : 1
(46,4) : 1
(12,1) : 1
(46,0) : 1
(45,1) : 1
(19,0) : 1
(9,1) : 1
(4,1) : 4
(6,1) : 3
(24,0) : 1
(7,1) : 1
(3,1) : 1
(0,0) : 1
(2,1) : 2
(1,1) : 2
(0,1) : 1
