pop size : 10000, betaG : 0.08500, lambdaH : 0.10000, lambdaW : 0.00100, gamma : 0.12500, Tmax : 150.00, threshold of infected : 0.010
0.37 0.32 0.13 0.12 0.04 0.02 
0.2192 0.12 0.08 0.06 0.05 0.045 0.04 0.035 0.03 0.02 0.02 0.02 0.015 0.015 0.015 0.015 0.001 0.001 0.001 0.001 0.001 0.001 0.001 0.001 0.001 0.001 0.001 0.001 0.001 0.001 0.001 0.001 0.001 0.001 0.001 0.001 0.001 0.001 0.001 0.001 0.001 0.0001 0.0001 0.0001 0.0001 0.0001 0.0001 0.0001 0.0001 0.175 
Proportion of infected at cutoff : 0.0100
Proportion of susceptibles at cutoff : 0.9774
(49,1) : 17
(50,0) : 49
(11,0) : 22
(49,0) : 29
(46,4) : 2
(12,0) : 15
(13,0) : 15
(2,0) : 84
(1,0) : 150
(47,2) : 4
(4,0) : 28
(3,0) : 53
(41,0) : 1
(8,0) : 27
(6,0) : 34
(30,1) : 1
(36,0) : 1
(14,0) : 9
(9,0) : 18
(5,0) : 40
(10,0) : 16
(48,1) : 13
(16,0) : 6
(15,1) : 2
(7,0) : 25
(45,3) : 2
(48,2) : 4
(48,0) : 5
(15,0) : 5
(35,1) : 1
(11,1) : 2
(47,1) : 3
(40,0) : 1
(30,2) : 1
(9,1) : 1
(31,0) : 1
(37,0) : 1
(46,1) : 2
(10,1) : 1
(32,0) : 1
(43,4) : 1
(44,1) : 1
(20,0) : 1
(14,1) : 1
(47,0) : 1
(20,1) : 1
(45,5) : 1
(35,0) : 1
(8,1) : 1
(7,1) : 1
(28,2) : 1
(12,1) : 3
(34,0) : 1
(22,0) : 1
(1,1) : 1
(0,0) : 1
(0,1) : 1
(2,1) : 2
(0,2) : 1
