pop size : 10000, betaG : 0.08500, lambdaH : 0.10000, lambdaW : 0.00100, gamma : 0.12500, Tmax : 150.00, threshold of infected : 0.010
0.37 0.32 0.13 0.12 0.04 0.02 
0.2192 0.12 0.08 0.06 0.05 0.045 0.04 0.035 0.03 0.02 0.02 0.02 0.015 0.015 0.015 0.015 0.001 0.001 0.001 0.001 0.001 0.001 0.001 0.001 0.001 0.001 0.001 0.001 0.001 0.001 0.001 0.001 0.001 0.001 0.001 0.001 0.001 0.001 0.001 0.001 0.001 0.0001 0.0001 0.0001 0.0001 0.0001 0.0001 0.0001 0.0001 0.175 
Proportion of infected at cutoff : 0.0100
Proportion of susceptibles at cutoff : 0.9846
(1,0) : 166
(50,0) : 59
(11,0) : 15
(43,5) : 1
(49,1) : 24
(48,2) : 9
(21,0) : 2
(2,0) : 88
(49,0) : 18
(48,0) : 1
(39,0) : 3
(12,0) : 22
(27,0) : 3
(45,3) : 1
(14,0) : 7
(3,0) : 67
(7,0) : 33
(15,0) : 13
(16,0) : 8
(13,0) : 10
(31,0) : 2
(34,1) : 1
(47,2) : 2
(6,0) : 28
(33,1) : 2
(11,1) : 3
(23,0) : 1
(29,0) : 1
(48,1) : 3
(47,0) : 1
(15,1) : 2
(10,0) : 9
(10,1) : 3
(26,0) : 1
(5,0) : 36
(8,0) : 24
(30,0) : 1
(4,0) : 50
(9,0) : 21
(36,0) : 1
(46,0) : 1
(40,0) : 2
(46,4) : 1
(4,1) : 2
(31,1) : 1
(14,1) : 1
(19,0) : 1
(12,1) : 2
(47,3) : 2
(8,1) : 2
(47,1) : 1
(45,0) : 1
(18,0) : 1
(20,0) : 1
(3,1) : 1
(9,1) : 2
(6,1) : 1
(2,1) : 6
(7,1) : 1
(17,0) : 1
(1,1) : 2
