pop size : 10000, betaG : 0.08500, lambdaH : 0.10000, lambdaW : 0.00100, gamma : 0.12500, Tmax : 150.00, threshold of infected : 0.010
0.37 0.32 0.13 0.12 0.04 0.02 
0.2192 0.12 0.08 0.06 0.05 0.045 0.04 0.035 0.03 0.02 0.02 0.02 0.015 0.015 0.015 0.015 0.001 0.001 0.001 0.001 0.001 0.001 0.001 0.001 0.001 0.001 0.001 0.001 0.001 0.001 0.001 0.001 0.001 0.001 0.001 0.001 0.001 0.001 0.001 0.001 0.001 0.0001 0.0001 0.0001 0.0001 0.0001 0.0001 0.0001 0.0001 0.175 
Proportion of infected at cutoff : 0.0100
Proportion of susceptibles at cutoff : 0.9795
(50,0) : 45
(48,0) : 7
(34,1) : 1
(49,1) : 23
(14,0) : 9
(7,0) : 38
(13,0) : 10
(12,0) : 17
(15,0) : 14
(10,0) : 19
(37,0) : 1
(4,0) : 32
(49,0) : 21
(47,2) : 3
(47,3) : 1
(3,0) : 51
(27,0) : 2
(5,0) : 44
(25,0) : 1
(1,0) : 163
(48,1) : 14
(46,3) : 2
(8,0) : 31
(36,0) : 1
(16,0) : 9
(6,0) : 32
(10,1) : 4
(20,1) : 3
(2,0) : 87
(41,0) : 2
(46,0) : 1
(11,0) : 18
(48,2) : 3
(13,1) : 1
(1,1) : 5
(17,0) : 2
(31,0) : 1
(9,0) : 24
(44,1) : 1
(3,1) : 4
(34,0) : 1
(8,1) : 3
(47,0) : 2
(18,0) : 4
(7,1) : 4
(32,0) : 1
(11,1) : 1
(15,1) : 2
(20,0) : 1
(6,1) : 2
(23,0) : 1
(4,1) : 3
(12,1) : 2
(2,1) : 5
(16,1) : 1
(0,0) : 1
