pop size : 10000, betaG : 0.08500, lambdaH : 0.10000, lambdaW : 0.00100, gamma : 0.12500, Tmax : 150.00, threshold of infected : 0.010
0.37 0.32 0.13 0.12 0.04 0.02 
0.2192 0.12 0.08 0.06 0.05 0.045 0.04 0.035 0.03 0.02 0.02 0.02 0.015 0.015 0.015 0.015 0.001 0.001 0.001 0.001 0.001 0.001 0.001 0.001 0.001 0.001 0.001 0.001 0.001 0.001 0.001 0.001 0.001 0.001 0.001 0.001 0.001 0.001 0.001 0.001 0.001 0.0001 0.0001 0.0001 0.0001 0.0001 0.0001 0.0001 0.0001 0.175 
Proportion of infected at cutoff : 0.0100
Proportion of susceptibles at cutoff : 0.9680
(47,0) : 14
(7,0) : 35
(45,1) : 1
(49,1) : 10
(32,0) : 1
(47,1) : 6
(12,1) : 3
(50,0) : 38
(9,0) : 24
(11,0) : 13
(21,0) : 2
(8,0) : 29
(49,0) : 20
(45,0) : 2
(48,0) : 10
(2,0) : 88
(48,1) : 11
(15,0) : 10
(38,0) : 1
(10,0) : 13
(12,0) : 17
(44,3) : 1
(47,3) : 2
(5,0) : 42
(7,1) : 1
(3,0) : 56
(47,2) : 3
(1,0) : 172
(10,1) : 1
(45,2) : 1
(16,0) : 9
(14,0) : 11
(44,4) : 1
(13,0) : 10
(48,2) : 2
(39,8) : 1
(43,0) : 1
(6,0) : 27
(5,1) : 1
(2,1) : 2
(28,0) : 1
(39,0) : 3
(29,0) : 1
(43,2) : 1
(37,1) : 1
(8,1) : 2
(40,0) : 1
(4,0) : 44
(46,2) : 1
(11,1) : 1
(35,0) : 1
(13,2) : 2
(46,4) : 1
(41,0) : 1
(12,2) : 1
(45,3) : 1
(24,0) : 1
(17,0) : 1
(38,1) : 1
(14,1) : 1
(7,2) : 1
(3,1) : 3
(4,1) : 2
(6,1) : 1
