pop size : 10000, betaG : 0.08500, lambdaH : 0.10000, lambdaW : 0.00100, gamma : 0.12500, Tmax : 150.00, threshold of infected : 0.010
0.37 0.32 0.13 0.12 0.04 0.02 
0.2192 0.12 0.08 0.06 0.05 0.045 0.04 0.035 0.03 0.02 0.02 0.02 0.015 0.015 0.015 0.015 0.001 0.001 0.001 0.001 0.001 0.001 0.001 0.001 0.001 0.001 0.001 0.001 0.001 0.001 0.001 0.001 0.001 0.001 0.001 0.001 0.001 0.001 0.001 0.001 0.001 0.0001 0.0001 0.0001 0.0001 0.0001 0.0001 0.0001 0.0001 0.175 
Proportion of infected at cutoff : 0.0100
Proportion of susceptibles at cutoff : 0.9749
(14,0) : 8
(49,0) : 23
(2,0) : 106
(46,4) : 1
(5,0) : 36
(48,2) : 5
(46,2) : 2
(48,1) : 10
(50,0) : 47
(38,0) : 3
(1,0) : 181
(6,0) : 40
(47,2) : 3
(13,0) : 11
(10,0) : 17
(47,1) : 5
(49,1) : 16
(30,1) : 2
(9,0) : 25
(4,0) : 46
(8,1) : 2
(27,0) : 2
(39,0) : 1
(48,0) : 8
(3,0) : 54
(23,0) : 3
(11,0) : 15
(6,1) : 2
(41,1) : 1
(46,3) : 1
(8,0) : 24
(36,1) : 1
(46,1) : 1
(20,0) : 2
(7,0) : 35
(44,3) : 2
(15,0) : 4
(27,1) : 1
(22,0) : 1
(47,0) : 1
(19,0) : 1
(10,1) : 1
(12,0) : 9
(46,0) : 1
(47,3) : 1
(45,2) : 1
(12,1) : 1
(41,0) : 1
(44,2) : 1
(34,0) : 1
(15,1) : 1
(0,1) : 1
(45,3) : 1
(32,0) : 1
(16,0) : 6
(1,1) : 2
(9,1) : 2
(7,1) : 1
(4,1) : 2
(0,0) : 4
(4,2) : 1
(2,1) : 2
(5,1) : 1
