pop size : 10000, betaG : 0.08500, lambdaH : 0.10000, lambdaW : 0.00100, gamma : 0.12500, Tmax : 150.00, threshold of infected : 0.010
0.37 0.32 0.13 0.12 0.04 0.02 
0.2192 0.12 0.08 0.06 0.05 0.045 0.04 0.035 0.03 0.02 0.02 0.02 0.015 0.015 0.015 0.015 0.001 0.001 0.001 0.001 0.001 0.001 0.001 0.001 0.001 0.001 0.001 0.001 0.001 0.001 0.001 0.001 0.001 0.001 0.001 0.001 0.001 0.001 0.001 0.001 0.001 0.0001 0.0001 0.0001 0.0001 0.0001 0.0001 0.0001 0.0001 0.175 
Proportion of infected at cutoff : 0.0100
Proportion of susceptibles at cutoff : 0.9786
(13,0) : 17
(16,0) : 7
(48,0) : 5
(1,0) : 156
(47,2) : 3
(50,0) : 54
(14,0) : 6
(8,0) : 32
(18,1) : 1
(26,0) : 2
(49,0) : 24
(48,2) : 5
(2,0) : 86
(49,1) : 17
(46,3) : 2
(47,1) : 3
(46,1) : 3
(12,0) : 21
(7,0) : 18
(30,0) : 1
(9,0) : 21
(5,0) : 40
(6,0) : 30
(4,0) : 34
(45,3) : 1
(40,0) : 2
(48,1) : 3
(47,3) : 2
(11,0) : 19
(46,2) : 1
(34,0) : 1
(10,0) : 16
(3,0) : 50
(14,1) : 1
(23,1) : 1
(42,6) : 1
(39,0) : 1
(7,1) : 4
(15,0) : 13
(21,1) : 1
(46,0) : 1
(38,0) : 1
(47,0) : 1
(42,0) : 1
(36,0) : 2
(45,4) : 1
(22,0) : 1
(41,3) : 1
(4,1) : 1
(2,1) : 2
(44,3) : 1
(18,0) : 2
(40,1) : 1
(9,1) : 2
(8,1) : 1
(20,0) : 1
(5,1) : 2
(11,1) : 1
(12,1) : 1
(13,1) : 1
(3,1) : 1
(1,1) : 1
(0,1) : 3
(0,0) : 2
