pop size : 10000, betaG : 0.08500, lambdaH : 0.10000, lambdaW : 0.00100, gamma : 0.12500, Tmax : 150.00, threshold of infected : 0.010
0.37 0.32 0.13 0.12 0.04 0.02 
0.2192 0.12 0.08 0.06 0.05 0.045 0.04 0.035 0.03 0.02 0.02 0.02 0.015 0.015 0.015 0.015 0.001 0.001 0.001 0.001 0.001 0.001 0.001 0.001 0.001 0.001 0.001 0.001 0.001 0.001 0.001 0.001 0.001 0.001 0.001 0.001 0.001 0.001 0.001 0.001 0.001 0.0001 0.0001 0.0001 0.0001 0.0001 0.0001 0.0001 0.0001 0.175 
Proportion of infected at cutoff : 0.0100
Proportion of susceptibles at cutoff : 0.9822
(48,0) : 6
(2,0) : 71
(49,0) : 13
(7,0) : 22
(13,0) : 13
(38,0) : 1
(50,0) : 62
(5,0) : 38
(3,0) : 62
(49,1) : 29
(48,1) : 10
(16,0) : 10
(9,0) : 18
(15,0) : 11
(48,2) : 4
(1,0) : 167
(26,0) : 1
(32,0) : 1
(14,0) : 9
(6,0) : 33
(8,0) : 27
(44,2) : 1
(4,0) : 48
(10,0) : 13
(12,0) : 11
(35,0) : 1
(47,2) : 2
(11,0) : 9
(47,3) : 1
(47,0) : 2
(13,1) : 2
(47,1) : 1
(30,1) : 1
(11,1) : 2
(26,1) : 1
(34,1) : 1
(46,3) : 1
(19,0) : 2
(29,0) : 1
(46,2) : 1
(32,1) : 1
(6,1) : 3
(31,0) : 1
(25,0) : 1
(44,4) : 1
(9,1) : 1
(33,3) : 1
(8,1) : 2
(12,1) : 1
(28,0) : 1
(22,0) : 1
(6,2) : 1
(4,1) : 3
(27,0) : 1
(5,1) : 2
(10,1) : 2
(7,1) : 1
(3,1) : 2
(1,1) : 2
(0,1) : 1
(2,1) : 1
(0,0) : 2
