pop size : 10000, betaG : 0.08500, lambdaH : 0.10000, lambdaW : 0.00100, gamma : 0.12500, Tmax : 150.00, threshold of infected : 0.010
0.37 0.32 0.13 0.12 0.04 0.02 
0.2192 0.12 0.08 0.06 0.05 0.045 0.04 0.035 0.03 0.02 0.02 0.02 0.015 0.015 0.015 0.015 0.001 0.001 0.001 0.001 0.001 0.001 0.001 0.001 0.001 0.001 0.001 0.001 0.001 0.001 0.001 0.001 0.001 0.001 0.001 0.001 0.001 0.001 0.001 0.001 0.001 0.0001 0.0001 0.0001 0.0001 0.0001 0.0001 0.0001 0.0001 0.175 
Proportion of infected at cutoff : 0.0100
Proportion of susceptibles at cutoff : 0.9745
(32,0) : 2
(47,1) : 4
(48,0) : 10
(49,1) : 20
(49,0) : 30
(13,0) : 6
(50,0) : 40
(39,3) : 1
(47,2) : 4
(3,0) : 49
(11,0) : 10
(4,0) : 40
(2,0) : 85
(4,1) : 2
(48,1) : 10
(8,0) : 16
(28,0) : 1
(7,0) : 25
(46,0) : 1
(31,1) : 1
(46,1) : 1
(43,3) : 1
(12,0) : 12
(14,0) : 16
(45,0) : 1
(45,4) : 1
(29,0) : 1
(46,2) : 4
(8,1) : 4
(10,0) : 11
(5,0) : 34
(9,0) : 19
(7,1) : 2
(37,1) : 1
(1,0) : 178
(48,2) : 2
(41,0) : 1
(11,1) : 1
(47,0) : 3
(6,0) : 29
(26,1) : 1
(27,0) : 1
(35,0) : 1
(22,0) : 1
(16,0) : 13
(15,0) : 7
(26,2) : 1
(10,1) : 1
(2,1) : 1
(31,0) : 1
(18,0) : 1
(5,1) : 4
(44,2) : 1
(38,0) : 2
(34,0) : 1
(14,1) : 1
(13,1) : 1
(36,3) : 1
(24,0) : 1
(20,0) : 1
(12,1) : 1
(23,1) : 1
(8,2) : 1
(1,1) : 3
(3,1) : 1
(0,0) : 1
