pop size : 10000, betaG : 0.08500, lambdaH : 0.10000, lambdaW : 0.00100, gamma : 0.12500, Tmax : 150.00, threshold of infected : 0.010
0.37 0.32 0.13 0.12 0.04 0.02 
0.2192 0.12 0.08 0.06 0.05 0.045 0.04 0.035 0.03 0.02 0.02 0.02 0.015 0.015 0.015 0.015 0.001 0.001 0.001 0.001 0.001 0.001 0.001 0.001 0.001 0.001 0.001 0.001 0.001 0.001 0.001 0.001 0.001 0.001 0.001 0.001 0.001 0.001 0.001 0.001 0.001 0.0001 0.0001 0.0001 0.0001 0.0001 0.0001 0.0001 0.0001 0.175 
Proportion of infected at cutoff : 0.0100
Proportion of susceptibles at cutoff : 0.9770
(3,0) : 54
(46,2) : 2
(50,0) : 42
(6,0) : 30
(40,0) : 1
(30,0) : 1
(48,0) : 9
(49,0) : 26
(11,0) : 17
(9,0) : 23
(15,0) : 10
(45,3) : 1
(47,1) : 4
(36,0) : 1
(14,0) : 6
(49,1) : 22
(48,2) : 9
(8,1) : 3
(7,0) : 27
(5,0) : 38
(13,0) : 12
(38,0) : 1
(32,0) : 1
(8,0) : 31
(47,2) : 1
(1,0) : 174
(16,0) : 7
(46,1) : 2
(4,0) : 47
(48,1) : 6
(2,0) : 102
(47,0) : 3
(10,0) : 11
(28,0) : 2
(25,1) : 1
(46,0) : 1
(14,2) : 2
(39,0) : 1
(15,1) : 5
(12,0) : 9
(10,1) : 1
(47,3) : 1
(1,1) : 3
(26,0) : 1
(34,1) : 1
(44,4) : 1
(7,1) : 4
(39,1) : 1
(31,0) : 1
(4,1) : 1
(23,0) : 1
(13,1) : 1
(45,0) : 1
(6,1) : 1
(11,1) : 2
(12,1) : 1
(20,0) : 1
(27,0) : 1
(5,1) : 1
(2,1) : 2
(0,0) : 2
