pop size : 10000, betaG : 0.08500, lambdaH : 0.10000, lambdaW : 0.00100, gamma : 0.12500, Tmax : 150.00, threshold of infected : 0.010
0.37 0.32 0.13 0.12 0.04 0.02 
0.2192 0.12 0.08 0.06 0.05 0.045 0.04 0.035 0.03 0.02 0.02 0.02 0.015 0.015 0.015 0.015 0.001 0.001 0.001 0.001 0.001 0.001 0.001 0.001 0.001 0.001 0.001 0.001 0.001 0.001 0.001 0.001 0.001 0.001 0.001 0.001 0.001 0.001 0.001 0.001 0.001 0.0001 0.0001 0.0001 0.0001 0.0001 0.0001 0.0001 0.0001 0.175 
Proportion of infected at cutoff : 0.0100
Proportion of susceptibles at cutoff : 0.9758
(49,0) : 20
(46,0) : 2
(9,0) : 18
(50,0) : 47
(45,1) : 1
(46,1) : 4
(49,1) : 19
(8,0) : 26
(5,0) : 43
(47,2) : 3
(11,0) : 12
(48,1) : 15
(28,0) : 1
(4,0) : 32
(2,0) : 88
(7,1) : 3
(47,0) : 5
(7,0) : 29
(36,2) : 1
(19,0) : 1
(10,1) : 2
(35,1) : 1
(2,1) : 3
(29,0) : 2
(13,1) : 3
(47,1) : 4
(12,0) : 14
(1,0) : 178
(3,0) : 56
(10,0) : 13
(5,1) : 1
(14,0) : 12
(46,2) : 1
(6,0) : 41
(41,0) : 1
(46,4) : 1
(48,0) : 7
(15,0) : 10
(48,2) : 2
(40,1) : 1
(11,1) : 2
(47,3) : 1
(35,0) : 1
(12,1) : 2
(16,0) : 3
(13,0) : 5
(38,2) : 1
(0,0) : 4
(25,0) : 1
(3,1) : 1
(36,0) : 1
(19,1) : 1
(17,0) : 1
(31,0) : 1
(44,2) : 1
(26,0) : 1
(44,3) : 1
(17,3) : 1
(6,1) : 1
(4,1) : 2
(32,1) : 1
(0,1) : 1
(1,1) : 1
