pop size : 10000, betaG : 0.08500, lambdaH : 0.10000, lambdaW : 0.00100, gamma : 0.12500, Tmax : 150.00, threshold of infected : 0.010
0.37 0.32 0.13 0.12 0.04 0.02 
0.2192 0.12 0.08 0.06 0.05 0.045 0.04 0.035 0.03 0.02 0.02 0.02 0.015 0.015 0.015 0.015 0.001 0.001 0.001 0.001 0.001 0.001 0.001 0.001 0.001 0.001 0.001 0.001 0.001 0.001 0.001 0.001 0.001 0.001 0.001 0.001 0.001 0.001 0.001 0.001 0.001 0.0001 0.0001 0.0001 0.0001 0.0001 0.0001 0.0001 0.0001 0.175 
Proportion of infected at cutoff : 0.0100
Proportion of susceptibles at cutoff : 0.9753
(49,0) : 18
(13,0) : 8
(50,0) : 57
(9,0) : 29
(10,0) : 16
(8,0) : 28
(48,2) : 2
(5,0) : 24
(48,1) : 12
(1,0) : 181
(15,0) : 11
(14,0) : 7
(49,1) : 10
(4,0) : 55
(47,1) : 5
(41,0) : 1
(7,0) : 25
(47,2) : 1
(3,0) : 48
(2,0) : 97
(11,0) : 18
(3,1) : 1
(8,1) : 1
(30,0) : 1
(44,0) : 1
(23,0) : 1
(41,5) : 1
(35,1) : 1
(6,0) : 29
(46,1) : 2
(12,0) : 9
(46,0) : 2
(48,0) : 6
(35,0) : 1
(45,4) : 1
(46,3) : 2
(33,0) : 2
(16,0) : 8
(9,1) : 2
(47,0) : 3
(6,1) : 5
(26,0) : 1
(36,0) : 1
(17,0) : 1
(32,1) : 1
(46,2) : 2
(37,0) : 1
(38,0) : 1
(25,0) : 1
(44,2) : 1
(24,0) : 1
(47,3) : 1
(22,0) : 2
(13,1) : 2
(8,2) : 1
(20,0) : 1
(39,2) : 1
(16,1) : 1
(5,1) : 4
(45,2) : 1
(19,0) : 1
(14,1) : 1
(15,1) : 1
(11,1) : 1
(45,5) : 1
(39,0) : 1
(7,2) : 1
(1,1) : 1
(0,0) : 1
(0,1) : 4
(10,1) : 1
(2,1) : 1
