pop size : 10000, betaG : 0.08500, lambdaH : 0.10000, lambdaW : 0.00100, gamma : 0.12500, Tmax : 150.00, threshold of infected : 0.010
0.37 0.32 0.13 0.12 0.04 0.02 
0.2192 0.12 0.08 0.06 0.05 0.045 0.04 0.035 0.03 0.02 0.02 0.02 0.015 0.015 0.015 0.015 0.001 0.001 0.001 0.001 0.001 0.001 0.001 0.001 0.001 0.001 0.001 0.001 0.001 0.001 0.001 0.001 0.001 0.001 0.001 0.001 0.001 0.001 0.001 0.001 0.001 0.0001 0.0001 0.0001 0.0001 0.0001 0.0001 0.0001 0.0001 0.175 
Proportion of infected at cutoff : 0.0100
Proportion of susceptibles at cutoff : 0.9771
(3,0) : 67
(49,0) : 21
(50,0) : 51
(16,0) : 8
(12,0) : 17
(14,1) : 2
(9,0) : 24
(47,2) : 3
(46,1) : 3
(4,0) : 34
(5,0) : 29
(29,0) : 1
(18,0) : 2
(11,0) : 13
(48,1) : 9
(2,0) : 78
(47,1) : 6
(26,0) : 1
(49,1) : 20
(14,0) : 4
(48,2) : 6
(36,2) : 1
(6,0) : 46
(1,0) : 151
(39,0) : 1
(10,0) : 12
(8,0) : 26
(45,3) : 1
(48,0) : 8
(7,0) : 24
(31,0) : 1
(15,0) : 8
(11,1) : 4
(47,3) : 3
(9,1) : 2
(17,0) : 1
(25,0) : 1
(24,0) : 1
(13,0) : 9
(34,1) : 1
(47,0) : 2
(44,1) : 1
(32,0) : 1
(37,1) : 1
(16,1) : 1
(41,0) : 1
(20,0) : 1
(0,0) : 6
(6,1) : 2
(46,2) : 1
(21,1) : 1
(1,1) : 2
(23,0) : 1
(10,1) : 1
(3,1) : 3
(2,1) : 2
(5,1) : 2
(8,1) : 1
(0,1) : 2
