pop size : 10000, betaG : 0.08500, lambdaH : 0.10000, lambdaW : 0.00100, gamma : 0.12500, Tmax : 150.00, threshold of infected : 0.010
0.37 0.32 0.13 0.12 0.04 0.02 
0.2192 0.12 0.08 0.06 0.05 0.045 0.04 0.035 0.03 0.02 0.02 0.02 0.015 0.015 0.015 0.015 0.001 0.001 0.001 0.001 0.001 0.001 0.001 0.001 0.001 0.001 0.001 0.001 0.001 0.001 0.001 0.001 0.001 0.001 0.001 0.001 0.001 0.001 0.001 0.001 0.001 0.0001 0.0001 0.0001 0.0001 0.0001 0.0001 0.0001 0.0001 0.175 
Proportion of infected at cutoff : 0.0100
Proportion of susceptibles at cutoff : 0.9793
(50,0) : 44
(49,0) : 24
(14,0) : 8
(10,0) : 22
(6,0) : 27
(8,0) : 32
(13,0) : 10
(48,2) : 5
(9,0) : 25
(39,0) : 3
(49,1) : 19
(44,2) : 1
(16,0) : 12
(5,1) : 3
(13,1) : 2
(48,1) : 8
(4,0) : 36
(45,2) : 1
(48,0) : 5
(7,1) : 1
(23,0) : 1
(3,0) : 69
(5,0) : 35
(27,0) : 2
(41,0) : 1
(7,0) : 31
(46,1) : 1
(47,3) : 3
(40,0) : 2
(36,1) : 2
(46,2) : 2
(12,0) : 18
(47,2) : 3
(15,1) : 2
(11,0) : 22
(47,1) : 3
(15,0) : 7
(31,0) : 1
(22,0) : 2
(37,0) : 1
(44,0) : 1
(2,0) : 97
(12,2) : 1
(38,0) : 1
(25,0) : 1
(11,1) : 1
(6,1) : 3
(1,0) : 151
(46,4) : 1
(4,1) : 3
(36,0) : 1
(12,1) : 2
(24,0) : 1
(8,1) : 3
(30,0) : 1
(32,0) : 1
(33,0) : 1
(20,0) : 1
(2,1) : 1
(1,1) : 2
(3,1) : 1
(10,1) : 1
(0,0) : 2
(0,1) : 1
(1,2) : 1
