pop size : 10000, betaG : 0.08500, lambdaH : 0.10000, lambdaW : 0.00100, gamma : 0.12500, Tmax : 150.00, threshold of infected : 0.010
0.37 0.32 0.13 0.12 0.04 0.02 
0.2192 0.12 0.08 0.06 0.05 0.045 0.04 0.035 0.03 0.02 0.02 0.02 0.015 0.015 0.015 0.015 0.001 0.001 0.001 0.001 0.001 0.001 0.001 0.001 0.001 0.001 0.001 0.001 0.001 0.001 0.001 0.001 0.001 0.001 0.001 0.001 0.001 0.001 0.001 0.001 0.001 0.0001 0.0001 0.0001 0.0001 0.0001 0.0001 0.0001 0.0001 0.175 
Proportion of infected at cutoff : 0.0100
Proportion of susceptibles at cutoff : 0.9795
(45,3) : 2
(14,0) : 8
(5,0) : 42
(36,1) : 2
(12,0) : 23
(50,0) : 62
(49,0) : 16
(4,0) : 43
(10,0) : 16
(23,0) : 1
(48,2) : 4
(27,0) : 1
(9,0) : 19
(1,0) : 173
(49,1) : 15
(44,5) : 1
(46,3) : 1
(48,1) : 9
(46,1) : 2
(47,1) : 2
(12,1) : 2
(37,1) : 1
(36,0) : 1
(48,0) : 4
(28,0) : 1
(8,0) : 27
(14,1) : 2
(38,0) : 1
(47,2) : 6
(15,0) : 7
(2,0) : 96
(9,1) : 3
(11,0) : 8
(29,0) : 1
(13,0) : 13
(45,2) : 1
(47,3) : 2
(46,2) : 1
(3,0) : 57
(7,1) : 1
(7,0) : 30
(20,0) : 2
(40,1) : 1
(21,0) : 1
(8,1) : 3
(6,0) : 28
(44,1) : 1
(25,1) : 1
(25,0) : 1
(16,0) : 3
(32,0) : 1
(46,0) : 2
(47,0) : 2
(1,1) : 3
(6,1) : 1
(4,1) : 2
(5,2) : 1
(10,1) : 1
(17,0) : 1
(13,1) : 1
(11,1) : 1
