pop size : 10000, betaG : 0.08500, lambdaH : 0.10000, lambdaW : 0.00100, gamma : 0.12500, Tmax : 150.00, threshold of infected : 0.010
0.37 0.32 0.13 0.12 0.04 0.02 
0.2192 0.12 0.08 0.06 0.05 0.045 0.04 0.035 0.03 0.02 0.02 0.02 0.015 0.015 0.015 0.015 0.001 0.001 0.001 0.001 0.001 0.001 0.001 0.001 0.001 0.001 0.001 0.001 0.001 0.001 0.001 0.001 0.001 0.001 0.001 0.001 0.001 0.001 0.001 0.001 0.001 0.0001 0.0001 0.0001 0.0001 0.0001 0.0001 0.0001 0.0001 0.175 
Proportion of infected at cutoff : 0.0100
Proportion of susceptibles at cutoff : 0.9796
(5,0) : 48
(48,1) : 9
(49,0) : 23
(50,0) : 51
(8,0) : 22
(6,0) : 33
(49,1) : 14
(7,0) : 27
(11,0) : 19
(24,0) : 3
(16,0) : 13
(48,0) : 5
(39,1) : 1
(47,2) : 4
(12,0) : 16
(11,1) : 2
(13,0) : 14
(9,0) : 19
(47,3) : 2
(10,0) : 10
(48,2) : 2
(15,0) : 14
(1,0) : 171
(6,1) : 2
(32,3) : 1
(20,0) : 2
(43,3) : 2
(4,0) : 51
(22,3) : 1
(2,0) : 91
(17,0) : 1
(23,0) : 1
(45,4) : 1
(3,0) : 60
(47,1) : 6
(46,3) : 1
(5,2) : 1
(5,1) : 3
(46,2) : 1
(14,0) : 9
(37,1) : 1
(34,0) : 1
(46,0) : 1
(38,0) : 1
(40,0) : 1
(4,1) : 2
(8,1) : 1
(36,0) : 1
(35,0) : 1
(45,2) : 1
(14,1) : 2
(13,1) : 1
(26,0) : 1
(25,0) : 1
(9,2) : 1
(23,1) : 1
(31,0) : 1
(33,0) : 1
(15,1) : 2
(36,1) : 1
(7,1) : 2
(29,0) : 1
(12,1) : 1
(1,1) : 2
(3,1) : 1
(0,1) : 1
(0,0) : 2
