pop size : 10000, betaG : 0.08500, lambdaH : 0.10000, lambdaW : 0.00100, gamma : 0.12500, Tmax : 150.00, threshold of infected : 0.010
0.37 0.32 0.13 0.12 0.04 0.02 
0.2192 0.12 0.08 0.06 0.05 0.045 0.04 0.035 0.03 0.02 0.02 0.02 0.015 0.015 0.015 0.015 0.001 0.001 0.001 0.001 0.001 0.001 0.001 0.001 0.001 0.001 0.001 0.001 0.001 0.001 0.001 0.001 0.001 0.001 0.001 0.001 0.001 0.001 0.001 0.001 0.001 0.0001 0.0001 0.0001 0.0001 0.0001 0.0001 0.0001 0.0001 0.175 
Proportion of infected at cutoff : 0.0100
Proportion of susceptibles at cutoff : 0.9780
(12,0) : 19
(50,0) : 42
(15,0) : 11
(35,1) : 2
(13,0) : 16
(47,2) : 3
(48,0) : 8
(11,0) : 17
(41,0) : 2
(46,0) : 1
(48,1) : 12
(49,0) : 21
(8,0) : 18
(49,1) : 21
(2,0) : 70
(47,3) : 1
(5,0) : 39
(45,3) : 1
(3,0) : 55
(16,0) : 11
(4,0) : 35
(17,0) : 1
(6,0) : 24
(47,1) : 4
(7,0) : 32
(48,2) : 11
(46,2) : 1
(26,0) : 1
(1,0) : 143
(32,0) : 1
(10,0) : 14
(14,0) : 14
(30,0) : 1
(28,0) : 1
(46,1) : 2
(9,1) : 2
(47,0) : 1
(9,0) : 21
(35,0) : 1
(38,1) : 1
(34,0) : 1
(11,1) : 2
(31,0) : 1
(10,1) : 2
(42,2) : 1
(6,1) : 1
(14,1) : 1
(46,3) : 1
(15,1) : 1
(0,1) : 3
(3,1) : 1
(21,0) : 1
(7,1) : 2
(23,0) : 1
(0,0) : 1
(25,0) : 1
(5,1) : 1
(1,1) : 1
