pop size : 10000, betaG : 0.08500, lambdaH : 0.10000, lambdaW : 0.00100, gamma : 0.12500, Tmax : 150.00, threshold of infected : 0.010
0.37 0.32 0.13 0.12 0.04 0.02 
0.2192 0.12 0.08 0.06 0.05 0.045 0.04 0.035 0.03 0.02 0.02 0.02 0.015 0.015 0.015 0.015 0.001 0.001 0.001 0.001 0.001 0.001 0.001 0.001 0.001 0.001 0.001 0.001 0.001 0.001 0.001 0.001 0.001 0.001 0.001 0.001 0.001 0.001 0.001 0.001 0.001 0.0001 0.0001 0.0001 0.0001 0.0001 0.0001 0.0001 0.0001 0.175 
Proportion of infected at cutoff : 0.0100
Proportion of susceptibles at cutoff : 0.9746
(6,0) : 31
(48,0) : 8
(50,0) : 42
(49,1) : 19
(48,1) : 12
(15,0) : 17
(44,1) : 1
(25,1) : 1
(49,0) : 23
(19,0) : 1
(46,0) : 2
(8,0) : 21
(46,1) : 5
(47,2) : 4
(2,0) : 93
(22,0) : 1
(10,0) : 8
(9,1) : 4
(9,0) : 16
(31,0) : 1
(4,0) : 57
(44,2) : 1
(16,0) : 12
(20,2) : 1
(33,0) : 1
(1,0) : 185
(3,0) : 59
(12,0) : 10
(46,3) : 3
(11,0) : 17
(8,1) : 1
(28,0) : 1
(14,0) : 10
(5,0) : 52
(36,0) : 1
(47,1) : 2
(24,0) : 1
(48,2) : 2
(7,0) : 28
(47,0) : 2
(45,0) : 1
(12,1) : 3
(13,1) : 1
(43,3) : 1
(23,0) : 1
(3,1) : 2
(42,0) : 1
(29,1) : 1
(32,1) : 1
(2,1) : 2
(14,1) : 2
(25,0) : 1
(24,1) : 1
(29,0) : 1
(18,0) : 1
(13,2) : 1
(9,2) : 1
(11,1) : 1
(13,0) : 8
(32,0) : 1
(6,1) : 1
(27,0) : 1
(4,1) : 2
(0,1) : 5
(15,1) : 1
(0,0) : 2
