pop size : 10000, betaG : 0.08500, lambdaH : 0.10000, lambdaW : 0.00100, gamma : 0.12500, Tmax : 150.00, threshold of infected : 0.010
0.37 0.32 0.13 0.12 0.04 0.02 
0.2192 0.12 0.08 0.06 0.05 0.045 0.04 0.035 0.03 0.02 0.02 0.02 0.015 0.015 0.015 0.015 0.001 0.001 0.001 0.001 0.001 0.001 0.001 0.001 0.001 0.001 0.001 0.001 0.001 0.001 0.001 0.001 0.001 0.001 0.001 0.001 0.001 0.001 0.001 0.001 0.001 0.0001 0.0001 0.0001 0.0001 0.0001 0.0001 0.0001 0.0001 0.175 
Proportion of infected at cutoff : 0.0100
Proportion of susceptibles at cutoff : 0.9806
(16,0) : 11
(50,0) : 61
(49,0) : 17
(6,0) : 25
(9,1) : 1
(13,0) : 13
(35,0) : 2
(11,0) : 19
(49,1) : 20
(48,2) : 5
(4,0) : 47
(9,0) : 20
(12,0) : 10
(7,1) : 3
(1,0) : 187
(15,0) : 6
(45,3) : 2
(46,1) : 2
(26,1) : 2
(7,0) : 19
(8,0) : 27
(40,1) : 2
(2,0) : 90
(3,0) : 64
(47,2) : 4
(48,0) : 4
(14,1) : 1
(5,0) : 35
(23,1) : 1
(47,0) : 1
(48,1) : 10
(10,0) : 15
(45,0) : 1
(5,1) : 3
(14,0) : 11
(11,1) : 3
(46,2) : 1
(47,3) : 2
(20,1) : 1
(2,1) : 6
(37,1) : 1
(13,1) : 1
(47,1) : 2
(4,1) : 1
(40,0) : 1
(41,0) : 1
(18,0) : 1
(17,0) : 2
(27,0) : 1
(25,0) : 1
(32,0) : 1
(22,0) : 1
(0,0) : 3
(1,1) : 3
(10,1) : 1
(8,1) : 1
(3,1) : 1
(0,1) : 2
