pop size : 10000, betaG : 0.08500, lambdaH : 0.10000, lambdaW : 0.00100, gamma : 0.12500, Tmax : 150.00, threshold of infected : 0.010
0.37 0.32 0.13 0.12 0.04 0.02 
0.2192 0.12 0.08 0.06 0.05 0.045 0.04 0.035 0.03 0.02 0.02 0.02 0.015 0.015 0.015 0.015 0.001 0.001 0.001 0.001 0.001 0.001 0.001 0.001 0.001 0.001 0.001 0.001 0.001 0.001 0.001 0.001 0.001 0.001 0.001 0.001 0.001 0.001 0.001 0.001 0.001 0.0001 0.0001 0.0001 0.0001 0.0001 0.0001 0.0001 0.0001 0.175 
Proportion of infected at cutoff : 0.0100
Proportion of susceptibles at cutoff : 0.9746
(49,0) : 25
(8,0) : 26
(48,1) : 15
(50,0) : 46
(11,0) : 15
(23,0) : 1
(48,0) : 10
(46,2) : 2
(38,1) : 1
(16,0) : 15
(7,0) : 40
(2,0) : 91
(1,0) : 178
(48,2) : 6
(6,0) : 40
(15,0) : 10
(47,1) : 3
(40,0) : 2
(46,0) : 1
(27,0) : 1
(12,0) : 10
(47,2) : 4
(10,0) : 15
(14,0) : 7
(21,2) : 1
(9,0) : 17
(14,2) : 2
(3,0) : 62
(5,0) : 40
(11,1) : 1
(13,0) : 7
(42,5) : 1
(49,1) : 8
(4,0) : 43
(6,1) : 5
(36,1) : 1
(47,0) : 5
(45,2) : 1
(2,1) : 2
(22,0) : 1
(5,1) : 3
(33,0) : 1
(14,1) : 1
(10,1) : 1
(30,0) : 1
(22,1) : 1
(46,3) : 1
(8,1) : 2
(7,1) : 2
(42,2) : 1
(27,1) : 1
(41,0) : 1
(45,4) : 1
(12,1) : 1
(20,2) : 1
(21,0) : 1
(9,1) : 1
(1,1) : 2
(0,0) : 3
(0,1) : 1
