pop size : 10000, betaG : 0.08500, lambdaH : 0.10000, lambdaW : 0.00100, gamma : 0.12500, Tmax : 150.00, threshold of infected : 0.010
0.37 0.32 0.13 0.12 0.04 0.02 
0.2192 0.12 0.08 0.06 0.05 0.045 0.04 0.035 0.03 0.02 0.02 0.02 0.015 0.015 0.015 0.015 0.001 0.001 0.001 0.001 0.001 0.001 0.001 0.001 0.001 0.001 0.001 0.001 0.001 0.001 0.001 0.001 0.001 0.001 0.001 0.001 0.001 0.001 0.001 0.001 0.001 0.0001 0.0001 0.0001 0.0001 0.0001 0.0001 0.0001 0.0001 0.175 
Proportion of infected at cutoff : 0.0100
Proportion of susceptibles at cutoff : 0.9750
(46,4) : 2
(50,0) : 48
(47,3) : 2
(5,0) : 40
(34,2) : 1
(2,0) : 83
(49,0) : 26
(12,0) : 18
(49,1) : 15
(48,0) : 6
(48,1) : 11
(7,0) : 32
(6,0) : 33
(38,0) : 1
(47,2) : 4
(39,0) : 1
(40,0) : 1
(36,0) : 2
(15,0) : 8
(9,0) : 22
(48,2) : 4
(47,0) : 3
(47,1) : 2
(16,0) : 6
(46,3) : 1
(8,0) : 18
(3,0) : 58
(46,2) : 1
(29,0) : 2
(39,2) : 1
(11,1) : 1
(43,1) : 1
(10,0) : 15
(45,3) : 1
(14,0) : 16
(0,0) : 2
(10,1) : 4
(3,1) : 2
(4,0) : 38
(46,0) : 2
(12,1) : 2
(45,2) : 1
(1,0) : 169
(33,1) : 1
(13,0) : 9
(42,3) : 1
(34,1) : 1
(11,0) : 9
(13,1) : 1
(9,1) : 2
(8,1) : 1
(26,0) : 1
(26,1) : 1
(39,3) : 1
(23,0) : 1
(33,0) : 1
(5,1) : 2
(24,0) : 1
(22,0) : 1
(2,1) : 1
(6,1) : 1
(0,1) : 1
