pop size : 10000, betaG : 0.08500, lambdaH : 0.10000, lambdaW : 0.00100, gamma : 0.12500, Tmax : 150.00, threshold of infected : 0.010
0.37 0.32 0.13 0.12 0.04 0.02 
0.2192 0.12 0.08 0.06 0.05 0.045 0.04 0.035 0.03 0.02 0.02 0.02 0.015 0.015 0.015 0.015 0.001 0.001 0.001 0.001 0.001 0.001 0.001 0.001 0.001 0.001 0.001 0.001 0.001 0.001 0.001 0.001 0.001 0.001 0.001 0.001 0.001 0.001 0.001 0.001 0.001 0.0001 0.0001 0.0001 0.0001 0.0001 0.0001 0.0001 0.0001 0.175 
Proportion of infected at cutoff : 0.0100
Proportion of susceptibles at cutoff : 0.9735
(48,0) : 9
(49,1) : 17
(7,0) : 29
(49,0) : 23
(10,0) : 18
(46,1) : 3
(50,0) : 34
(39,0) : 1
(47,2) : 3
(35,0) : 1
(6,0) : 29
(4,0) : 28
(48,2) : 7
(20,0) : 2
(15,0) : 15
(14,0) : 12
(12,0) : 16
(16,0) : 6
(8,0) : 22
(48,1) : 14
(5,0) : 41
(45,2) : 1
(29,1) : 1
(47,1) : 4
(44,3) : 2
(11,1) : 4
(11,0) : 6
(38,1) : 1
(41,0) : 1
(22,0) : 2
(37,0) : 1
(42,1) : 1
(47,0) : 4
(25,0) : 5
(40,0) : 1
(1,0) : 163
(9,2) : 1
(3,0) : 73
(46,0) : 1
(2,0) : 102
(13,0) : 15
(47,3) : 1
(45,3) : 1
(32,2) : 1
(30,0) : 1
(4,1) : 3
(32,0) : 2
(9,0) : 18
(29,0) : 2
(17,0) : 1
(38,0) : 1
(6,1) : 1
(42,0) : 1
(7,1) : 1
(8,1) : 1
(5,1) : 2
(0,0) : 3
(26,0) : 1
(31,0) : 1
(1,1) : 2
(6,2) : 1
(14,1) : 1
(3,1) : 1
(0,1) : 3
