pop size : 10000, betaG : 0.08500, lambdaH : 0.10000, lambdaW : 0.00100, gamma : 0.12500, Tmax : 150.00, threshold of infected : 0.010
0.37 0.32 0.13 0.12 0.04 0.02 
0.2192 0.12 0.08 0.06 0.05 0.045 0.04 0.035 0.03 0.02 0.02 0.02 0.015 0.015 0.015 0.015 0.001 0.001 0.001 0.001 0.001 0.001 0.001 0.001 0.001 0.001 0.001 0.001 0.001 0.001 0.001 0.001 0.001 0.001 0.001 0.001 0.001 0.001 0.001 0.001 0.001 0.0001 0.0001 0.0001 0.0001 0.0001 0.0001 0.0001 0.0001 0.175 
Proportion of infected at cutoff : 0.0100
Proportion of susceptibles at cutoff : 0.9829
(50,0) : 71
(8,0) : 21
(49,0) : 17
(49,1) : 17
(4,0) : 42
(45,2) : 1
(48,1) : 7
(26,0) : 1
(7,0) : 32
(12,0) : 11
(13,0) : 13
(6,0) : 35
(3,0) : 59
(48,2) : 5
(2,0) : 86
(25,1) : 1
(9,0) : 16
(15,0) : 13
(47,2) : 4
(1,0) : 146
(45,3) : 1
(5,0) : 41
(10,0) : 10
(36,0) : 1
(43,5) : 1
(46,2) : 3
(16,0) : 12
(48,0) : 3
(11,0) : 12
(47,3) : 1
(18,0) : 3
(29,0) : 1
(9,1) : 3
(18,1) : 1
(32,0) : 1
(38,0) : 1
(14,0) : 7
(41,0) : 1
(45,0) : 1
(1,1) : 6
(4,1) : 2
(11,1) : 2
(20,0) : 1
(22,0) : 1
(7,1) : 1
(47,0) : 1
(12,1) : 2
(28,0) : 2
(27,1) : 1
(26,1) : 1
(3,1) : 4
(8,1) : 1
(15,1) : 1
(14,1) : 2
(13,1) : 2
(11,2) : 1
(10,1) : 1
(4,3) : 1
(5,1) : 1
(0,0) : 2
(0,1) : 2
