pop size : 10000, betaG : 0.08500, lambdaH : 0.10000, lambdaW : 0.00100, gamma : 0.12500, Tmax : 150.00, threshold of infected : 0.010
0.37 0.32 0.13 0.12 0.04 0.02 
0.2192 0.12 0.08 0.06 0.05 0.045 0.04 0.035 0.03 0.02 0.02 0.02 0.015 0.015 0.015 0.015 0.001 0.001 0.001 0.001 0.001 0.001 0.001 0.001 0.001 0.001 0.001 0.001 0.001 0.001 0.001 0.001 0.001 0.001 0.001 0.001 0.001 0.001 0.001 0.001 0.001 0.0001 0.0001 0.0001 0.0001 0.0001 0.0001 0.0001 0.0001 0.175 
Proportion of infected at cutoff : 0.0100
Proportion of susceptibles at cutoff : 0.9794
(50,0) : 45
(13,0) : 9
(48,1) : 9
(14,0) : 13
(49,0) : 17
(49,1) : 19
(36,0) : 3
(9,0) : 24
(15,0) : 13
(8,0) : 26
(2,0) : 100
(3,0) : 74
(47,3) : 4
(1,0) : 159
(4,0) : 47
(6,0) : 30
(7,0) : 29
(48,2) : 8
(22,0) : 1
(31,0) : 1
(16,0) : 12
(44,1) : 1
(47,1) : 4
(47,0) : 3
(45,1) : 1
(23,1) : 1
(12,0) : 16
(5,0) : 43
(45,2) : 1
(46,1) : 2
(48,0) : 3
(11,0) : 14
(39,0) : 2
(7,1) : 2
(34,0) : 1
(19,0) : 1
(46,2) : 2
(4,1) : 3
(40,0) : 2
(10,0) : 16
(2,1) : 1
(20,0) : 2
(38,1) : 1
(47,2) : 4
(8,1) : 1
(15,1) : 1
(17,0) : 2
(46,3) : 1
(10,1) : 2
(14,1) : 1
(32,1) : 1
(18,0) : 2
(26,0) : 1
(25,0) : 1
(24,0) : 1
(13,1) : 2
(3,1) : 2
(1,1) : 1
