pop size : 10000, betaG : 0.08500, lambdaH : 0.10000, lambdaW : 0.00100, gamma : 0.12500, Tmax : 150.00, threshold of infected : 0.010
0.37 0.32 0.13 0.12 0.04 0.02 
0.2192 0.12 0.08 0.06 0.05 0.045 0.04 0.035 0.03 0.02 0.02 0.02 0.015 0.015 0.015 0.015 0.001 0.001 0.001 0.001 0.001 0.001 0.001 0.001 0.001 0.001 0.001 0.001 0.001 0.001 0.001 0.001 0.001 0.001 0.001 0.001 0.001 0.001 0.001 0.001 0.001 0.0001 0.0001 0.0001 0.0001 0.0001 0.0001 0.0001 0.0001 0.175 
Proportion of infected at cutoff : 0.0100
Proportion of susceptibles at cutoff : 0.9799
(49,1) : 25
(7,0) : 28
(50,0) : 47
(47,2) : 4
(47,0) : 2
(5,0) : 33
(45,3) : 1
(49,0) : 24
(13,0) : 8
(48,1) : 9
(2,0) : 77
(47,1) : 6
(15,0) : 7
(18,0) : 2
(26,1) : 1
(16,0) : 14
(6,0) : 25
(35,1) : 1
(14,0) : 12
(46,3) : 1
(10,0) : 16
(4,0) : 41
(1,0) : 189
(48,2) : 3
(8,0) : 29
(14,2) : 1
(48,0) : 3
(42,0) : 1
(37,1) : 1
(12,0) : 18
(46,1) : 1
(11,0) : 16
(36,0) : 2
(47,3) : 2
(9,0) : 17
(6,1) : 2
(20,0) : 2
(13,1) : 2
(46,0) : 1
(41,0) : 1
(19,0) : 2
(25,0) : 1
(11,1) : 2
(22,0) : 1
(3,0) : 51
(1,1) : 3
(35,0) : 1
(24,0) : 1
(26,0) : 1
(26,3) : 1
(8,1) : 2
(14,1) : 2
(12,1) : 1
(40,1) : 1
(3,2) : 1
(23,0) : 1
(10,1) : 2
(9,1) : 1
(0,0) : 5
(15,1) : 1
(3,1) : 2
(2,1) : 2
