pop size : 10000, betaG : 0.08500, lambdaH : 0.10000, lambdaW : 0.00100, gamma : 0.12500, Tmax : 150.00, threshold of infected : 0.010
0.37 0.32 0.13 0.12 0.04 0.02 
0.2192 0.12 0.08 0.06 0.05 0.045 0.04 0.035 0.03 0.02 0.02 0.02 0.015 0.015 0.015 0.015 0.001 0.001 0.001 0.001 0.001 0.001 0.001 0.001 0.001 0.001 0.001 0.001 0.001 0.001 0.001 0.001 0.001 0.001 0.001 0.001 0.001 0.001 0.001 0.001 0.001 0.0001 0.0001 0.0001 0.0001 0.0001 0.0001 0.0001 0.0001 0.175 
Proportion of infected at cutoff : 0.0100
Proportion of susceptibles at cutoff : 0.9785
(48,1) : 9
(49,0) : 25
(50,0) : 49
(7,0) : 29
(49,1) : 23
(10,0) : 17
(30,2) : 1
(6,0) : 35
(3,0) : 67
(12,0) : 9
(37,0) : 2
(1,0) : 154
(9,0) : 24
(31,0) : 2
(2,0) : 80
(47,1) : 2
(28,0) : 2
(32,0) : 1
(16,0) : 7
(5,0) : 40
(15,0) : 12
(11,0) : 14
(38,1) : 2
(0,1) : 4
(46,4) : 1
(47,2) : 4
(4,0) : 43
(48,0) : 5
(13,0) : 8
(48,2) : 4
(45,1) : 1
(38,0) : 1
(8,0) : 23
(14,2) : 1
(46,1) : 1
(46,2) : 2
(14,0) : 10
(10,1) : 3
(7,1) : 4
(8,1) : 3
(47,0) : 2
(35,1) : 1
(15,1) : 1
(46,0) : 1
(11,1) : 2
(3,1) : 1
(25,0) : 1
(21,0) : 1
(20,0) : 1
(9,1) : 3
(37,1) : 1
(17,1) : 1
(12,1) : 1
(24,0) : 1
(13,1) : 1
(1,1) : 3
(5,1) : 1
(6,1) : 3
(4,1) : 1
(35,0) : 1
(0,0) : 1
