pop size : 10000, betaG : 0.08500, lambdaH : 0.10000, lambdaW : 0.00100, gamma : 0.12500, Tmax : 150.00, threshold of infected : 0.010
0.37 0.32 0.13 0.12 0.04 0.02 
0.2192 0.12 0.08 0.06 0.05 0.045 0.04 0.035 0.03 0.02 0.02 0.02 0.015 0.015 0.015 0.015 0.001 0.001 0.001 0.001 0.001 0.001 0.001 0.001 0.001 0.001 0.001 0.001 0.001 0.001 0.001 0.001 0.001 0.001 0.001 0.001 0.001 0.001 0.001 0.001 0.001 0.0001 0.0001 0.0001 0.0001 0.0001 0.0001 0.0001 0.0001 0.175 
Proportion of infected at cutoff : 0.0100
Proportion of susceptibles at cutoff : 0.9739
(50,0) : 46
(48,1) : 4
(12,0) : 10
(9,0) : 20
(49,0) : 27
(47,1) : 6
(8,0) : 27
(13,0) : 13
(15,0) : 15
(49,1) : 11
(1,1) : 4
(46,2) : 1
(34,1) : 1
(13,1) : 4
(35,1) : 1
(38,0) : 2
(6,0) : 25
(31,0) : 1
(1,0) : 152
(5,0) : 30
(3,0) : 78
(47,0) : 6
(45,0) : 2
(16,0) : 15
(48,0) : 6
(34,0) : 1
(35,0) : 1
(19,0) : 2
(45,2) : 2
(48,2) : 6
(7,0) : 31
(11,1) : 2
(14,0) : 8
(4,0) : 39
(45,3) : 2
(46,1) : 3
(26,0) : 1
(25,0) : 1
(47,3) : 1
(2,0) : 91
(44,5) : 1
(39,0) : 2
(9,3) : 1
(11,0) : 13
(10,0) : 13
(22,0) : 2
(46,3) : 1
(12,1) : 4
(47,2) : 3
(44,2) : 1
(7,1) : 1
(6,1) : 2
(0,1) : 2
(21,0) : 1
(14,1) : 2
(5,1) : 2
(10,1) : 1
(0,0) : 2
(4,1) : 1
(2,1) : 1
(8,2) : 1
