pop size : 10000, betaG : 0.08500, lambdaH : 0.10000, lambdaW : 0.00100, gamma : 0.12500, Tmax : 150.00, threshold of infected : 0.010
0.37 0.32 0.13 0.12 0.04 0.02 
0.2192 0.12 0.08 0.06 0.05 0.045 0.04 0.035 0.03 0.02 0.02 0.02 0.015 0.015 0.015 0.015 0.001 0.001 0.001 0.001 0.001 0.001 0.001 0.001 0.001 0.001 0.001 0.001 0.001 0.001 0.001 0.001 0.001 0.001 0.001 0.001 0.001 0.001 0.001 0.001 0.001 0.0001 0.0001 0.0001 0.0001 0.0001 0.0001 0.0001 0.0001 0.175 
Proportion of infected at cutoff : 0.0100
Proportion of susceptibles at cutoff : 0.9781
(50,0) : 49
(1,0) : 187
(49,0) : 22
(6,0) : 32
(13,0) : 14
(2,0) : 112
(48,0) : 7
(47,2) : 2
(8,0) : 32
(49,1) : 16
(16,0) : 9
(44,3) : 1
(38,0) : 1
(8,1) : 3
(44,0) : 1
(7,0) : 25
(40,0) : 1
(27,0) : 1
(28,0) : 1
(25,2) : 1
(48,2) : 8
(48,1) : 7
(36,1) : 1
(47,0) : 1
(9,1) : 1
(11,1) : 2
(15,0) : 11
(14,1) : 2
(34,1) : 1
(4,0) : 47
(33,0) : 2
(37,0) : 2
(29,0) : 1
(10,0) : 15
(34,0) : 1
(3,0) : 50
(11,0) : 12
(42,3) : 1
(21,0) : 3
(2,1) : 2
(14,0) : 13
(12,0) : 23
(35,1) : 2
(47,1) : 1
(44,4) : 1
(27,1) : 1
(46,1) : 1
(5,0) : 42
(9,0) : 18
(1,1) : 4
(23,0) : 1
(6,1) : 1
(46,4) : 1
(12,1) : 2
(47,3) : 1
(35,0) : 1
(3,1) : 4
(18,2) : 1
(18,0) : 2
(44,1) : 1
(32,0) : 1
(4,1) : 3
(5,1) : 1
(8,2) : 1
(0,1) : 1
(0,0) : 2
