pop size : 10000, betaG : 0.08500, lambdaH : 0.10000, lambdaW : 0.00100, gamma : 0.12500, Tmax : 150.00, threshold of infected : 0.010
0.37 0.32 0.13 0.12 0.04 0.02 
0.2192 0.12 0.08 0.06 0.05 0.045 0.04 0.035 0.03 0.02 0.02 0.02 0.015 0.015 0.015 0.015 0.001 0.001 0.001 0.001 0.001 0.001 0.001 0.001 0.001 0.001 0.001 0.001 0.001 0.001 0.001 0.001 0.001 0.001 0.001 0.001 0.001 0.001 0.001 0.001 0.001 0.0001 0.0001 0.0001 0.0001 0.0001 0.0001 0.0001 0.0001 0.175 
Proportion of infected at cutoff : 0.0100
Proportion of susceptibles at cutoff : 0.9745
(49,1) : 14
(50,0) : 45
(49,0) : 17
(48,1) : 15
(9,0) : 19
(4,0) : 60
(47,0) : 3
(47,1) : 10
(38,0) : 1
(6,0) : 23
(3,0) : 70
(2,0) : 87
(11,0) : 12
(14,0) : 14
(41,0) : 1
(47,2) : 4
(48,0) : 9
(35,0) : 1
(8,0) : 23
(13,0) : 8
(38,2) : 1
(10,0) : 14
(5,0) : 50
(48,2) : 4
(24,0) : 1
(16,0) : 14
(1,0) : 167
(10,1) : 2
(46,2) : 1
(6,1) : 2
(34,0) : 1
(46,4) : 1
(45,0) : 1
(45,2) : 1
(7,0) : 29
(46,3) : 2
(12,0) : 9
(18,0) : 1
(15,0) : 10
(39,0) : 1
(26,0) : 1
(45,4) : 1
(21,0) : 1
(12,1) : 2
(31,1) : 1
(23,0) : 1
(39,4) : 1
(45,1) : 1
(25,0) : 2
(11,1) : 2
(43,2) : 1
(36,0) : 1
(15,1) : 1
(1,1) : 3
(0,0) : 6
(18,1) : 1
(13,1) : 1
(3,1) : 1
(7,1) : 1
(5,1) : 1
