pop size : 10000, betaG : 0.08500, lambdaH : 0.10000, lambdaW : 0.00100, gamma : 0.12500, Tmax : 150.00, threshold of infected : 0.010
0.37 0.32 0.13 0.12 0.04 0.02 
0.2192 0.12 0.08 0.06 0.05 0.045 0.04 0.035 0.03 0.02 0.02 0.02 0.015 0.015 0.015 0.015 0.001 0.001 0.001 0.001 0.001 0.001 0.001 0.001 0.001 0.001 0.001 0.001 0.001 0.001 0.001 0.001 0.001 0.001 0.001 0.001 0.001 0.001 0.001 0.001 0.001 0.0001 0.0001 0.0001 0.0001 0.0001 0.0001 0.0001 0.0001 0.175 
Proportion of infected at cutoff : 0.0100
Proportion of susceptibles at cutoff : 0.9806
(50,0) : 59
(10,1) : 1
(7,0) : 24
(46,2) : 6
(41,0) : 3
(49,0) : 14
(48,1) : 11
(49,1) : 26
(44,1) : 1
(2,0) : 79
(48,2) : 6
(48,0) : 4
(47,2) : 1
(45,3) : 1
(31,0) : 2
(8,0) : 18
(47,0) : 2
(6,0) : 29
(12,0) : 12
(9,0) : 21
(5,0) : 38
(10,0) : 21
(43,3) : 1
(11,0) : 14
(1,0) : 150
(45,2) : 1
(34,1) : 1
(13,0) : 12
(3,0) : 44
(23,0) : 2
(4,0) : 41
(40,0) : 1
(19,0) : 1
(14,0) : 9
(47,1) : 2
(15,0) : 4
(16,0) : 5
(46,3) : 1
(6,1) : 1
(35,2) : 1
(3,1) : 1
(30,0) : 2
(27,0) : 1
(17,0) : 1
(12,1) : 2
(15,1) : 1
(9,1) : 3
(4,1) : 2
(46,1) : 1
(39,0) : 1
(37,0) : 1
(28,1) : 1
(5,1) : 1
(1,1) : 3
(32,0) : 1
(7,1) : 1
(0,1) : 1
(2,1) : 1
