pop size : 10000, betaG : 0.08500, lambdaH : 0.10000, lambdaW : 0.00100, gamma : 0.12500, Tmax : 150.00, threshold of infected : 0.010
0.37 0.32 0.13 0.12 0.04 0.02 
0.2192 0.12 0.08 0.06 0.05 0.045 0.04 0.035 0.03 0.02 0.02 0.02 0.015 0.015 0.015 0.015 0.001 0.001 0.001 0.001 0.001 0.001 0.001 0.001 0.001 0.001 0.001 0.001 0.001 0.001 0.001 0.001 0.001 0.001 0.001 0.001 0.001 0.001 0.001 0.001 0.001 0.0001 0.0001 0.0001 0.0001 0.0001 0.0001 0.0001 0.0001 0.175 
Proportion of infected at cutoff : 0.0100
Proportion of susceptibles at cutoff : 0.9817
(50,0) : 59
(47,2) : 1
(1,0) : 171
(7,0) : 28
(12,0) : 14
(49,0) : 22
(16,0) : 11
(14,0) : 15
(49,1) : 20
(13,0) : 7
(2,0) : 90
(26,0) : 2
(48,1) : 10
(10,0) : 17
(43,5) : 1
(4,0) : 44
(6,0) : 36
(5,0) : 41
(48,0) : 4
(46,2) : 1
(9,0) : 20
(27,1) : 1
(48,2) : 6
(27,0) : 1
(15,0) : 11
(8,0) : 31
(3,0) : 58
(45,4) : 1
(19,0) : 1
(13,1) : 2
(11,0) : 13
(41,4) : 1
(47,3) : 1
(46,3) : 2
(9,1) : 1
(11,1) : 1
(46,0) : 1
(7,1) : 2
(46,1) : 1
(20,1) : 1
(3,1) : 2
(36,1) : 1
(15,1) : 2
(1,1) : 2
(17,0) : 1
(21,0) : 1
(14,1) : 2
(37,0) : 1
(45,2) : 1
(18,0) : 1
(6,1) : 2
(8,1) : 3
(9,2) : 1
(10,1) : 1
(2,1) : 2
(23,0) : 1
(0,1) : 2
