pop size : 10000, betaG : 0.08500, lambdaH : 0.10000, lambdaW : 0.00100, gamma : 0.12500, Tmax : 150.00, threshold of infected : 0.010
0.37 0.32 0.13 0.12 0.04 0.02 
0.2192 0.12 0.08 0.06 0.05 0.045 0.04 0.035 0.03 0.02 0.02 0.02 0.015 0.015 0.015 0.015 0.001 0.001 0.001 0.001 0.001 0.001 0.001 0.001 0.001 0.001 0.001 0.001 0.001 0.001 0.001 0.001 0.001 0.001 0.001 0.001 0.001 0.001 0.001 0.001 0.001 0.0001 0.0001 0.0001 0.0001 0.0001 0.0001 0.0001 0.0001 0.175 
Proportion of infected at cutoff : 0.0100
Proportion of susceptibles at cutoff : 0.9729
(45,3) : 3
(12,0) : 15
(48,1) : 11
(13,0) : 10
(3,1) : 4
(50,0) : 46
(49,1) : 18
(48,0) : 10
(8,0) : 19
(49,0) : 19
(10,0) : 17
(15,1) : 1
(9,0) : 24
(12,2) : 2
(47,0) : 6
(1,0) : 179
(2,0) : 103
(46,0) : 1
(14,0) : 16
(4,0) : 51
(3,0) : 60
(16,0) : 8
(18,0) : 1
(11,0) : 14
(26,1) : 1
(47,1) : 3
(20,0) : 2
(6,0) : 19
(47,2) : 2
(28,1) : 1
(5,0) : 41
(15,0) : 5
(46,2) : 1
(30,0) : 2
(29,1) : 1
(43,3) : 1
(26,0) : 1
(40,0) : 2
(7,0) : 26
(45,1) : 1
(39,0) : 1
(27,1) : 1
(48,2) : 1
(11,1) : 2
(13,1) : 2
(43,2) : 1
(23,0) : 1
(45,0) : 1
(27,0) : 1
(44,3) : 1
(5,2) : 1
(46,1) : 1
(8,1) : 2
(17,0) : 1
(7,1) : 2
(0,1) : 1
(10,1) : 4
(23,1) : 1
(10,2) : 1
(14,1) : 4
(31,0) : 1
(28,0) : 2
(12,1) : 1
(5,1) : 1
(9,1) : 1
(29,0) : 1
(2,1) : 3
(0,0) : 2
