pop size : 10000, betaG : 0.08500, lambdaH : 0.10000, lambdaW : 0.00100, gamma : 0.12500, Tmax : 150.00, threshold of infected : 0.010
0.37 0.32 0.13 0.12 0.04 0.02 
0.2192 0.12 0.08 0.06 0.05 0.045 0.04 0.035 0.03 0.02 0.02 0.02 0.015 0.015 0.015 0.015 0.001 0.001 0.001 0.001 0.001 0.001 0.001 0.001 0.001 0.001 0.001 0.001 0.001 0.001 0.001 0.001 0.001 0.001 0.001 0.001 0.001 0.001 0.001 0.001 0.001 0.0001 0.0001 0.0001 0.0001 0.0001 0.0001 0.0001 0.0001 0.175 
Proportion of infected at cutoff : 0.0100
Proportion of susceptibles at cutoff : 0.9775
(38,0) : 1
(5,0) : 35
(49,0) : 26
(48,1) : 13
(50,0) : 45
(3,0) : 63
(24,0) : 2
(47,3) : 3
(46,3) : 2
(47,0) : 1
(13,0) : 8
(39,2) : 1
(34,1) : 1
(49,1) : 16
(46,1) : 3
(9,0) : 24
(7,0) : 23
(37,0) : 1
(8,0) : 24
(11,0) : 16
(48,0) : 7
(6,0) : 30
(2,0) : 80
(12,0) : 14
(47,1) : 4
(14,0) : 6
(32,0) : 1
(31,1) : 1
(16,0) : 5
(28,1) : 1
(48,2) : 8
(27,0) : 1
(4,0) : 40
(45,1) : 2
(26,0) : 1
(15,1) : 1
(20,0) : 1
(15,0) : 8
(44,3) : 1
(32,1) : 1
(34,2) : 1
(41,0) : 1
(10,0) : 6
(1,0) : 129
(40,0) : 2
(25,0) : 1
(34,0) : 1
(17,0) : 1
(46,2) : 1
(10,1) : 1
(47,2) : 1
(31,0) : 2
(10,3) : 1
(14,1) : 2
(3,1) : 2
(28,2) : 1
(18,0) : 2
(19,0) : 2
(21,0) : 1
(13,1) : 1
(6,1) : 1
(23,0) : 1
(7,1) : 1
(9,1) : 1
(1,1) : 1
