pop size : 10000, betaG : 0.08500, lambdaH : 0.10000, lambdaW : 0.00100, gamma : 0.12500, Tmax : 150.00, threshold of infected : 0.010
0.37 0.32 0.13 0.12 0.04 0.02 
0.2192 0.12 0.08 0.06 0.05 0.045 0.04 0.035 0.03 0.02 0.02 0.02 0.015 0.015 0.015 0.015 0.001 0.001 0.001 0.001 0.001 0.001 0.001 0.001 0.001 0.001 0.001 0.001 0.001 0.001 0.001 0.001 0.001 0.001 0.001 0.001 0.001 0.001 0.001 0.001 0.001 0.0001 0.0001 0.0001 0.0001 0.0001 0.0001 0.0001 0.0001 0.175 
Proportion of infected at cutoff : 0.0100
Proportion of susceptibles at cutoff : 0.9638
(9,0) : 16
(49,0) : 22
(6,0) : 43
(50,0) : 32
(49,1) : 11
(8,0) : 27
(46,1) : 5
(44,2) : 2
(47,1) : 4
(48,0) : 13
(11,0) : 18
(3,0) : 79
(13,0) : 9
(10,0) : 7
(23,0) : 1
(16,0) : 5
(47,0) : 8
(15,0) : 7
(46,0) : 5
(1,0) : 163
(14,0) : 18
(13,1) : 1
(48,1) : 3
(19,0) : 2
(32,0) : 1
(29,1) : 1
(7,0) : 35
(27,0) : 1
(43,2) : 1
(22,0) : 2
(45,1) : 4
(44,5) : 1
(33,0) : 1
(20,0) : 3
(25,0) : 1
(42,3) : 1
(12,0) : 11
(4,1) : 3
(12,1) : 1
(2,0) : 93
(47,2) : 1
(44,0) : 2
(48,2) : 3
(28,0) : 1
(46,2) : 3
(43,3) : 1
(46,3) : 1
(45,2) : 1
(4,0) : 47
(29,0) : 2
(9,1) : 1
(18,0) : 1
(31,1) : 1
(47,3) : 2
(5,0) : 33
(30,0) : 3
(10,2) : 1
(6,1) : 3
(5,1) : 1
(24,0) : 1
(10,1) : 2
(39,0) : 1
(46,4) : 1
(14,1) : 2
(3,1) : 1
(7,1) : 2
(23,2) : 1
(15,1) : 1
(0,0) : 5
(2,1) : 2
(0,1) : 1
