pop size : 10000, betaG : 0.08500, lambdaH : 0.10000, lambdaW : 0.00100, gamma : 0.12500, Tmax : 150.00, threshold of infected : 0.010
0.37 0.32 0.13 0.12 0.04 0.02 
0.2192 0.12 0.08 0.06 0.05 0.045 0.04 0.035 0.03 0.02 0.02 0.02 0.015 0.015 0.015 0.015 0.001 0.001 0.001 0.001 0.001 0.001 0.001 0.001 0.001 0.001 0.001 0.001 0.001 0.001 0.001 0.001 0.001 0.001 0.001 0.001 0.001 0.001 0.001 0.001 0.001 0.0001 0.0001 0.0001 0.0001 0.0001 0.0001 0.0001 0.0001 0.175 
Proportion of infected at cutoff : 0.0100
Proportion of susceptibles at cutoff : 0.9785
(49,1) : 13
(15,0) : 10
(50,0) : 56
(20,0) : 2
(46,3) : 1
(48,0) : 8
(26,0) : 2
(6,0) : 46
(47,3) : 1
(46,0) : 1
(48,2) : 6
(14,1) : 3
(49,0) : 15
(4,0) : 39
(46,2) : 3
(47,1) : 4
(9,0) : 23
(14,0) : 15
(15,1) : 3
(48,1) : 8
(10,0) : 13
(12,0) : 17
(8,0) : 28
(36,1) : 1
(10,1) : 3
(1,0) : 182
(3,0) : 64
(8,1) : 1
(9,1) : 2
(11,1) : 1
(41,0) : 1
(11,0) : 10
(16,0) : 7
(7,0) : 34
(5,0) : 37
(47,0) : 3
(35,0) : 1
(4,1) : 1
(13,0) : 8
(2,0) : 92
(21,0) : 1
(17,0) : 1
(30,0) : 2
(7,1) : 4
(12,1) : 2
(45,2) : 1
(28,0) : 2
(38,0) : 1
(25,2) : 1
(13,1) : 5
(43,4) : 1
(27,0) : 1
(36,0) : 1
(35,1) : 1
(21,2) : 1
(40,0) : 1
(23,3) : 1
(45,1) : 1
(37,2) : 1
(18,0) : 1
(3,1) : 3
(9,2) : 1
(1,1) : 1
(2,1) : 1
(0,0) : 2
(0,1) : 1
