pop size : 10000, betaG : 0.08500, lambdaH : 0.10000, lambdaW : 0.00100, gamma : 0.12500, Tmax : 150.00, threshold of infected : 0.010
0.37 0.32 0.13 0.12 0.04 0.02 
0.2192 0.12 0.08 0.06 0.05 0.045 0.04 0.035 0.03 0.02 0.02 0.02 0.015 0.015 0.015 0.015 0.001 0.001 0.001 0.001 0.001 0.001 0.001 0.001 0.001 0.001 0.001 0.001 0.001 0.001 0.001 0.001 0.001 0.001 0.001 0.001 0.001 0.001 0.001 0.001 0.001 0.0001 0.0001 0.0001 0.0001 0.0001 0.0001 0.0001 0.0001 0.175 
Proportion of infected at cutoff : 0.0100
Proportion of susceptibles at cutoff : 0.9766
(48,1) : 8
(49,0) : 18
(14,0) : 16
(50,0) : 47
(12,0) : 7
(41,0) : 3
(13,0) : 11
(47,2) : 3
(49,1) : 19
(47,3) : 3
(10,0) : 20
(9,0) : 18
(11,0) : 14
(2,0) : 91
(3,0) : 53
(47,1) : 5
(7,0) : 29
(1,0) : 184
(30,0) : 1
(48,0) : 6
(38,0) : 1
(6,0) : 34
(5,0) : 44
(45,3) : 2
(19,1) : 1
(4,0) : 59
(8,0) : 21
(28,1) : 1
(26,0) : 2
(15,0) : 8
(16,0) : 9
(27,0) : 2
(7,1) : 1
(46,3) : 1
(48,2) : 2
(22,0) : 1
(47,0) : 3
(46,2) : 3
(13,2) : 2
(25,0) : 2
(18,0) : 1
(32,0) : 1
(46,0) : 1
(28,0) : 1
(14,2) : 1
(5,1) : 2
(9,1) : 2
(29,0) : 1
(15,1) : 2
(45,2) : 1
(21,0) : 1
(36,1) : 1
(35,0) : 1
(6,1) : 3
(23,0) : 3
(42,1) : 1
(33,0) : 1
(19,0) : 1
(13,1) : 2
(10,1) : 1
(17,0) : 1
(44,1) : 1
(2,1) : 2
(12,2) : 1
(0,0) : 7
(3,1) : 2
(1,1) : 1
(4,1) : 1
