pop size : 10000, betaG : 0.08500, lambdaH : 0.10000, lambdaW : 0.00100, gamma : 0.12500, Tmax : 150.00, threshold of infected : 0.010
0.37 0.32 0.13 0.12 0.04 0.02 
0.2192 0.12 0.08 0.06 0.05 0.045 0.04 0.035 0.03 0.02 0.02 0.02 0.015 0.015 0.015 0.015 0.001 0.001 0.001 0.001 0.001 0.001 0.001 0.001 0.001 0.001 0.001 0.001 0.001 0.001 0.001 0.001 0.001 0.001 0.001 0.001 0.001 0.001 0.001 0.001 0.001 0.0001 0.0001 0.0001 0.0001 0.0001 0.0001 0.0001 0.0001 0.175 
Proportion of infected at cutoff : 0.0100
Proportion of susceptibles at cutoff : 0.9806
(49,1) : 24
(48,2) : 7
(48,1) : 9
(50,0) : 57
(33,0) : 1
(4,0) : 47
(10,0) : 18
(49,0) : 19
(15,0) : 16
(31,0) : 1
(13,0) : 16
(47,1) : 3
(7,0) : 13
(6,0) : 23
(14,0) : 8
(2,0) : 101
(48,0) : 6
(32,1) : 1
(27,0) : 1
(8,0) : 27
(45,4) : 1
(9,0) : 15
(47,0) : 2
(27,1) : 1
(3,0) : 58
(1,0) : 148
(15,1) : 3
(46,2) : 1
(47,2) : 4
(7,1) : 3
(12,0) : 9
(10,1) : 4
(5,0) : 32
(30,0) : 1
(16,0) : 5
(38,0) : 1
(37,0) : 1
(19,0) : 1
(8,1) : 2
(45,5) : 1
(11,0) : 9
(43,1) : 1
(28,0) : 2
(41,0) : 1
(32,2) : 1
(23,0) : 1
(47,3) : 1
(39,1) : 1
(21,0) : 1
(11,1) : 1
(3,1) : 2
(12,1) : 1
(13,1) : 1
(5,1) : 1
(6,1) : 1
(2,1) : 2
(0,1) : 1
(0,0) : 1
