pop size : 10000, betaG : 0.08500, lambdaH : 0.10000, lambdaW : 0.00100, gamma : 0.12500, Tmax : 150.00, threshold of infected : 0.010
0.37 0.32 0.13 0.12 0.04 0.02 
0.2192 0.12 0.08 0.06 0.05 0.045 0.04 0.035 0.03 0.02 0.02 0.02 0.015 0.015 0.015 0.015 0.001 0.001 0.001 0.001 0.001 0.001 0.001 0.001 0.001 0.001 0.001 0.001 0.001 0.001 0.001 0.001 0.001 0.001 0.001 0.001 0.001 0.001 0.001 0.001 0.001 0.0001 0.0001 0.0001 0.0001 0.0001 0.0001 0.0001 0.0001 0.175 
Proportion of infected at cutoff : 0.0100
Proportion of susceptibles at cutoff : 0.9755
(15,0) : 18
(6,0) : 43
(48,1) : 11
(49,0) : 25
(50,0) : 37
(8,1) : 1
(49,1) : 18
(5,0) : 30
(16,0) : 13
(47,1) : 2
(44,3) : 1
(46,3) : 1
(1,0) : 173
(12,0) : 12
(48,0) : 10
(48,2) : 5
(3,0) : 59
(46,2) : 1
(31,0) : 2
(39,0) : 1
(10,0) : 15
(47,0) : 3
(4,0) : 40
(9,0) : 25
(24,0) : 1
(42,0) : 1
(14,0) : 11
(11,0) : 12
(46,0) : 2
(17,0) : 2
(47,2) : 1
(27,0) : 2
(2,0) : 100
(7,0) : 26
(37,0) : 3
(13,0) : 12
(46,1) : 1
(8,0) : 22
(10,1) : 2
(36,0) : 1
(6,2) : 1
(7,1) : 3
(40,0) : 2
(12,1) : 1
(45,1) : 1
(43,2) : 1
(20,0) : 2
(14,2) : 1
(11,2) : 1
(14,1) : 1
(21,2) : 1
(46,4) : 1
(33,1) : 2
(47,3) : 1
(16,1) : 2
(31,1) : 1
(9,1) : 1
(15,1) : 1
(21,1) : 1
(2,1) : 3
(6,1) : 1
(13,1) : 2
(19,0) : 1
(4,1) : 2
(1,1) : 1
(3,1) : 3
(0,1) : 2
(0,0) : 2
