pop size : 10000, betaG : 0.08500, lambdaH : 0.10000, lambdaW : 0.00100, gamma : 0.12500, Tmax : 150.00, threshold of infected : 0.010
0.37 0.32 0.13 0.12 0.04 0.02 
0.2192 0.12 0.08 0.06 0.05 0.045 0.04 0.035 0.03 0.02 0.02 0.02 0.015 0.015 0.015 0.015 0.001 0.001 0.001 0.001 0.001 0.001 0.001 0.001 0.001 0.001 0.001 0.001 0.001 0.001 0.001 0.001 0.001 0.001 0.001 0.001 0.001 0.001 0.001 0.001 0.001 0.0001 0.0001 0.0001 0.0001 0.0001 0.0001 0.0001 0.0001 0.175 
Proportion of infected at cutoff : 0.0100
Proportion of susceptibles at cutoff : 0.9819
(47,2) : 4
(7,0) : 35
(49,1) : 17
(48,2) : 10
(50,0) : 60
(15,0) : 19
(48,1) : 8
(5,0) : 49
(8,0) : 26
(12,0) : 15
(20,1) : 1
(48,0) : 3
(47,0) : 3
(3,0) : 63
(9,0) : 22
(16,0) : 6
(10,0) : 16
(4,0) : 46
(49,0) : 17
(14,0) : 12
(11,0) : 9
(1,0) : 189
(45,3) : 1
(6,0) : 28
(36,0) : 1
(47,3) : 1
(47,1) : 2
(27,2) : 1
(2,0) : 101
(14,1) : 2
(20,0) : 2
(29,0) : 2
(25,0) : 1
(5,1) : 3
(6,1) : 2
(46,2) : 1
(13,0) : 11
(46,4) : 1
(7,1) : 2
(15,1) : 1
(28,0) : 1
(9,1) : 2
(41,0) : 1
(12,1) : 3
(45,4) : 1
(7,2) : 1
(23,0) : 1
(8,1) : 1
(11,2) : 2
(30,0) : 1
(24,0) : 1
(4,1) : 1
(3,2) : 1
(0,1) : 1
(0,0) : 1
