pop size : 10000, betaG : 0.08500, lambdaH : 0.10000, lambdaW : 0.00100, gamma : 0.12500, Tmax : 150.00, threshold of infected : 0.010
0.37 0.32 0.13 0.12 0.04 0.02 
0.2192 0.12 0.08 0.06 0.05 0.045 0.04 0.035 0.03 0.02 0.02 0.02 0.015 0.015 0.015 0.015 0.001 0.001 0.001 0.001 0.001 0.001 0.001 0.001 0.001 0.001 0.001 0.001 0.001 0.001 0.001 0.001 0.001 0.001 0.001 0.001 0.001 0.001 0.001 0.001 0.001 0.0001 0.0001 0.0001 0.0001 0.0001 0.0001 0.0001 0.0001 0.175 
Proportion of infected at cutoff : 0.0100
Proportion of susceptibles at cutoff : 0.9711
(49,0) : 21
(8,0) : 36
(48,2) : 5
(45,1) : 2
(48,0) : 12
(14,0) : 8
(50,0) : 42
(48,1) : 8
(3,0) : 61
(2,0) : 93
(11,0) : 17
(41,0) : 2
(49,1) : 17
(4,0) : 45
(44,0) : 1
(5,1) : 1
(47,0) : 7
(17,0) : 2
(5,0) : 40
(15,0) : 9
(44,2) : 1
(47,1) : 6
(1,0) : 183
(7,0) : 21
(6,0) : 23
(47,2) : 1
(47,3) : 2
(16,0) : 10
(12,0) : 12
(13,0) : 8
(10,0) : 10
(45,2) : 1
(45,0) : 1
(10,1) : 3
(9,0) : 18
(13,1) : 1
(43,4) : 1
(46,0) : 1
(19,1) : 1
(38,0) : 1
(34,0) : 1
(8,1) : 1
(46,3) : 1
(44,3) : 1
(46,2) : 1
(20,0) : 1
(6,1) : 4
(39,0) : 1
(7,1) : 1
(25,0) : 1
(36,0) : 1
(23,0) : 1
(22,1) : 2
(15,1) : 1
(2,1) : 2
(19,0) : 2
(11,2) : 1
(3,1) : 1
(41,5) : 1
(46,1) : 1
(24,2) : 1
(4,1) : 2
(11,1) : 1
(12,1) : 1
(1,1) : 1
(0,0) : 1
