pop size : 10000, betaG : 0.08500, lambdaH : 0.10000, lambdaW : 0.00100, gamma : 0.12500, Tmax : 150.00, threshold of infected : 0.010
0.37 0.32 0.13 0.12 0.04 0.02 
0.2192 0.12 0.08 0.06 0.05 0.045 0.04 0.035 0.03 0.02 0.02 0.02 0.015 0.015 0.015 0.015 0.001 0.001 0.001 0.001 0.001 0.001 0.001 0.001 0.001 0.001 0.001 0.001 0.001 0.001 0.001 0.001 0.001 0.001 0.001 0.001 0.001 0.001 0.001 0.001 0.001 0.0001 0.0001 0.0001 0.0001 0.0001 0.0001 0.0001 0.0001 0.175 
Proportion of infected at cutoff : 0.0100
Proportion of susceptibles at cutoff : 0.9796
(6,0) : 29
(12,0) : 15
(46,3) : 4
(49,1) : 23
(49,0) : 19
(48,1) : 11
(50,0) : 49
(22,0) : 2
(44,5) : 1
(47,0) : 2
(23,0) : 1
(15,0) : 13
(14,0) : 10
(9,0) : 19
(32,0) : 1
(2,0) : 94
(1,0) : 177
(10,1) : 1
(47,3) : 1
(11,0) : 16
(48,0) : 6
(27,1) : 1
(44,3) : 1
(4,0) : 46
(16,0) : 9
(7,0) : 32
(10,0) : 14
(8,1) : 1
(19,0) : 2
(13,1) : 3
(47,1) : 1
(5,0) : 39
(13,0) : 7
(35,0) : 3
(47,2) : 3
(7,1) : 1
(3,0) : 68
(8,0) : 23
(43,2) : 1
(28,1) : 1
(25,0) : 1
(48,2) : 5
(37,1) : 2
(46,2) : 1
(14,1) : 1
(9,1) : 1
(34,0) : 1
(11,1) : 2
(43,0) : 1
(0,0) : 2
(40,0) : 1
(17,0) : 1
(18,0) : 1
(30,1) : 1
(3,1) : 1
(24,0) : 1
(12,1) : 1
(5,1) : 1
(37,0) : 1
(4,1) : 1
(1,1) : 3
