pop size : 10000, betaG : 0.08500, lambdaH : 0.10000, lambdaW : 0.00100, gamma : 0.12500, Tmax : 150.00, threshold of infected : 0.010
0.37 0.32 0.13 0.12 0.04 0.02 
0.2192 0.12 0.08 0.06 0.05 0.045 0.04 0.035 0.03 0.02 0.02 0.02 0.015 0.015 0.015 0.015 0.001 0.001 0.001 0.001 0.001 0.001 0.001 0.001 0.001 0.001 0.001 0.001 0.001 0.001 0.001 0.001 0.001 0.001 0.001 0.001 0.001 0.001 0.001 0.001 0.001 0.0001 0.0001 0.0001 0.0001 0.0001 0.0001 0.0001 0.0001 0.175 
Proportion of infected at cutoff : 0.0100
Proportion of susceptibles at cutoff : 0.9764
(48,0) : 9
(50,0) : 53
(49,1) : 14
(49,0) : 26
(31,2) : 1
(48,1) : 4
(8,0) : 23
(7,0) : 26
(39,1) : 1
(46,1) : 3
(4,0) : 52
(14,0) : 7
(9,0) : 11
(11,0) : 18
(10,0) : 11
(1,0) : 172
(34,0) : 2
(36,1) : 1
(16,0) : 8
(2,0) : 104
(13,0) : 12
(47,2) : 2
(47,0) : 3
(43,5) : 1
(47,1) : 3
(5,0) : 37
(44,3) : 1
(6,0) : 38
(29,0) : 1
(15,0) : 10
(48,2) : 6
(33,0) : 1
(12,0) : 17
(17,0) : 3
(32,0) : 1
(46,2) : 4
(43,3) : 1
(3,0) : 57
(6,1) : 2
(13,1) : 2
(28,0) : 2
(45,5) : 1
(47,3) : 1
(10,1) : 2
(5,1) : 3
(7,1) : 2
(36,0) : 1
(12,1) : 3
(37,2) : 1
(8,1) : 1
(27,0) : 1
(4,1) : 3
(11,2) : 1
(2,1) : 4
(1,1) : 1
(3,1) : 1
(0,1) : 1
(0,0) : 1
