pop size : 10000, betaG : 0.08500, lambdaH : 0.10000, lambdaW : 0.00100, gamma : 0.12500, Tmax : 150.00, threshold of infected : 0.010
0.37 0.32 0.13 0.12 0.04 0.02 
0.2192 0.12 0.08 0.06 0.05 0.045 0.04 0.035 0.03 0.02 0.02 0.02 0.015 0.015 0.015 0.015 0.001 0.001 0.001 0.001 0.001 0.001 0.001 0.001 0.001 0.001 0.001 0.001 0.001 0.001 0.001 0.001 0.001 0.001 0.001 0.001 0.001 0.001 0.001 0.001 0.001 0.0001 0.0001 0.0001 0.0001 0.0001 0.0001 0.0001 0.0001 0.175 
Proportion of infected at cutoff : 0.0100
Proportion of susceptibles at cutoff : 0.9815
(50,0) : 58
(1,0) : 168
(5,0) : 37
(49,0) : 12
(8,0) : 21
(12,0) : 21
(7,0) : 31
(46,3) : 2
(48,0) : 8
(46,2) : 2
(4,0) : 44
(37,0) : 2
(9,0) : 28
(33,0) : 1
(13,0) : 10
(11,1) : 4
(6,0) : 42
(10,0) : 15
(48,2) : 7
(14,0) : 11
(49,1) : 22
(46,1) : 1
(15,0) : 11
(15,1) : 1
(2,0) : 92
(43,0) : 1
(48,1) : 5
(36,0) : 1
(10,1) : 3
(11,0) : 15
(16,0) : 5
(47,0) : 2
(8,1) : 2
(47,1) : 2
(34,0) : 4
(24,0) : 1
(47,3) : 1
(28,1) : 1
(25,0) : 1
(4,1) : 4
(7,1) : 2
(3,0) : 51
(14,1) : 3
(26,1) : 1
(18,0) : 1
(41,0) : 1
(47,2) : 1
(12,1) : 2
(33,1) : 1
(35,0) : 1
(40,0) : 1
(9,1) : 1
(6,1) : 2
(44,5) : 1
(2,1) : 1
(0,1) : 1
(17,0) : 1
(1,1) : 4
(32,0) : 1
(3,1) : 1
(5,1) : 2
(0,0) : 1
