pop size : 10000, betaG : 0.08500, lambdaH : 0.10000, lambdaW : 0.00100, gamma : 0.12500, Tmax : 150.00, threshold of infected : 0.010
0.37 0.32 0.13 0.12 0.04 0.02 
0.2192 0.12 0.08 0.06 0.05 0.045 0.04 0.035 0.03 0.02 0.02 0.02 0.015 0.015 0.015 0.015 0.001 0.001 0.001 0.001 0.001 0.001 0.001 0.001 0.001 0.001 0.001 0.001 0.001 0.001 0.001 0.001 0.001 0.001 0.001 0.001 0.001 0.001 0.001 0.001 0.001 0.0001 0.0001 0.0001 0.0001 0.0001 0.0001 0.0001 0.0001 0.175 
Proportion of infected at cutoff : 0.0100
Proportion of susceptibles at cutoff : 0.9809
(50,0) : 54
(48,1) : 10
(45,3) : 1
(12,0) : 16
(3,0) : 64
(4,0) : 44
(49,1) : 19
(41,0) : 1
(48,2) : 5
(9,1) : 2
(10,0) : 12
(14,0) : 10
(49,0) : 28
(15,0) : 7
(6,0) : 37
(2,0) : 98
(1,0) : 154
(8,0) : 29
(47,3) : 3
(11,0) : 8
(7,0) : 24
(16,0) : 12
(15,1) : 2
(13,0) : 9
(5,0) : 31
(9,0) : 15
(37,0) : 2
(45,4) : 2
(47,1) : 5
(2,1) : 4
(18,0) : 1
(36,1) : 1
(5,2) : 1
(23,0) : 2
(17,0) : 2
(22,0) : 1
(21,0) : 1
(47,2) : 3
(48,0) : 2
(14,1) : 4
(28,1) : 1
(24,0) : 2
(46,1) : 1
(33,1) : 1
(27,0) : 1
(40,0) : 1
(7,1) : 2
(8,1) : 2
(26,1) : 1
(4,1) : 1
(29,0) : 1
(3,1) : 1
(20,1) : 1
(1,1) : 1
(6,1) : 1
(0,0) : 1
(4,2) : 1
