pop size : 10000, betaG : 0.08500, lambdaH : 0.10000, lambdaW : 0.00100, gamma : 0.12500, Tmax : 150.00, threshold of infected : 0.010
0.37 0.32 0.13 0.12 0.04 0.02 
0.2192 0.12 0.08 0.06 0.05 0.045 0.04 0.035 0.03 0.02 0.02 0.02 0.015 0.015 0.015 0.015 0.001 0.001 0.001 0.001 0.001 0.001 0.001 0.001 0.001 0.001 0.001 0.001 0.001 0.001 0.001 0.001 0.001 0.001 0.001 0.001 0.001 0.001 0.001 0.001 0.001 0.0001 0.0001 0.0001 0.0001 0.0001 0.0001 0.0001 0.0001 0.175 
Proportion of infected at cutoff : 0.0100
Proportion of susceptibles at cutoff : 0.9793
(48,2) : 6
(46,3) : 1
(49,1) : 14
(47,3) : 2
(41,0) : 1
(50,0) : 54
(10,0) : 11
(48,1) : 9
(46,4) : 1
(49,0) : 21
(4,0) : 42
(8,0) : 35
(47,2) : 6
(48,0) : 6
(30,0) : 1
(15,0) : 11
(5,0) : 40
(13,0) : 9
(7,0) : 29
(32,1) : 1
(21,0) : 1
(47,1) : 7
(2,0) : 89
(4,1) : 1
(19,0) : 2
(47,0) : 2
(27,0) : 1
(14,0) : 13
(1,0) : 152
(46,1) : 2
(9,0) : 20
(16,0) : 5
(40,0) : 1
(11,0) : 19
(11,1) : 2
(12,1) : 2
(32,0) : 1
(35,0) : 2
(33,0) : 1
(6,0) : 39
(26,0) : 1
(3,0) : 53
(12,0) : 7
(34,0) : 1
(0,0) : 3
(36,0) : 1
(8,1) : 3
(38,2) : 1
(2,1) : 2
(6,1) : 1
(9,1) : 1
(10,1) : 2
(7,1) : 2
(23,0) : 1
(25,1) : 1
(5,1) : 1
(3,1) : 1
(1,1) : 5
(0,1) : 4
