pop size : 10000, betaG : 0.08500, lambdaH : 0.10000, lambdaW : 0.00100, gamma : 0.12500, Tmax : 150.00, threshold of infected : 0.010
0.37 0.32 0.13 0.12 0.04 0.02 
0.2192 0.12 0.08 0.06 0.05 0.045 0.04 0.035 0.03 0.02 0.02 0.02 0.015 0.015 0.015 0.015 0.001 0.001 0.001 0.001 0.001 0.001 0.001 0.001 0.001 0.001 0.001 0.001 0.001 0.001 0.001 0.001 0.001 0.001 0.001 0.001 0.001 0.001 0.001 0.001 0.001 0.0001 0.0001 0.0001 0.0001 0.0001 0.0001 0.0001 0.0001 0.175 
Proportion of infected at cutoff : 0.0100
Proportion of susceptibles at cutoff : 0.9751
(48,1) : 14
(28,0) : 1
(9,0) : 25
(14,0) : 11
(16,0) : 8
(50,0) : 48
(48,0) : 10
(5,0) : 39
(45,1) : 2
(47,3) : 3
(45,2) : 1
(13,0) : 15
(46,2) : 3
(49,1) : 11
(22,0) : 3
(2,1) : 1
(49,0) : 24
(10,0) : 8
(25,0) : 1
(26,0) : 2
(6,0) : 21
(12,0) : 20
(47,2) : 4
(2,0) : 93
(11,0) : 12
(37,0) : 2
(47,1) : 2
(3,0) : 69
(11,1) : 2
(8,0) : 25
(6,1) : 4
(48,2) : 5
(36,0) : 1
(7,0) : 17
(31,0) : 1
(44,3) : 1
(46,0) : 1
(35,0) : 3
(21,0) : 1
(18,1) : 1
(20,0) : 1
(25,1) : 1
(34,1) : 1
(7,1) : 1
(45,4) : 1
(4,0) : 29
(1,0) : 134
(39,1) : 1
(45,3) : 1
(15,1) : 1
(47,0) : 2
(15,0) : 2
(10,1) : 2
(30,0) : 1
(1,1) : 2
(23,0) : 1
(14,1) : 2
(9,1) : 1
(4,1) : 2
(13,1) : 1
(27,1) : 1
(3,2) : 1
(0,0) : 2
