pop size : 10000, betaG : 0.08500, lambdaH : 0.10000, lambdaW : 0.00100, gamma : 0.12500, Tmax : 150.00, threshold of infected : 0.010
0.37 0.32 0.13 0.12 0.04 0.02 
0.2192 0.12 0.08 0.06 0.05 0.045 0.04 0.035 0.03 0.02 0.02 0.02 0.015 0.015 0.015 0.015 0.001 0.001 0.001 0.001 0.001 0.001 0.001 0.001 0.001 0.001 0.001 0.001 0.001 0.001 0.001 0.001 0.001 0.001 0.001 0.001 0.001 0.001 0.001 0.001 0.001 0.0001 0.0001 0.0001 0.0001 0.0001 0.0001 0.0001 0.0001 0.175 
Proportion of infected at cutoff : 0.0100
Proportion of susceptibles at cutoff : 0.9800
(49,1) : 24
(2,0) : 89
(39,2) : 1
(50,0) : 51
(1,0) : 175
(4,0) : 46
(11,1) : 2
(48,1) : 7
(5,0) : 33
(47,3) : 2
(48,2) : 5
(47,2) : 3
(49,0) : 23
(6,0) : 45
(15,0) : 10
(29,0) : 3
(43,3) : 1
(9,0) : 19
(47,0) : 1
(25,0) : 1
(11,0) : 12
(7,0) : 25
(16,0) : 10
(35,0) : 1
(12,0) : 14
(8,0) : 28
(14,0) : 14
(48,0) : 8
(46,3) : 1
(24,0) : 2
(31,0) : 1
(39,1) : 2
(10,0) : 10
(3,0) : 61
(13,0) : 8
(38,5) : 1
(47,1) : 2
(5,2) : 1
(7,1) : 3
(27,0) : 1
(10,1) : 1
(25,1) : 1
(23,0) : 1
(15,1) : 1
(36,0) : 1
(46,2) : 1
(44,0) : 1
(32,2) : 1
(4,1) : 3
(13,1) : 1
(0,1) : 2
(8,1) : 2
(2,1) : 1
(3,1) : 2
(17,0) : 1
(9,1) : 1
(5,1) : 2
(14,1) : 1
(1,1) : 1
