pop size : 10000, betaG : 0.08500, lambdaH : 0.10000, lambdaW : 0.00100, gamma : 0.12500, Tmax : 150.00, threshold of infected : 0.010
0.37 0.32 0.13 0.12 0.04 0.02 
0.2192 0.12 0.08 0.06 0.05 0.045 0.04 0.035 0.03 0.02 0.02 0.02 0.015 0.015 0.015 0.015 0.001 0.001 0.001 0.001 0.001 0.001 0.001 0.001 0.001 0.001 0.001 0.001 0.001 0.001 0.001 0.001 0.001 0.001 0.001 0.001 0.001 0.001 0.001 0.001 0.001 0.0001 0.0001 0.0001 0.0001 0.0001 0.0001 0.0001 0.0001 0.175 
Proportion of infected at cutoff : 0.0100
Proportion of susceptibles at cutoff : 0.9761
(46,3) : 1
(50,0) : 51
(49,0) : 20
(3,0) : 58
(8,0) : 23
(18,0) : 2
(48,1) : 12
(5,0) : 45
(47,0) : 2
(31,0) : 1
(2,0) : 97
(13,0) : 9
(48,0) : 6
(49,1) : 16
(16,0) : 9
(15,0) : 14
(12,0) : 20
(43,2) : 1
(14,1) : 4
(47,1) : 3
(11,0) : 18
(45,2) : 1
(19,0) : 1
(7,0) : 28
(4,0) : 34
(17,0) : 1
(18,1) : 2
(9,0) : 23
(26,0) : 1
(10,0) : 14
(48,2) : 1
(15,1) : 2
(44,4) : 1
(38,1) : 1
(44,3) : 2
(30,0) : 1
(6,1) : 4
(8,1) : 4
(26,1) : 1
(46,1) : 1
(1,0) : 178
(7,1) : 2
(6,0) : 35
(45,1) : 1
(43,0) : 1
(14,0) : 12
(25,0) : 1
(35,0) : 1
(47,2) : 2
(32,1) : 1
(13,1) : 4
(11,1) : 2
(29,0) : 1
(12,1) : 2
(30,2) : 1
(10,2) : 1
(24,0) : 1
(38,0) : 2
(22,0) : 1
(46,2) : 1
(30,4) : 1
(9,1) : 1
(1,1) : 2
(2,1) : 1
(0,1) : 1
