pop size : 10000, betaG : 0.08500, lambdaH : 0.10000, lambdaW : 0.00100, gamma : 0.12500, Tmax : 150.00, threshold of infected : 0.010
0.37 0.32 0.13 0.12 0.04 0.02 
0.2192 0.12 0.08 0.06 0.05 0.045 0.04 0.035 0.03 0.02 0.02 0.02 0.015 0.015 0.015 0.015 0.001 0.001 0.001 0.001 0.001 0.001 0.001 0.001 0.001 0.001 0.001 0.001 0.001 0.001 0.001 0.001 0.001 0.001 0.001 0.001 0.001 0.001 0.001 0.001 0.001 0.0001 0.0001 0.0001 0.0001 0.0001 0.0001 0.0001 0.0001 0.175 
Proportion of infected at cutoff : 0.0100
Proportion of susceptibles at cutoff : 0.9762
(50,0) : 50
(49,0) : 19
(48,0) : 8
(7,0) : 25
(4,0) : 43
(47,0) : 4
(48,1) : 11
(46,2) : 2
(10,0) : 20
(49,1) : 23
(47,1) : 2
(6,0) : 22
(5,0) : 30
(1,0) : 159
(12,0) : 12
(3,0) : 54
(42,1) : 1
(25,0) : 3
(13,0) : 14
(15,0) : 10
(46,1) : 1
(9,1) : 3
(47,2) : 3
(48,2) : 3
(8,0) : 26
(23,1) : 1
(14,0) : 10
(9,0) : 20
(2,0) : 93
(32,0) : 1
(35,1) : 1
(11,0) : 14
(23,0) : 1
(37,1) : 1
(13,1) : 1
(45,1) : 1
(45,4) : 1
(41,0) : 1
(19,0) : 1
(45,2) : 2
(14,1) : 2
(8,1) : 2
(16,0) : 5
(15,1) : 2
(29,0) : 1
(11,1) : 1
(17,1) : 1
(46,3) : 1
(45,3) : 1
(0,1) : 1
(28,1) : 2
(43,0) : 1
(2,1) : 1
(21,0) : 1
(13,2) : 1
(0,0) : 5
(21,1) : 1
(22,0) : 1
(6,1) : 3
(10,1) : 1
(18,0) : 1
(4,1) : 1
(1,1) : 1
(7,1) : 1
(5,1) : 1
(3,1) : 1
