pop size : 10000, betaG : 0.08500, lambdaH : 0.10000, lambdaW : 0.00100, gamma : 0.12500, Tmax : 150.00, threshold of infected : 0.010
0.37 0.32 0.13 0.12 0.04 0.02 
0.2192 0.12 0.08 0.06 0.05 0.045 0.04 0.035 0.03 0.02 0.02 0.02 0.015 0.015 0.015 0.015 0.001 0.001 0.001 0.001 0.001 0.001 0.001 0.001 0.001 0.001 0.001 0.001 0.001 0.001 0.001 0.001 0.001 0.001 0.001 0.001 0.001 0.001 0.001 0.001 0.001 0.0001 0.0001 0.0001 0.0001 0.0001 0.0001 0.0001 0.0001 0.175 
Proportion of infected at cutoff : 0.0100
Proportion of susceptibles at cutoff : 0.9734
(50,0) : 38
(48,2) : 5
(14,1) : 2
(47,2) : 5
(14,0) : 15
(49,0) : 25
(9,0) : 27
(48,0) : 7
(49,1) : 14
(13,0) : 15
(46,1) : 5
(47,0) : 5
(3,0) : 64
(10,0) : 17
(46,0) : 2
(5,0) : 44
(8,1) : 2
(4,0) : 45
(2,0) : 107
(11,0) : 12
(36,0) : 1
(10,1) : 2
(29,0) : 1
(47,1) : 4
(37,0) : 1
(7,0) : 33
(46,2) : 2
(40,0) : 1
(46,3) : 2
(14,2) : 1
(12,0) : 16
(16,0) : 10
(8,0) : 30
(15,1) : 1
(1,0) : 206
(27,0) : 1
(32,0) : 1
(48,1) : 3
(15,0) : 15
(31,0) : 1
(6,0) : 26
(44,3) : 1
(33,1) : 1
(28,0) : 1
(40,4) : 1
(25,1) : 2
(33,2) : 1
(23,0) : 1
(47,3) : 1
(33,0) : 1
(30,0) : 1
(20,0) : 2
(3,1) : 1
(6,1) : 2
(34,0) : 1
(13,1) : 2
(5,1) : 2
(11,1) : 1
(12,2) : 1
(4,1) : 2
(13,2) : 1
(9,1) : 1
(0,0) : 4
(7,1) : 1
(1,1) : 2
(0,1) : 2
