pop size : 10000, betaG : 0.08500, lambdaH : 0.10000, lambdaW : 0.00100, gamma : 0.12500, Tmax : 150.00, threshold of infected : 0.010
0.37 0.32 0.13 0.12 0.04 0.02 
0.2192 0.12 0.08 0.06 0.05 0.045 0.04 0.035 0.03 0.02 0.02 0.02 0.015 0.015 0.015 0.015 0.001 0.001 0.001 0.001 0.001 0.001 0.001 0.001 0.001 0.001 0.001 0.001 0.001 0.001 0.001 0.001 0.001 0.001 0.001 0.001 0.001 0.001 0.001 0.001 0.001 0.0001 0.0001 0.0001 0.0001 0.0001 0.0001 0.0001 0.0001 0.175 
Proportion of infected at cutoff : 0.0100
Proportion of susceptibles at cutoff : 0.9736
(8,1) : 4
(48,2) : 7
(47,1) : 6
(13,0) : 16
(8,0) : 24
(50,0) : 43
(33,0) : 4
(49,0) : 28
(1,0) : 159
(7,0) : 33
(48,1) : 12
(9,0) : 18
(46,0) : 1
(19,0) : 1
(32,0) : 1
(10,0) : 15
(46,1) : 2
(45,0) : 3
(11,0) : 9
(48,0) : 6
(49,1) : 16
(3,0) : 66
(12,0) : 10
(6,0) : 32
(4,0) : 39
(47,0) : 2
(37,0) : 1
(5,0) : 39
(46,2) : 1
(2,0) : 86
(45,3) : 1
(1,1) : 1
(28,2) : 1
(5,1) : 5
(15,0) : 12
(41,0) : 1
(46,3) : 1
(31,0) : 1
(45,1) : 1
(34,0) : 1
(13,1) : 4
(10,1) : 4
(45,2) : 1
(12,1) : 3
(16,0) : 5
(32,3) : 1
(4,1) : 1
(44,0) : 1
(30,0) : 1
(15,1) : 2
(14,0) : 6
(7,1) : 3
(29,1) : 1
(28,0) : 1
(13,3) : 1
(2,1) : 1
(3,1) : 1
(0,1) : 1
(0,0) : 1
