pop size : 10000, betaG : 0.08500, lambdaH : 0.10000, lambdaW : 0.00100, gamma : 0.12500, Tmax : 150.00, threshold of infected : 0.010
0.37 0.32 0.13 0.12 0.04 0.02 
0.2192 0.12 0.08 0.06 0.05 0.045 0.04 0.035 0.03 0.02 0.02 0.02 0.015 0.015 0.015 0.015 0.001 0.001 0.001 0.001 0.001 0.001 0.001 0.001 0.001 0.001 0.001 0.001 0.001 0.001 0.001 0.001 0.001 0.001 0.001 0.001 0.001 0.001 0.001 0.001 0.001 0.0001 0.0001 0.0001 0.0001 0.0001 0.0001 0.0001 0.0001 0.175 
Proportion of infected at cutoff : 0.0100
Proportion of susceptibles at cutoff : 0.9816
(50,0) : 48
(40,0) : 1
(1,0) : 167
(12,0) : 16
(4,0) : 52
(48,1) : 8
(49,1) : 21
(47,3) : 1
(2,0) : 105
(16,0) : 15
(13,0) : 8
(49,0) : 16
(48,0) : 7
(6,0) : 36
(15,0) : 17
(14,0) : 12
(48,2) : 6
(39,0) : 1
(47,2) : 3
(12,1) : 1
(5,0) : 42
(7,0) : 23
(11,0) : 16
(46,1) : 2
(13,1) : 2
(6,1) : 3
(4,1) : 3
(46,4) : 1
(20,0) : 1
(3,0) : 56
(30,0) : 1
(8,0) : 25
(41,0) : 2
(47,1) : 5
(23,0) : 2
(19,0) : 2
(9,0) : 26
(33,0) : 2
(24,1) : 1
(44,5) : 1
(24,0) : 1
(17,0) : 1
(0,1) : 4
(10,0) : 14
(26,0) : 1
(25,0) : 1
(18,0) : 3
(42,5) : 1
(28,1) : 1
(8,1) : 2
(38,0) : 1
(32,0) : 1
(14,1) : 1
(46,2) : 1
(21,0) : 1
(22,0) : 1
(5,1) : 2
(11,1) : 1
(7,1) : 1
(29,0) : 1
(3,1) : 1
(2,1) : 2
(9,1) : 1
(10,1) : 1
