pop size : 10000, betaG : 0.08500, lambdaH : 0.10000, lambdaW : 0.00100, gamma : 0.12500, Tmax : 150.00, threshold of infected : 0.010
0.37 0.32 0.13 0.12 0.04 0.02 
0.2192 0.12 0.08 0.06 0.05 0.045 0.04 0.035 0.03 0.02 0.02 0.02 0.015 0.015 0.015 0.015 0.001 0.001 0.001 0.001 0.001 0.001 0.001 0.001 0.001 0.001 0.001 0.001 0.001 0.001 0.001 0.001 0.001 0.001 0.001 0.001 0.001 0.001 0.001 0.001 0.001 0.0001 0.0001 0.0001 0.0001 0.0001 0.0001 0.0001 0.0001 0.175 
Proportion of infected at cutoff : 0.0100
Proportion of susceptibles at cutoff : 0.9766
(49,0) : 24
(46,2) : 2
(50,0) : 50
(9,0) : 16
(49,1) : 12
(7,0) : 31
(1,0) : 177
(14,0) : 7
(45,2) : 2
(25,1) : 2
(47,0) : 4
(27,1) : 2
(16,0) : 9
(48,0) : 7
(45,3) : 1
(47,2) : 1
(8,0) : 29
(48,1) : 11
(6,0) : 40
(47,1) : 4
(2,0) : 104
(15,0) : 8
(48,2) : 3
(35,0) : 2
(28,0) : 3
(33,2) : 1
(4,0) : 38
(47,3) : 5
(42,1) : 1
(13,0) : 7
(46,3) : 1
(11,1) : 2
(10,0) : 17
(11,0) : 14
(5,0) : 39
(15,1) : 1
(0,1) : 5
(10,1) : 1
(46,1) : 2
(12,0) : 13
(3,0) : 70
(38,1) : 1
(28,1) : 1
(39,2) : 1
(19,1) : 1
(19,0) : 1
(32,0) : 2
(3,1) : 1
(14,1) : 2
(5,1) : 2
(23,0) : 1
(6,1) : 1
(22,0) : 2
(29,0) : 1
(4,1) : 2
(2,1) : 2
(13,1) : 1
(7,1) : 1
(0,0) : 2
(1,1) : 1
