pop size : 10000, betaG : 0.08500, lambdaH : 0.10000, lambdaW : 0.00100, gamma : 0.12500, Tmax : 150.00, threshold of infected : 0.010
0.37 0.32 0.13 0.12 0.04 0.02 
0.2192 0.12 0.08 0.06 0.05 0.045 0.04 0.035 0.03 0.02 0.02 0.02 0.015 0.015 0.015 0.015 0.001 0.001 0.001 0.001 0.001 0.001 0.001 0.001 0.001 0.001 0.001 0.001 0.001 0.001 0.001 0.001 0.001 0.001 0.001 0.001 0.001 0.001 0.001 0.001 0.001 0.0001 0.0001 0.0001 0.0001 0.0001 0.0001 0.0001 0.0001 0.175 
Proportion of infected at cutoff : 0.0100
Proportion of susceptibles at cutoff : 0.9784
(48,1) : 11
(50,0) : 57
(32,0) : 1
(46,1) : 4
(48,0) : 7
(3,0) : 57
(8,0) : 30
(5,0) : 29
(48,2) : 5
(49,0) : 17
(49,1) : 20
(47,0) : 1
(16,0) : 5
(31,0) : 1
(10,0) : 15
(14,0) : 10
(47,2) : 6
(2,0) : 81
(7,0) : 31
(45,2) : 1
(46,0) : 1
(12,0) : 8
(42,3) : 1
(23,1) : 1
(10,1) : 4
(35,0) : 2
(6,0) : 34
(2,1) : 3
(5,1) : 2
(9,0) : 21
(40,1) : 1
(33,0) : 1
(15,0) : 11
(11,0) : 13
(40,0) : 2
(1,0) : 151
(13,0) : 13
(39,0) : 1
(44,3) : 1
(4,0) : 46
(46,2) : 1
(6,1) : 2
(7,1) : 4
(20,1) : 1
(17,0) : 1
(15,1) : 1
(47,1) : 1
(14,1) : 1
(1,1) : 1
(12,1) : 1
(38,0) : 1
(3,1) : 3
(19,0) : 1
(9,1) : 2
(11,1) : 1
(10,3) : 1
(0,1) : 1
