pop size : 10000, betaG : 0.08500, lambdaH : 0.10000, lambdaW : 0.00100, gamma : 0.12500, Tmax : 150.00, threshold of infected : 0.010
0.37 0.32 0.13 0.12 0.04 0.02 
0.2192 0.12 0.08 0.06 0.05 0.045 0.04 0.035 0.03 0.02 0.02 0.02 0.015 0.015 0.015 0.015 0.001 0.001 0.001 0.001 0.001 0.001 0.001 0.001 0.001 0.001 0.001 0.001 0.001 0.001 0.001 0.001 0.001 0.001 0.001 0.001 0.001 0.001 0.001 0.001 0.001 0.0001 0.0001 0.0001 0.0001 0.0001 0.0001 0.0001 0.0001 0.175 
Proportion of infected at cutoff : 0.0100
Proportion of susceptibles at cutoff : 0.9812
(49,1) : 24
(2,0) : 78
(49,0) : 16
(50,0) : 60
(8,0) : 19
(16,0) : 11
(48,1) : 5
(15,0) : 14
(48,2) : 6
(47,0) : 4
(3,0) : 38
(46,3) : 2
(9,0) : 22
(7,0) : 32
(4,0) : 45
(44,4) : 1
(13,0) : 9
(10,0) : 18
(47,1) : 3
(14,0) : 9
(37,0) : 2
(45,3) : 1
(1,0) : 149
(46,1) : 1
(47,3) : 1
(11,0) : 15
(47,2) : 2
(48,0) : 3
(12,0) : 14
(34,0) : 1
(45,1) : 1
(6,0) : 28
(29,1) : 1
(35,1) : 1
(5,1) : 1
(5,0) : 27
(13,1) : 2
(40,0) : 1
(29,0) : 1
(39,0) : 1
(38,1) : 1
(33,0) : 1
(16,1) : 1
(43,7) : 1
(44,3) : 1
(26,1) : 1
(25,0) : 1
(41,0) : 1
(0,1) : 2
(28,0) : 1
(38,0) : 2
(24,0) : 1
(23,0) : 1
(7,1) : 2
(8,1) : 2
(10,1) : 2
(19,0) : 1
(9,1) : 1
(3,2) : 1
(3,1) : 2
(2,1) : 2
(1,1) : 1
(0,0) : 1
