pop size : 10000, betaG : 0.08500, lambdaH : 0.10000, lambdaW : 0.00100, gamma : 0.12500, Tmax : 150.00, threshold of infected : 0.010
0.37 0.32 0.13 0.12 0.04 0.02 
0.2192 0.12 0.08 0.06 0.05 0.045 0.04 0.035 0.03 0.02 0.02 0.02 0.015 0.015 0.015 0.015 0.001 0.001 0.001 0.001 0.001 0.001 0.001 0.001 0.001 0.001 0.001 0.001 0.001 0.001 0.001 0.001 0.001 0.001 0.001 0.001 0.001 0.001 0.001 0.001 0.001 0.0001 0.0001 0.0001 0.0001 0.0001 0.0001 0.0001 0.0001 0.175 
Proportion of infected at cutoff : 0.0100
Proportion of susceptibles at cutoff : 0.9794
(50,0) : 54
(48,1) : 7
(8,0) : 29
(49,0) : 20
(49,1) : 20
(47,0) : 5
(46,4) : 1
(4,0) : 42
(48,2) : 6
(27,0) : 1
(6,0) : 35
(1,0) : 157
(11,0) : 15
(48,0) : 6
(9,0) : 19
(3,0) : 66
(7,0) : 25
(16,0) : 10
(45,3) : 1
(32,1) : 1
(12,0) : 10
(14,0) : 16
(46,3) : 2
(45,1) : 1
(30,1) : 1
(47,2) : 2
(5,0) : 51
(9,1) : 2
(15,0) : 6
(39,1) : 1
(43,2) : 1
(45,4) : 2
(47,3) : 2
(40,0) : 1
(7,1) : 1
(13,0) : 10
(22,3) : 1
(31,0) : 1
(2,0) : 84
(30,0) : 1
(23,1) : 1
(18,0) : 1
(47,1) : 2
(4,1) : 1
(24,0) : 1
(33,0) : 3
(5,1) : 2
(10,0) : 6
(25,0) : 3
(14,1) : 2
(5,2) : 1
(18,1) : 1
(6,1) : 3
(11,1) : 1
(13,1) : 1
(0,0) : 3
(10,1) : 2
(19,0) : 1
