pop size : 10000, betaG : 0.08500, lambdaH : 0.10000, lambdaW : 0.00100, gamma : 0.12500, Tmax : 150.00, threshold of infected : 0.010
0.37 0.32 0.13 0.12 0.04 0.02 
0.2192 0.12 0.08 0.06 0.05 0.045 0.04 0.035 0.03 0.02 0.02 0.02 0.015 0.015 0.015 0.015 0.001 0.001 0.001 0.001 0.001 0.001 0.001 0.001 0.001 0.001 0.001 0.001 0.001 0.001 0.001 0.001 0.001 0.001 0.001 0.001 0.001 0.001 0.001 0.001 0.001 0.0001 0.0001 0.0001 0.0001 0.0001 0.0001 0.0001 0.0001 0.175 
Proportion of infected at cutoff : 0.0100
Proportion of susceptibles at cutoff : 0.9776
(16,0) : 8
(50,0) : 62
(49,0) : 22
(3,0) : 58
(49,1) : 15
(15,0) : 11
(10,1) : 2
(20,0) : 1
(6,0) : 39
(11,0) : 14
(46,1) : 1
(14,0) : 16
(48,2) : 3
(48,0) : 9
(7,0) : 15
(29,0) : 1
(44,1) : 1
(47,2) : 3
(46,2) : 3
(12,1) : 2
(8,0) : 22
(10,0) : 8
(48,1) : 8
(21,0) : 2
(5,0) : 41
(12,0) : 7
(47,0) : 2
(47,1) : 3
(4,0) : 37
(2,0) : 92
(9,0) : 23
(13,0) : 5
(1,0) : 169
(11,1) : 2
(9,1) : 2
(37,1) : 1
(7,2) : 1
(32,1) : 1
(43,3) : 1
(24,0) : 1
(46,3) : 2
(14,1) : 2
(7,1) : 3
(21,1) : 1
(45,3) : 1
(13,1) : 1
(6,1) : 4
(13,2) : 1
(35,0) : 1
(4,1) : 2
(18,0) : 2
(29,1) : 1
(8,1) : 1
(23,0) : 1
(25,0) : 1
(20,1) : 1
(10,2) : 1
(2,1) : 2
(1,1) : 2
(3,1) : 4
(5,1) : 2
(0,0) : 1
