pop size : 10000, betaG : 0.08500, lambdaH : 0.10000, lambdaW : 0.00100, gamma : 0.12500, Tmax : 150.00, threshold of infected : 0.010
0.37 0.32 0.13 0.12 0.04 0.02 
0.2192 0.12 0.08 0.06 0.05 0.045 0.04 0.035 0.03 0.02 0.02 0.02 0.015 0.015 0.015 0.015 0.001 0.001 0.001 0.001 0.001 0.001 0.001 0.001 0.001 0.001 0.001 0.001 0.001 0.001 0.001 0.001 0.001 0.001 0.001 0.001 0.001 0.001 0.001 0.001 0.001 0.0001 0.0001 0.0001 0.0001 0.0001 0.0001 0.0001 0.0001 0.175 
Proportion of infected at cutoff : 0.0100
Proportion of susceptibles at cutoff : 0.9765
(47,2) : 5
(15,0) : 9
(12,0) : 10
(7,0) : 29
(47,1) : 7
(14,0) : 10
(48,0) : 7
(48,1) : 9
(49,1) : 16
(50,0) : 60
(11,0) : 15
(49,0) : 17
(16,0) : 9
(10,0) : 11
(9,0) : 16
(46,2) : 2
(2,0) : 72
(38,0) : 1
(27,0) : 2
(38,1) : 1
(13,1) : 2
(5,0) : 35
(44,2) : 1
(8,0) : 14
(26,0) : 1
(15,1) : 3
(41,0) : 1
(18,0) : 1
(47,0) : 3
(46,3) : 3
(3,0) : 41
(48,2) : 4
(46,0) : 2
(4,1) : 4
(4,0) : 46
(12,1) : 1
(13,0) : 8
(1,0) : 139
(45,1) : 1
(32,0) : 2
(6,0) : 21
(39,0) : 1
(5,1) : 3
(32,1) : 1
(20,0) : 1
(35,1) : 1
(10,1) : 1
(6,1) : 4
(14,2) : 1
(45,0) : 1
(47,3) : 1
(17,0) : 2
(23,0) : 1
(36,0) : 1
(9,1) : 1
(7,1) : 1
(8,1) : 1
(21,0) : 1
(1,1) : 2
(2,1) : 1
(3,1) : 1
(0,1) : 1
