pop size : 10000, betaG : 0.08500, lambdaH : 0.10000, lambdaW : 0.00100, gamma : 0.12500, Tmax : 150.00, threshold of infected : 0.010
0.37 0.32 0.13 0.12 0.04 0.02 
0.2192 0.12 0.08 0.06 0.05 0.045 0.04 0.035 0.03 0.02 0.02 0.02 0.015 0.015 0.015 0.015 0.001 0.001 0.001 0.001 0.001 0.001 0.001 0.001 0.001 0.001 0.001 0.001 0.001 0.001 0.001 0.001 0.001 0.001 0.001 0.001 0.001 0.001 0.001 0.001 0.001 0.0001 0.0001 0.0001 0.0001 0.0001 0.0001 0.0001 0.0001 0.175 
Proportion of infected at cutoff : 0.0100
Proportion of susceptibles at cutoff : 0.9804
(50,0) : 62
(11,0) : 13
(3,0) : 61
(6,0) : 35
(49,0) : 16
(5,0) : 32
(9,0) : 24
(33,0) : 2
(47,1) : 6
(49,1) : 21
(10,0) : 11
(8,0) : 21
(7,0) : 24
(47,2) : 5
(48,1) : 6
(11,1) : 2
(25,0) : 1
(36,0) : 1
(12,0) : 18
(34,0) : 1
(35,0) : 1
(48,2) : 2
(46,1) : 1
(30,2) : 1
(46,3) : 1
(46,0) : 2
(4,0) : 40
(36,1) : 1
(1,0) : 142
(43,5) : 1
(15,0) : 8
(37,0) : 1
(2,0) : 105
(20,0) : 1
(48,0) : 3
(8,1) : 1
(47,0) : 2
(9,1) : 2
(18,0) : 4
(46,4) : 2
(7,1) : 2
(14,0) : 10
(30,0) : 1
(23,1) : 1
(16,0) : 4
(46,2) : 1
(28,0) : 1
(45,4) : 1
(45,1) : 1
(21,0) : 1
(37,1) : 1
(13,0) : 6
(17,0) : 1
(27,0) : 1
(45,3) : 1
(12,1) : 3
(32,1) : 1
(6,1) : 1
(5,2) : 1
(14,1) : 3
(1,1) : 2
(2,1) : 1
(3,1) : 1
