pop size : 10000, betaG : 0.08500, lambdaH : 0.10000, lambdaW : 0.00100, gamma : 0.12500, Tmax : 150.00, threshold of infected : 0.010
0.37 0.32 0.13 0.12 0.04 0.02 
0.2192 0.12 0.08 0.06 0.05 0.045 0.04 0.035 0.03 0.02 0.02 0.02 0.015 0.015 0.015 0.015 0.001 0.001 0.001 0.001 0.001 0.001 0.001 0.001 0.001 0.001 0.001 0.001 0.001 0.001 0.001 0.001 0.001 0.001 0.001 0.001 0.001 0.001 0.001 0.001 0.001 0.0001 0.0001 0.0001 0.0001 0.0001 0.0001 0.0001 0.0001 0.175 
Proportion of infected at cutoff : 0.0100
Proportion of susceptibles at cutoff : 0.9747
(10,0) : 17
(14,0) : 11
(6,0) : 33
(49,0) : 26
(44,3) : 1
(50,0) : 44
(11,1) : 4
(48,0) : 12
(48,1) : 5
(48,2) : 7
(49,1) : 21
(45,3) : 2
(15,0) : 6
(8,0) : 23
(2,0) : 86
(16,0) : 9
(7,0) : 23
(11,0) : 12
(46,2) : 2
(47,0) : 3
(3,0) : 40
(1,0) : 152
(13,1) : 2
(12,0) : 11
(47,2) : 3
(5,0) : 30
(15,1) : 4
(47,1) : 6
(20,0) : 1
(4,0) : 49
(13,0) : 3
(9,0) : 27
(22,1) : 1
(25,0) : 2
(24,1) : 2
(45,2) : 1
(41,3) : 1
(46,3) : 1
(38,0) : 1
(23,0) : 1
(14,1) : 2
(35,0) : 2
(37,0) : 1
(26,0) : 1
(21,0) : 1
(30,1) : 1
(12,1) : 1
(20,1) : 1
(6,1) : 1
(46,0) : 1
(18,1) : 1
(38,1) : 1
(8,1) : 1
(24,0) : 1
(10,1) : 1
(5,1) : 1
(0,0) : 3
(0,1) : 1
(2,1) : 1
(1,1) : 1
