pop size : 10000, betaG : 0.08500, lambdaH : 0.10000, lambdaW : 0.00100, gamma : 0.12500, Tmax : 150.00, threshold of infected : 0.010
0.37 0.32 0.13 0.12 0.04 0.02 
0.2192 0.12 0.08 0.06 0.05 0.045 0.04 0.035 0.03 0.02 0.02 0.02 0.015 0.015 0.015 0.015 0.001 0.001 0.001 0.001 0.001 0.001 0.001 0.001 0.001 0.001 0.001 0.001 0.001 0.001 0.001 0.001 0.001 0.001 0.001 0.001 0.001 0.001 0.001 0.001 0.001 0.0001 0.0001 0.0001 0.0001 0.0001 0.0001 0.0001 0.0001 0.175 
Proportion of infected at cutoff : 0.0100
Proportion of susceptibles at cutoff : 0.9748
(50,0) : 42
(49,0) : 26
(48,1) : 6
(47,0) : 5
(49,1) : 15
(15,0) : 9
(39,1) : 2
(28,0) : 2
(3,0) : 65
(47,2) : 3
(9,0) : 15
(47,3) : 3
(11,0) : 10
(48,2) : 7
(30,0) : 1
(4,0) : 41
(8,0) : 29
(4,1) : 2
(19,0) : 2
(48,0) : 11
(36,1) : 1
(6,0) : 32
(13,1) : 2
(5,0) : 35
(14,0) : 10
(32,0) : 2
(46,1) : 2
(2,0) : 88
(29,0) : 1
(46,2) : 2
(16,0) : 8
(14,1) : 2
(27,1) : 1
(42,2) : 1
(35,1) : 1
(33,0) : 2
(15,1) : 1
(7,0) : 27
(1,0) : 167
(17,0) : 4
(46,3) : 2
(13,0) : 7
(47,1) : 1
(24,0) : 1
(44,3) : 1
(12,0) : 8
(10,0) : 11
(45,1) : 1
(9,1) : 1
(12,1) : 2
(35,0) : 1
(28,1) : 1
(44,0) : 1
(18,0) : 2
(25,0) : 1
(21,0) : 1
(5,1) : 2
(45,0) : 1
(36,0) : 2
(44,2) : 1
(7,1) : 1
(11,1) : 1
(8,1) : 1
(26,0) : 1
(1,1) : 2
(3,1) : 1
(0,1) : 2
(1,2) : 1
(0,0) : 2
(2,1) : 1
