pop size : 10000, betaG : 0.08500, lambdaH : 0.10000, lambdaW : 0.00100, gamma : 0.12500, Tmax : 150.00, threshold of infected : 0.010
0.37 0.32 0.13 0.12 0.04 0.02 
0.2192 0.12 0.08 0.06 0.05 0.045 0.04 0.035 0.03 0.02 0.02 0.02 0.015 0.015 0.015 0.015 0.001 0.001 0.001 0.001 0.001 0.001 0.001 0.001 0.001 0.001 0.001 0.001 0.001 0.001 0.001 0.001 0.001 0.001 0.001 0.001 0.001 0.001 0.001 0.001 0.001 0.0001 0.0001 0.0001 0.0001 0.0001 0.0001 0.0001 0.0001 0.175 
Proportion of infected at cutoff : 0.0100
Proportion of susceptibles at cutoff : 0.9796
(48,0) : 8
(47,2) : 4
(48,1) : 13
(4,0) : 37
(49,1) : 19
(47,1) : 1
(50,0) : 58
(49,0) : 18
(14,0) : 11
(7,0) : 28
(25,0) : 2
(11,0) : 13
(10,0) : 10
(13,0) : 11
(3,0) : 56
(31,0) : 1
(47,3) : 2
(36,0) : 2
(15,1) : 3
(9,0) : 24
(1,0) : 162
(12,0) : 19
(3,1) : 1
(6,0) : 29
(12,1) : 1
(48,2) : 4
(2,0) : 75
(14,1) : 3
(46,2) : 1
(8,0) : 19
(27,3) : 1
(45,0) : 2
(15,0) : 6
(41,0) : 2
(20,0) : 1
(30,0) : 3
(5,0) : 29
(38,0) : 1
(16,0) : 5
(27,0) : 1
(46,1) : 1
(20,3) : 1
(43,0) : 1
(13,1) : 1
(11,1) : 1
(21,0) : 1
(46,0) : 1
(6,3) : 1
(22,0) : 1
(0,0) : 3
(44,4) : 1
(23,4) : 1
(5,1) : 2
(10,1) : 1
(4,1) : 3
(47,0) : 1
(8,1) : 2
(6,1) : 1
(17,0) : 1
(7,1) : 2
(0,1) : 1
(1,1) : 3
