pop size : 10000, betaG : 0.08500, lambdaH : 0.10000, lambdaW : 0.00100, gamma : 0.12500, Tmax : 150.00, threshold of infected : 0.010
0.37 0.32 0.13 0.12 0.04 0.02 
0.2192 0.12 0.08 0.06 0.05 0.045 0.04 0.035 0.03 0.02 0.02 0.02 0.015 0.015 0.015 0.015 0.001 0.001 0.001 0.001 0.001 0.001 0.001 0.001 0.001 0.001 0.001 0.001 0.001 0.001 0.001 0.001 0.001 0.001 0.001 0.001 0.001 0.001 0.001 0.001 0.001 0.0001 0.0001 0.0001 0.0001 0.0001 0.0001 0.0001 0.0001 0.175 
Proportion of infected at cutoff : 0.0100
Proportion of susceptibles at cutoff : 0.9690
(2,0) : 87
(48,0) : 15
(50,0) : 38
(47,1) : 9
(49,0) : 26
(12,0) : 12
(1,0) : 190
(21,1) : 1
(10,0) : 12
(47,2) : 4
(13,0) : 9
(16,0) : 4
(3,0) : 52
(15,0) : 14
(28,0) : 1
(8,0) : 25
(5,0) : 34
(9,0) : 20
(17,0) : 1
(47,3) : 2
(7,0) : 24
(46,2) : 2
(49,1) : 10
(11,0) : 12
(48,1) : 11
(43,2) : 1
(14,0) : 10
(24,1) : 1
(38,0) : 1
(8,1) : 2
(44,2) : 2
(39,1) : 1
(15,1) : 1
(47,0) : 5
(46,1) : 1
(46,3) : 3
(6,0) : 38
(34,1) : 1
(44,5) : 1
(48,2) : 1
(10,1) : 2
(21,0) : 1
(39,0) : 2
(26,1) : 1
(34,0) : 1
(25,0) : 1
(4,0) : 51
(35,0) : 1
(42,1) : 1
(21,2) : 1
(45,0) : 1
(11,2) : 1
(29,0) : 1
(13,2) : 1
(0,0) : 4
(2,1) : 2
(1,1) : 3
(3,1) : 1
(33,0) : 1
(27,0) : 1
(12,2) : 1
(4,1) : 1
(11,1) : 1
(7,1) : 1
(6,1) : 1
