pop size : 10000, betaG : 0.08500, lambdaH : 0.10000, lambdaW : 0.00100, gamma : 0.12500, Tmax : 150.00, threshold of infected : 0.010
0.37 0.32 0.13 0.12 0.04 0.02 
0.2192 0.12 0.08 0.06 0.05 0.045 0.04 0.035 0.03 0.02 0.02 0.02 0.015 0.015 0.015 0.015 0.001 0.001 0.001 0.001 0.001 0.001 0.001 0.001 0.001 0.001 0.001 0.001 0.001 0.001 0.001 0.001 0.001 0.001 0.001 0.001 0.001 0.001 0.001 0.001 0.001 0.0001 0.0001 0.0001 0.0001 0.0001 0.0001 0.0001 0.0001 0.175 
Proportion of infected at cutoff : 0.0100
Proportion of susceptibles at cutoff : 0.9725
(4,0) : 46
(48,0) : 12
(50,0) : 42
(11,0) : 22
(6,1) : 3
(5,0) : 33
(47,1) : 6
(10,0) : 9
(49,0) : 26
(48,2) : 6
(49,1) : 10
(45,1) : 3
(48,1) : 10
(47,2) : 3
(47,0) : 5
(6,0) : 24
(9,0) : 13
(16,0) : 20
(46,3) : 2
(3,0) : 70
(13,0) : 6
(1,0) : 147
(7,0) : 29
(2,0) : 88
(12,0) : 13
(22,1) : 1
(23,1) : 1
(8,0) : 29
(46,1) : 2
(44,2) : 1
(10,1) : 2
(24,0) : 1
(45,2) : 1
(33,0) : 1
(40,0) : 1
(27,0) : 1
(46,2) : 2
(34,0) : 1
(45,3) : 1
(38,0) : 1
(44,1) : 2
(15,0) : 5
(0,1) : 2
(31,0) : 1
(45,4) : 1
(32,0) : 1
(25,0) : 1
(14,0) : 7
(2,1) : 1
(8,1) : 2
(13,1) : 1
(44,3) : 1
(35,4) : 1
(47,3) : 1
(12,1) : 1
(1,1) : 2
(0,0) : 1
(3,1) : 2
