pop size : 10000, betaG : 0.08500, lambdaH : 0.10000, lambdaW : 0.00100, gamma : 0.12500, Tmax : 150.00, threshold of infected : 0.010
0.37 0.32 0.13 0.12 0.04 0.02 
0.2192 0.12 0.08 0.06 0.05 0.045 0.04 0.035 0.03 0.02 0.02 0.02 0.015 0.015 0.015 0.015 0.001 0.001 0.001 0.001 0.001 0.001 0.001 0.001 0.001 0.001 0.001 0.001 0.001 0.001 0.001 0.001 0.001 0.001 0.001 0.001 0.001 0.001 0.001 0.001 0.001 0.0001 0.0001 0.0001 0.0001 0.0001 0.0001 0.0001 0.0001 0.175 
Proportion of infected at cutoff : 0.0100
Proportion of susceptibles at cutoff : 0.9769
(48,1) : 10
(46,1) : 4
(48,2) : 6
(29,1) : 1
(39,0) : 2
(14,2) : 1
(50,0) : 44
(5,0) : 34
(49,0) : 26
(12,0) : 17
(15,0) : 8
(11,0) : 17
(4,0) : 46
(49,1) : 17
(47,1) : 6
(2,0) : 90
(46,3) : 2
(10,0) : 15
(11,1) : 2
(46,2) : 1
(45,3) : 2
(48,0) : 8
(9,0) : 23
(7,0) : 36
(8,0) : 31
(3,0) : 45
(47,3) : 1
(36,0) : 2
(5,1) : 1
(1,0) : 159
(19,1) : 1
(13,0) : 4
(16,0) : 11
(5,2) : 1
(6,1) : 4
(4,1) : 6
(3,1) : 1
(6,0) : 33
(30,0) : 1
(47,0) : 2
(12,1) : 2
(14,1) : 2
(35,0) : 1
(14,0) : 10
(32,0) : 1
(7,1) : 2
(8,1) : 1
(16,1) : 1
(28,0) : 1
(46,0) : 1
(10,1) : 1
(17,0) : 1
(24,0) : 1
(37,0) : 1
(20,0) : 2
(15,1) : 1
(9,1) : 1
(2,1) : 2
(1,1) : 1
(0,0) : 1
