pop size : 10000, betaG : 0.08500, lambdaH : 0.10000, lambdaW : 0.00100, gamma : 0.12500, Tmax : 150.00, threshold of infected : 0.010
0.37 0.32 0.13 0.12 0.04 0.02 
0.2192 0.12 0.08 0.06 0.05 0.045 0.04 0.035 0.03 0.02 0.02 0.02 0.015 0.015 0.015 0.015 0.001 0.001 0.001 0.001 0.001 0.001 0.001 0.001 0.001 0.001 0.001 0.001 0.001 0.001 0.001 0.001 0.001 0.001 0.001 0.001 0.001 0.001 0.001 0.001 0.001 0.0001 0.0001 0.0001 0.0001 0.0001 0.0001 0.0001 0.0001 0.175 
Proportion of infected at cutoff : 0.0100
Proportion of susceptibles at cutoff : 0.9737
(50,0) : 48
(6,0) : 31
(16,0) : 13
(10,1) : 2
(10,0) : 12
(13,0) : 11
(49,0) : 28
(5,0) : 36
(5,1) : 7
(9,0) : 15
(15,0) : 8
(34,0) : 3
(28,0) : 3
(3,0) : 70
(48,1) : 11
(46,0) : 1
(46,2) : 4
(2,0) : 117
(45,3) : 2
(47,0) : 6
(47,1) : 4
(39,2) : 1
(8,0) : 23
(11,0) : 12
(31,1) : 1
(49,1) : 7
(14,0) : 11
(35,2) : 1
(4,0) : 44
(3,1) : 5
(1,0) : 185
(12,0) : 14
(30,2) : 1
(37,2) : 1
(48,2) : 1
(7,0) : 26
(44,0) : 1
(17,0) : 1
(27,1) : 1
(14,1) : 2
(23,1) : 1
(47,2) : 1
(36,0) : 2
(44,1) : 1
(39,0) : 1
(46,1) : 1
(26,0) : 3
(48,0) : 3
(23,0) : 1
(33,3) : 1
(6,1) : 4
(12,2) : 1
(42,0) : 1
(24,0) : 2
(22,1) : 1
(15,1) : 1
(4,1) : 5
(47,3) : 1
(7,1) : 2
(13,1) : 1
(12,1) : 1
(25,0) : 1
(0,1) : 4
(35,0) : 1
(38,0) : 1
(8,1) : 1
(21,0) : 1
(11,1) : 2
(9,1) : 1
(19,0) : 1
(0,0) : 2
