pop size : 10000, betaG : 0.08500, lambdaH : 0.10000, lambdaW : 0.00100, gamma : 0.12500, Tmax : 150.00, threshold of infected : 0.010
0.37 0.32 0.13 0.12 0.04 0.02 
0.2192 0.12 0.08 0.06 0.05 0.045 0.04 0.035 0.03 0.02 0.02 0.02 0.015 0.015 0.015 0.015 0.001 0.001 0.001 0.001 0.001 0.001 0.001 0.001 0.001 0.001 0.001 0.001 0.001 0.001 0.001 0.001 0.001 0.001 0.001 0.001 0.001 0.001 0.001 0.001 0.001 0.0001 0.0001 0.0001 0.0001 0.0001 0.0001 0.0001 0.0001 0.175 
Proportion of infected at cutoff : 0.0100
Proportion of susceptibles at cutoff : 0.9833
(50,0) : 60
(48,0) : 4
(49,1) : 29
(2,0) : 95
(16,0) : 10
(47,0) : 1
(3,0) : 54
(13,0) : 18
(9,0) : 31
(7,0) : 27
(11,0) : 15
(49,0) : 15
(48,2) : 7
(44,2) : 1
(46,2) : 3
(12,0) : 17
(4,0) : 45
(36,0) : 1
(1,0) : 172
(37,1) : 2
(19,0) : 1
(14,0) : 10
(45,3) : 1
(2,1) : 2
(29,3) : 1
(6,0) : 32
(43,6) : 1
(35,0) : 1
(8,0) : 22
(44,5) : 1
(5,0) : 34
(47,2) : 2
(15,1) : 2
(15,0) : 9
(27,0) : 1
(10,0) : 21
(21,0) : 1
(48,1) : 1
(31,1) : 1
(12,1) : 2
(31,0) : 1
(33,1) : 2
(45,2) : 1
(7,1) : 3
(25,1) : 1
(9,1) : 1
(18,0) : 1
(1,1) : 2
(8,1) : 1
(47,1) : 1
(11,1) : 1
(40,0) : 1
(26,1) : 1
(6,1) : 1
(0,0) : 1
(3,1) : 1
(0,1) : 1
