pop size : 10000, betaG : 0.08500, lambdaH : 0.10000, lambdaW : 0.00100, gamma : 0.12500, Tmax : 150.00, threshold of infected : 0.010
0.37 0.32 0.13 0.12 0.04 0.02 
0.2192 0.12 0.08 0.06 0.05 0.045 0.04 0.035 0.03 0.02 0.02 0.02 0.015 0.015 0.015 0.015 0.001 0.001 0.001 0.001 0.001 0.001 0.001 0.001 0.001 0.001 0.001 0.001 0.001 0.001 0.001 0.001 0.001 0.001 0.001 0.001 0.001 0.001 0.001 0.001 0.001 0.0001 0.0001 0.0001 0.0001 0.0001 0.0001 0.0001 0.0001 0.175 
Proportion of infected at cutoff : 0.0100
Proportion of susceptibles at cutoff : 0.9754
(6,0) : 27
(48,1) : 10
(47,0) : 1
(13,0) : 8
(50,0) : 47
(48,0) : 7
(44,3) : 1
(9,0) : 24
(2,0) : 89
(49,1) : 13
(5,0) : 37
(47,1) : 7
(15,1) : 1
(6,1) : 2
(48,2) : 4
(3,0) : 65
(7,1) : 1
(49,0) : 25
(1,0) : 170
(46,0) : 3
(47,2) : 4
(16,0) : 16
(8,0) : 34
(14,0) : 9
(46,1) : 2
(10,0) : 24
(36,3) : 1
(13,1) : 1
(12,1) : 2
(7,0) : 25
(40,0) : 2
(24,0) : 1
(15,0) : 6
(41,0) : 1
(20,0) : 1
(11,0) : 16
(46,3) : 1
(26,0) : 1
(32,0) : 1
(45,2) : 1
(29,0) : 1
(4,0) : 37
(45,4) : 1
(46,2) : 3
(12,0) : 5
(18,0) : 1
(31,0) : 1
(10,1) : 1
(17,0) : 2
(8,1) : 4
(3,1) : 3
(11,1) : 1
(28,0) : 1
(23,1) : 1
(4,1) : 4
(6,2) : 1
(11,2) : 1
(38,0) : 1
(1,1) : 1
(0,0) : 2
(14,1) : 1
(23,0) : 1
(5,1) : 1
(0,1) : 3
