pop size : 10000, betaG : 0.08500, lambdaH : 0.10000, lambdaW : 0.00100, gamma : 0.12500, Tmax : 150.00, threshold of infected : 0.010
0.37 0.32 0.13 0.12 0.04 0.02 
0.2192 0.12 0.08 0.06 0.05 0.045 0.04 0.035 0.03 0.02 0.02 0.02 0.015 0.015 0.015 0.015 0.001 0.001 0.001 0.001 0.001 0.001 0.001 0.001 0.001 0.001 0.001 0.001 0.001 0.001 0.001 0.001 0.001 0.001 0.001 0.001 0.001 0.001 0.001 0.001 0.001 0.0001 0.0001 0.0001 0.0001 0.0001 0.0001 0.0001 0.0001 0.175 
Proportion of infected at cutoff : 0.0100
Proportion of susceptibles at cutoff : 0.9766
(13,0) : 10
(50,0) : 47
(5,0) : 46
(48,0) : 4
(48,2) : 5
(49,1) : 17
(49,0) : 20
(13,1) : 5
(48,1) : 10
(16,0) : 11
(4,0) : 41
(46,0) : 1
(8,0) : 30
(2,0) : 104
(34,0) : 3
(1,0) : 170
(12,0) : 14
(14,0) : 10
(7,0) : 30
(47,0) : 6
(44,4) : 1
(7,1) : 3
(35,1) : 1
(3,0) : 55
(17,2) : 1
(36,0) : 1
(15,1) : 3
(33,0) : 1
(38,0) : 3
(9,0) : 18
(47,2) : 4
(6,0) : 40
(44,5) : 1
(20,0) : 1
(15,0) : 8
(3,1) : 2
(34,1) : 1
(37,0) : 1
(11,0) : 13
(46,1) : 2
(25,1) : 1
(47,1) : 2
(45,2) : 1
(23,0) : 1
(35,0) : 1
(31,1) : 1
(28,0) : 2
(25,0) : 1
(17,0) : 1
(44,1) : 1
(39,0) : 1
(10,0) : 6
(47,3) : 2
(24,0) : 1
(19,0) : 2
(29,0) : 1
(4,1) : 6
(22,0) : 1
(5,1) : 1
(22,1) : 1
(2,1) : 2
(6,1) : 1
(0,0) : 1
(1,1) : 2
(0,1) : 1
