pop size : 10000, betaG : 0.08500, lambdaH : 0.10000, lambdaW : 0.00100, gamma : 0.12500, Tmax : 150.00, threshold of infected : 0.010
0.37 0.32 0.13 0.12 0.04 0.02 
0.2192 0.12 0.08 0.06 0.05 0.045 0.04 0.035 0.03 0.02 0.02 0.02 0.015 0.015 0.015 0.015 0.001 0.001 0.001 0.001 0.001 0.001 0.001 0.001 0.001 0.001 0.001 0.001 0.001 0.001 0.001 0.001 0.001 0.001 0.001 0.001 0.001 0.001 0.001 0.001 0.001 0.0001 0.0001 0.0001 0.0001 0.0001 0.0001 0.0001 0.0001 0.175 
Proportion of infected at cutoff : 0.0100
Proportion of susceptibles at cutoff : 0.9792
(4,0) : 42
(50,0) : 50
(43,3) : 1
(16,0) : 8
(6,0) : 27
(14,0) : 9
(28,0) : 1
(1,0) : 150
(48,0) : 2
(49,1) : 28
(7,0) : 40
(2,0) : 96
(49,0) : 25
(46,1) : 1
(47,0) : 5
(9,0) : 14
(12,1) : 4
(46,2) : 1
(47,2) : 5
(3,0) : 49
(0,0) : 4
(8,1) : 3
(15,0) : 17
(48,1) : 6
(8,0) : 23
(47,1) : 2
(45,2) : 1
(11,0) : 17
(41,0) : 1
(45,3) : 1
(9,1) : 3
(38,0) : 1
(4,1) : 2
(10,0) : 10
(45,1) : 1
(32,0) : 2
(5,0) : 34
(48,2) : 5
(23,0) : 2
(14,1) : 1
(46,3) : 1
(34,0) : 2
(37,1) : 1
(13,0) : 6
(18,0) : 1
(40,0) : 1
(21,0) : 1
(7,2) : 1
(12,0) : 8
(5,1) : 3
(9,2) : 1
(13,1) : 1
(17,1) : 1
(46,0) : 1
(3,1) : 1
(0,1) : 1
(6,1) : 1
(1,1) : 2
(2,1) : 1
