pop size : 10000, betaG : 0.08500, lambdaH : 0.10000, lambdaW : 0.00100, gamma : 0.12500, Tmax : 150.00, threshold of infected : 0.010
0.37 0.32 0.13 0.12 0.04 0.02 
0.2192 0.12 0.08 0.06 0.05 0.045 0.04 0.035 0.03 0.02 0.02 0.02 0.015 0.015 0.015 0.015 0.001 0.001 0.001 0.001 0.001 0.001 0.001 0.001 0.001 0.001 0.001 0.001 0.001 0.001 0.001 0.001 0.001 0.001 0.001 0.001 0.001 0.001 0.001 0.001 0.001 0.0001 0.0001 0.0001 0.0001 0.0001 0.0001 0.0001 0.0001 0.175 
Proportion of infected at cutoff : 0.0100
Proportion of susceptibles at cutoff : 0.9777
(5,0) : 39
(49,1) : 17
(9,0) : 26
(7,0) : 26
(50,0) : 52
(13,0) : 9
(48,2) : 6
(48,1) : 10
(49,0) : 22
(2,0) : 109
(16,0) : 10
(36,0) : 1
(12,0) : 16
(45,1) : 1
(27,0) : 1
(14,1) : 4
(15,0) : 14
(3,0) : 69
(47,3) : 2
(4,0) : 43
(34,0) : 1
(7,1) : 4
(6,0) : 32
(11,0) : 11
(48,0) : 8
(10,0) : 15
(14,0) : 7
(26,0) : 1
(8,0) : 20
(21,1) : 1
(1,0) : 187
(47,2) : 2
(39,1) : 2
(28,0) : 1
(10,1) : 4
(25,1) : 1
(47,1) : 2
(35,0) : 1
(41,1) : 1
(42,3) : 1
(25,2) : 1
(23,1) : 1
(41,0) : 1
(46,3) : 1
(19,0) : 1
(30,0) : 1
(47,0) : 1
(19,1) : 1
(8,1) : 2
(44,3) : 1
(9,1) : 1
(18,0) : 1
(45,2) : 1
(12,2) : 1
(11,1) : 2
(29,0) : 1
(7,2) : 1
(13,1) : 1
(1,1) : 1
(0,0) : 5
(0,1) : 2
(3,1) : 1
(4,1) : 1
(2,1) : 1
