pop size : 10000, betaG : 0.08500, lambdaH : 0.10000, lambdaW : 0.00100, gamma : 0.12500, Tmax : 150.00, threshold of infected : 0.010
0.37 0.32 0.13 0.12 0.04 0.02 
0.2192 0.12 0.08 0.06 0.05 0.045 0.04 0.035 0.03 0.02 0.02 0.02 0.015 0.015 0.015 0.015 0.001 0.001 0.001 0.001 0.001 0.001 0.001 0.001 0.001 0.001 0.001 0.001 0.001 0.001 0.001 0.001 0.001 0.001 0.001 0.001 0.001 0.001 0.001 0.001 0.001 0.0001 0.0001 0.0001 0.0001 0.0001 0.0001 0.0001 0.0001 0.175 
Proportion of infected at cutoff : 0.0100
Proportion of susceptibles at cutoff : 0.9766
(49,1) : 22
(49,0) : 24
(7,0) : 26
(47,2) : 4
(48,0) : 7
(50,0) : 52
(1,0) : 147
(32,0) : 1
(9,1) : 2
(47,1) : 3
(5,0) : 34
(9,0) : 18
(2,0) : 81
(4,0) : 50
(3,0) : 59
(47,3) : 1
(6,0) : 42
(15,0) : 8
(46,2) : 2
(5,1) : 1
(48,1) : 9
(8,0) : 19
(31,1) : 2
(13,0) : 9
(10,0) : 7
(14,1) : 2
(12,0) : 13
(44,2) : 1
(11,1) : 1
(46,0) : 2
(41,1) : 1
(47,0) : 2
(44,0) : 1
(25,0) : 2
(45,2) : 1
(13,1) : 2
(11,0) : 13
(21,1) : 1
(38,0) : 1
(16,0) : 5
(35,1) : 1
(48,2) : 3
(21,2) : 1
(14,0) : 6
(15,1) : 1
(34,0) : 1
(30,0) : 1
(19,0) : 1
(28,0) : 1
(8,1) : 2
(37,0) : 1
(22,0) : 1
(33,0) : 1
(14,2) : 1
(46,4) : 1
(7,1) : 1
(3,1) : 3
(9,2) : 1
(21,0) : 1
(23,0) : 1
(27,0) : 1
(12,1) : 1
(6,1) : 1
(20,0) : 1
(1,1) : 3
(4,1) : 2
(0,0) : 4
(2,1) : 1
(10,1) : 1
(0,1) : 2
