pop size : 10000, betaG : 0.08500, lambdaH : 0.10000, lambdaW : 0.00100, gamma : 0.12500, Tmax : 150.00, threshold of infected : 0.010
0.37 0.32 0.13 0.12 0.04 0.02 
0.2192 0.12 0.08 0.06 0.05 0.045 0.04 0.035 0.03 0.02 0.02 0.02 0.015 0.015 0.015 0.015 0.001 0.001 0.001 0.001 0.001 0.001 0.001 0.001 0.001 0.001 0.001 0.001 0.001 0.001 0.001 0.001 0.001 0.001 0.001 0.001 0.001 0.001 0.001 0.001 0.001 0.0001 0.0001 0.0001 0.0001 0.0001 0.0001 0.0001 0.0001 0.175 
Proportion of infected at cutoff : 0.0100
Proportion of susceptibles at cutoff : 0.9790
(48,1) : 8
(49,0) : 18
(50,0) : 52
(7,0) : 33
(21,0) : 2
(22,0) : 2
(5,0) : 32
(40,0) : 1
(49,1) : 20
(4,0) : 43
(12,0) : 8
(46,2) : 3
(3,0) : 54
(1,0) : 156
(47,0) : 2
(48,0) : 7
(35,0) : 3
(46,1) : 1
(16,0) : 4
(9,0) : 25
(2,0) : 90
(11,0) : 19
(47,3) : 1
(47,2) : 3
(14,0) : 10
(13,0) : 18
(30,0) : 1
(6,0) : 33
(8,0) : 30
(10,0) : 10
(48,2) : 5
(21,1) : 1
(43,4) : 2
(47,1) : 3
(42,0) : 1
(40,4) : 1
(44,5) : 1
(14,1) : 1
(27,0) : 2
(24,0) : 3
(0,0) : 2
(31,0) : 1
(15,1) : 2
(41,0) : 1
(43,1) : 1
(12,1) : 2
(19,0) : 2
(26,0) : 1
(8,1) : 2
(15,0) : 10
(35,1) : 1
(9,1) : 5
(1,1) : 4
(4,1) : 1
(46,0) : 1
(7,1) : 2
(6,1) : 1
(2,1) : 1
(5,2) : 1
