pop size : 10000, betaG : 0.08500, lambdaH : 0.10000, lambdaW : 0.00100, gamma : 0.12500, Tmax : 150.00, threshold of infected : 0.010
0.37 0.32 0.13 0.12 0.04 0.02 
0.2192 0.12 0.08 0.06 0.05 0.045 0.04 0.035 0.03 0.02 0.02 0.02 0.015 0.015 0.015 0.015 0.001 0.001 0.001 0.001 0.001 0.001 0.001 0.001 0.001 0.001 0.001 0.001 0.001 0.001 0.001 0.001 0.001 0.001 0.001 0.001 0.001 0.001 0.001 0.001 0.001 0.0001 0.0001 0.0001 0.0001 0.0001 0.0001 0.0001 0.0001 0.175 
Proportion of infected at cutoff : 0.0100
Proportion of susceptibles at cutoff : 0.9807
(7,0) : 34
(50,0) : 61
(48,0) : 6
(25,0) : 2
(49,0) : 15
(49,1) : 18
(48,1) : 9
(3,0) : 43
(9,0) : 18
(1,0) : 177
(11,0) : 13
(47,1) : 2
(47,0) : 3
(47,3) : 1
(8,0) : 31
(6,0) : 36
(14,0) : 15
(12,0) : 10
(46,2) : 1
(4,0) : 22
(28,1) : 1
(22,1) : 2
(48,2) : 8
(15,0) : 10
(10,0) : 9
(46,0) : 2
(5,0) : 34
(32,0) : 2
(41,0) : 1
(7,1) : 3
(26,0) : 1
(16,0) : 10
(47,2) : 5
(2,0) : 83
(11,2) : 1
(13,0) : 4
(10,1) : 1
(36,0) : 1
(29,1) : 1
(46,4) : 1
(30,0) : 2
(12,1) : 2
(29,0) : 1
(5,1) : 3
(22,0) : 1
(23,0) : 1
(16,1) : 1
(44,2) : 1
(46,1) : 1
(14,1) : 1
(32,2) : 1
(17,0) : 2
(26,2) : 1
(8,1) : 1
(13,1) : 1
(27,1) : 1
(9,1) : 1
(2,1) : 1
(0,1) : 1
(3,1) : 3
(0,0) : 1
(1,1) : 3
