pop size : 10000, betaG : 0.08500, lambdaH : 0.10000, lambdaW : 0.00100, gamma : 0.12500, Tmax : 150.00, threshold of infected : 0.010
0.37 0.32 0.13 0.12 0.04 0.02 
0.2192 0.12 0.08 0.06 0.05 0.045 0.04 0.035 0.03 0.02 0.02 0.02 0.015 0.015 0.015 0.015 0.001 0.001 0.001 0.001 0.001 0.001 0.001 0.001 0.001 0.001 0.001 0.001 0.001 0.001 0.001 0.001 0.001 0.001 0.001 0.001 0.001 0.001 0.001 0.001 0.001 0.0001 0.0001 0.0001 0.0001 0.0001 0.0001 0.0001 0.0001 0.175 
Proportion of infected at cutoff : 0.0100
Proportion of susceptibles at cutoff : 0.9794
(7,0) : 30
(49,1) : 19
(50,0) : 56
(49,0) : 16
(11,0) : 12
(1,0) : 162
(33,0) : 4
(37,0) : 1
(5,0) : 32
(14,0) : 9
(3,0) : 73
(46,1) : 1
(41,0) : 1
(44,2) : 1
(8,0) : 21
(12,0) : 12
(46,0) : 1
(6,0) : 27
(9,0) : 25
(47,2) : 3
(25,0) : 1
(48,2) : 3
(48,0) : 4
(47,3) : 1
(48,1) : 15
(13,0) : 9
(13,1) : 2
(46,4) : 1
(15,0) : 18
(39,2) : 1
(4,0) : 39
(31,0) : 1
(41,2) : 1
(2,0) : 80
(47,1) : 4
(7,1) : 2
(30,0) : 1
(16,0) : 4
(8,1) : 3
(21,0) : 2
(5,1) : 1
(26,0) : 2
(18,0) : 2
(30,2) : 1
(10,0) : 11
(34,1) : 1
(47,0) : 2
(36,0) : 3
(45,5) : 1
(10,1) : 2
(19,0) : 2
(14,1) : 1
(1,1) : 2
(4,1) : 3
(43,5) : 1
(32,0) : 1
(9,1) : 1
(6,1) : 3
(2,1) : 3
(0,0) : 1
