pop size : 10000, betaG : 0.08500, lambdaH : 0.10000, lambdaW : 0.00100, gamma : 0.12500, Tmax : 150.00, threshold of infected : 0.010
0.37 0.32 0.13 0.12 0.04 0.02 
0.2192 0.12 0.08 0.06 0.05 0.045 0.04 0.035 0.03 0.02 0.02 0.02 0.015 0.015 0.015 0.015 0.001 0.001 0.001 0.001 0.001 0.001 0.001 0.001 0.001 0.001 0.001 0.001 0.001 0.001 0.001 0.001 0.001 0.001 0.001 0.001 0.001 0.001 0.001 0.001 0.001 0.0001 0.0001 0.0001 0.0001 0.0001 0.0001 0.0001 0.0001 0.175 
Proportion of infected at cutoff : 0.0100
Proportion of susceptibles at cutoff : 0.9782
(12,0) : 21
(47,1) : 2
(49,1) : 17
(8,0) : 27
(50,0) : 60
(7,0) : 24
(47,3) : 4
(3,0) : 65
(48,1) : 5
(48,2) : 7
(46,2) : 2
(14,0) : 7
(24,0) : 1
(11,0) : 13
(48,0) : 8
(4,1) : 4
(9,0) : 21
(15,0) : 9
(16,0) : 7
(49,0) : 17
(2,0) : 87
(47,0) : 4
(3,1) : 4
(39,0) : 1
(14,1) : 3
(6,0) : 30
(4,0) : 42
(5,0) : 46
(45,0) : 1
(42,8) : 1
(1,0) : 152
(34,0) : 1
(0,0) : 1
(43,3) : 1
(44,2) : 1
(13,0) : 8
(19,0) : 2
(43,1) : 1
(12,1) : 1
(47,2) : 2
(30,0) : 1
(6,1) : 2
(32,1) : 1
(27,1) : 1
(31,0) : 2
(40,0) : 1
(20,0) : 1
(33,0) : 1
(45,2) : 1
(9,1) : 1
(10,0) : 7
(26,0) : 1
(29,0) : 1
(45,1) : 1
(17,0) : 1
(22,0) : 1
(13,1) : 1
(1,1) : 1
(2,1) : 4
(9,2) : 1
