pop size : 10000, betaG : 0.08500, lambdaH : 0.10000, lambdaW : 0.00100, gamma : 0.12500, Tmax : 150.00, threshold of infected : 0.010
0.37 0.32 0.13 0.12 0.04 0.02 
0.2192 0.12 0.08 0.06 0.05 0.045 0.04 0.035 0.03 0.02 0.02 0.02 0.015 0.015 0.015 0.015 0.001 0.001 0.001 0.001 0.001 0.001 0.001 0.001 0.001 0.001 0.001 0.001 0.001 0.001 0.001 0.001 0.001 0.001 0.001 0.001 0.001 0.001 0.001 0.001 0.001 0.0001 0.0001 0.0001 0.0001 0.0001 0.0001 0.0001 0.0001 0.175 
Proportion of infected at cutoff : 0.0100
Proportion of susceptibles at cutoff : 0.9804
(47,0) : 4
(50,0) : 53
(47,2) : 6
(49,1) : 25
(48,1) : 9
(16,0) : 11
(8,0) : 24
(22,0) : 2
(11,0) : 12
(28,0) : 1
(49,0) : 19
(39,0) : 2
(5,0) : 30
(14,0) : 14
(19,0) : 2
(3,0) : 49
(4,0) : 46
(42,0) : 1
(47,3) : 2
(31,0) : 1
(38,0) : 1
(6,0) : 29
(2,0) : 86
(7,0) : 31
(9,0) : 15
(46,2) : 3
(48,2) : 2
(25,0) : 1
(11,1) : 1
(8,1) : 1
(48,0) : 3
(10,0) : 16
(47,1) : 2
(12,0) : 9
(13,0) : 12
(33,1) : 1
(10,1) : 3
(29,0) : 2
(1,0) : 150
(38,1) : 1
(14,1) : 3
(15,1) : 2
(39,1) : 1
(36,0) : 1
(30,0) : 1
(6,1) : 3
(24,2) : 1
(45,1) : 1
(44,1) : 1
(17,0) : 1
(13,1) : 1
(15,0) : 7
(3,1) : 1
(18,0) : 2
(1,1) : 1
(2,1) : 3
(46,3) : 1
(17,1) : 1
(9,1) : 1
(0,1) : 2
(7,1) : 2
(4,1) : 1
(0,0) : 1
