pop size : 10000, betaG : 0.08500, lambdaH : 0.10000, lambdaW : 0.00100, gamma : 0.12500, Tmax : 150.00, threshold of infected : 0.010
0.37 0.32 0.13 0.12 0.04 0.02 
0.2192 0.12 0.08 0.06 0.05 0.045 0.04 0.035 0.03 0.02 0.02 0.02 0.015 0.015 0.015 0.015 0.001 0.001 0.001 0.001 0.001 0.001 0.001 0.001 0.001 0.001 0.001 0.001 0.001 0.001 0.001 0.001 0.001 0.001 0.001 0.001 0.001 0.001 0.001 0.001 0.001 0.0001 0.0001 0.0001 0.0001 0.0001 0.0001 0.0001 0.0001 0.175 
Proportion of infected at cutoff : 0.0100
Proportion of susceptibles at cutoff : 0.9776
(50,0) : 54
(14,1) : 3
(47,2) : 4
(5,0) : 36
(4,0) : 40
(48,1) : 9
(41,0) : 2
(46,1) : 3
(2,0) : 84
(47,1) : 5
(43,2) : 1
(9,0) : 19
(47,0) : 2
(22,0) : 2
(6,0) : 36
(49,1) : 20
(8,0) : 21
(49,0) : 16
(3,0) : 46
(14,0) : 10
(42,1) : 1
(1,0) : 181
(16,0) : 8
(34,0) : 2
(48,2) : 8
(11,0) : 7
(10,0) : 13
(13,0) : 12
(37,0) : 2
(7,1) : 3
(32,0) : 1
(46,2) : 2
(12,0) : 11
(15,1) : 2
(18,0) : 2
(48,0) : 5
(23,0) : 3
(15,0) : 6
(45,3) : 1
(5,1) : 4
(7,0) : 28
(45,4) : 1
(8,1) : 2
(46,0) : 1
(28,0) : 2
(30,0) : 1
(20,0) : 1
(28,1) : 1
(44,0) : 1
(6,1) : 1
(33,0) : 1
(36,2) : 1
(0,0) : 2
(0,1) : 3
(19,0) : 1
(20,1) : 1
(12,1) : 1
(10,1) : 1
(9,1) : 1
