pop size : 10000, betaG : 0.08500, lambdaH : 0.10000, lambdaW : 0.00100, gamma : 0.12500, Tmax : 150.00, threshold of infected : 0.010
0.37 0.32 0.13 0.12 0.04 0.02 
0.2192 0.12 0.08 0.06 0.05 0.045 0.04 0.035 0.03 0.02 0.02 0.02 0.015 0.015 0.015 0.015 0.001 0.001 0.001 0.001 0.001 0.001 0.001 0.001 0.001 0.001 0.001 0.001 0.001 0.001 0.001 0.001 0.001 0.001 0.001 0.001 0.001 0.001 0.001 0.001 0.001 0.0001 0.0001 0.0001 0.0001 0.0001 0.0001 0.0001 0.0001 0.175 
Proportion of infected at cutoff : 0.0100
Proportion of susceptibles at cutoff : 0.9747
(48,1) : 9
(49,1) : 17
(49,0) : 24
(50,0) : 48
(48,2) : 3
(14,0) : 10
(2,0) : 94
(4,0) : 35
(12,0) : 19
(45,3) : 1
(47,1) : 7
(47,2) : 1
(16,0) : 7
(7,0) : 25
(29,0) : 1
(48,0) : 9
(9,0) : 22
(6,0) : 16
(45,4) : 1
(47,3) : 2
(46,1) : 2
(1,0) : 167
(47,0) : 3
(8,0) : 29
(37,1) : 1
(5,0) : 40
(0,0) : 2
(4,1) : 1
(26,0) : 1
(11,0) : 12
(25,1) : 1
(30,0) : 1
(46,2) : 3
(3,0) : 64
(10,0) : 14
(13,0) : 12
(15,0) : 4
(45,2) : 3
(11,1) : 3
(14,1) : 1
(44,1) : 1
(36,0) : 1
(44,2) : 1
(23,0) : 1
(28,0) : 1
(12,1) : 2
(24,0) : 2
(5,1) : 1
(22,0) : 1
(39,0) : 1
(15,1) : 1
(16,1) : 1
(43,3) : 1
(13,1) : 2
(25,2) : 1
(6,1) : 1
(27,0) : 1
(3,1) : 1
(2,1) : 2
(7,1) : 2
(8,1) : 2
(1,1) : 2
