pop size : 10000, betaG : 0.08500, lambdaH : 0.10000, lambdaW : 0.00100, gamma : 0.12500, Tmax : 150.00, threshold of infected : 0.010
0.37 0.32 0.13 0.12 0.04 0.02 
0.2192 0.12 0.08 0.06 0.05 0.045 0.04 0.035 0.03 0.02 0.02 0.02 0.015 0.015 0.015 0.015 0.001 0.001 0.001 0.001 0.001 0.001 0.001 0.001 0.001 0.001 0.001 0.001 0.001 0.001 0.001 0.001 0.001 0.001 0.001 0.001 0.001 0.001 0.001 0.001 0.001 0.0001 0.0001 0.0001 0.0001 0.0001 0.0001 0.0001 0.0001 0.175 
Proportion of infected at cutoff : 0.0100
Proportion of susceptibles at cutoff : 0.9819
(8,0) : 19
(5,1) : 1
(50,0) : 65
(48,1) : 12
(12,0) : 13
(4,0) : 53
(1,0) : 174
(49,1) : 19
(14,0) : 7
(47,1) : 4
(48,2) : 5
(29,0) : 1
(48,0) : 1
(2,0) : 93
(16,0) : 11
(38,0) : 1
(46,2) : 2
(15,0) : 6
(49,0) : 16
(7,0) : 35
(5,0) : 47
(46,3) : 1
(38,1) : 1
(25,0) : 1
(47,3) : 2
(11,0) : 10
(34,2) : 1
(35,0) : 1
(23,0) : 2
(9,0) : 17
(25,1) : 1
(3,0) : 68
(10,0) : 16
(47,2) : 2
(13,0) : 6
(32,1) : 1
(45,2) : 1
(6,0) : 38
(17,0) : 2
(18,0) : 2
(21,0) : 1
(45,3) : 1
(11,1) : 1
(46,4) : 1
(19,0) : 1
(44,6) : 1
(15,1) : 2
(3,1) : 3
(45,1) : 1
(28,0) : 1
(30,0) : 1
(0,1) : 1
(21,1) : 1
(13,1) : 1
(12,1) : 1
(9,1) : 1
(6,1) : 1
(0,0) : 2
(1,1) : 2
(4,1) : 1
(2,1) : 1
