pop size : 10000, betaG : 0.08500, lambdaH : 0.10000, lambdaW : 0.00100, gamma : 0.12500, Tmax : 150.00, threshold of infected : 0.010
0.37 0.32 0.13 0.12 0.04 0.02 
0.2192 0.12 0.08 0.06 0.05 0.045 0.04 0.035 0.03 0.02 0.02 0.02 0.015 0.015 0.015 0.015 0.001 0.001 0.001 0.001 0.001 0.001 0.001 0.001 0.001 0.001 0.001 0.001 0.001 0.001 0.001 0.001 0.001 0.001 0.001 0.001 0.001 0.001 0.001 0.001 0.001 0.0001 0.0001 0.0001 0.0001 0.0001 0.0001 0.0001 0.0001 0.175 
Proportion of infected at cutoff : 0.0100
Proportion of susceptibles at cutoff : 0.9763
(47,1) : 7
(7,0) : 32
(12,0) : 10
(49,1) : 17
(9,0) : 36
(6,0) : 34
(10,0) : 25
(45,2) : 1
(15,1) : 2
(50,0) : 44
(46,2) : 3
(38,0) : 2
(13,0) : 12
(44,4) : 1
(49,0) : 23
(45,3) : 1
(2,0) : 92
(15,0) : 9
(48,1) : 8
(4,0) : 53
(44,0) : 1
(32,1) : 1
(8,0) : 16
(21,0) : 1
(1,0) : 165
(47,2) : 4
(16,0) : 10
(48,0) : 6
(47,0) : 2
(11,0) : 14
(14,0) : 9
(7,1) : 2
(43,0) : 1
(48,2) : 5
(11,1) : 3
(46,0) : 2
(36,0) : 1
(24,0) : 2
(5,0) : 26
(3,0) : 62
(2,1) : 2
(40,0) : 2
(44,5) : 1
(23,0) : 1
(35,0) : 1
(45,4) : 1
(28,0) : 1
(9,1) : 1
(8,1) : 2
(12,1) : 2
(14,1) : 2
(33,0) : 1
(38,1) : 1
(25,0) : 1
(8,2) : 1
(10,1) : 1
(4,1) : 1
(26,1) : 1
(0,0) : 1
(0,1) : 2
(1,1) : 1
