pop size : 10000, betaG : 0.08500, lambdaH : 0.10000, lambdaW : 0.00100, gamma : 0.12500, Tmax : 150.00, threshold of infected : 0.010
0.37 0.32 0.13 0.12 0.04 0.02 
0.2192 0.12 0.08 0.06 0.05 0.045 0.04 0.035 0.03 0.02 0.02 0.02 0.015 0.015 0.015 0.015 0.001 0.001 0.001 0.001 0.001 0.001 0.001 0.001 0.001 0.001 0.001 0.001 0.001 0.001 0.001 0.001 0.001 0.001 0.001 0.001 0.001 0.001 0.001 0.001 0.001 0.0001 0.0001 0.0001 0.0001 0.0001 0.0001 0.0001 0.0001 0.175 
Proportion of infected at cutoff : 0.0100
Proportion of susceptibles at cutoff : 0.9743
(13,0) : 14
(6,0) : 35
(15,0) : 9
(46,2) : 3
(16,0) : 9
(50,0) : 34
(8,0) : 32
(47,0) : 4
(48,2) : 6
(2,0) : 86
(49,0) : 20
(48,1) : 13
(17,0) : 2
(47,1) : 3
(7,0) : 21
(49,1) : 28
(10,0) : 19
(11,2) : 1
(11,0) : 17
(46,0) : 5
(48,0) : 6
(12,0) : 13
(4,0) : 49
(5,0) : 35
(42,1) : 1
(44,1) : 1
(46,1) : 1
(14,0) : 13
(1,0) : 168
(19,0) : 1
(10,1) : 3
(44,2) : 1
(14,1) : 1
(47,2) : 2
(41,0) : 1
(13,1) : 2
(9,1) : 1
(24,0) : 1
(18,0) : 2
(27,0) : 1
(3,0) : 58
(29,1) : 1
(32,0) : 1
(20,1) : 1
(9,0) : 14
(29,0) : 1
(11,1) : 3
(22,0) : 5
(21,0) : 1
(37,1) : 1
(30,0) : 1
(43,5) : 1
(33,0) : 1
(5,1) : 2
(8,1) : 1
(1,1) : 2
(2,1) : 1
(10,2) : 1
(4,1) : 1
(0,0) : 1
