pop size : 10000, betaG : 0.08500, lambdaH : 0.10000, lambdaW : 0.00100, gamma : 0.12500, Tmax : 150.00, threshold of infected : 0.010
0.37 0.32 0.13 0.12 0.04 0.02 
0.2192 0.12 0.08 0.06 0.05 0.045 0.04 0.035 0.03 0.02 0.02 0.02 0.015 0.015 0.015 0.015 0.001 0.001 0.001 0.001 0.001 0.001 0.001 0.001 0.001 0.001 0.001 0.001 0.001 0.001 0.001 0.001 0.001 0.001 0.001 0.001 0.001 0.001 0.001 0.001 0.001 0.0001 0.0001 0.0001 0.0001 0.0001 0.0001 0.0001 0.0001 0.175 
Proportion of infected at cutoff : 0.0100
Proportion of susceptibles at cutoff : 0.9773
(49,0) : 19
(50,0) : 52
(8,0) : 27
(27,0) : 1
(14,0) : 11
(49,1) : 19
(48,1) : 9
(16,0) : 9
(10,0) : 9
(7,0) : 37
(47,2) : 7
(46,1) : 2
(9,0) : 25
(26,2) : 1
(15,0) : 10
(45,1) : 2
(5,0) : 30
(12,0) : 18
(2,0) : 95
(14,1) : 3
(11,0) : 17
(45,2) : 1
(46,2) : 2
(48,0) : 5
(31,0) : 1
(44,1) : 1
(4,0) : 41
(47,1) : 3
(3,0) : 66
(1,0) : 155
(42,4) : 1
(38,1) : 1
(1,2) : 1
(47,0) : 3
(34,0) : 1
(31,3) : 1
(37,0) : 2
(6,0) : 29
(13,0) : 4
(22,0) : 1
(28,0) : 1
(7,1) : 1
(8,1) : 3
(48,2) : 1
(23,1) : 1
(45,0) : 1
(17,0) : 1
(40,0) : 1
(35,1) : 1
(6,1) : 1
(43,4) : 1
(0,1) : 1
(15,1) : 3
(13,2) : 1
(33,0) : 1
(11,1) : 3
(24,0) : 1
(18,0) : 2
(13,1) : 1
(19,0) : 1
(2,1) : 1
(9,1) : 2
(5,1) : 1
(12,1) : 1
(4,1) : 1
(0,0) : 1
