pop size : 10000, betaG : 0.08500, lambdaH : 0.10000, lambdaW : 0.00100, gamma : 0.12500, Tmax : 150.00, threshold of infected : 0.010
0.37 0.32 0.13 0.12 0.04 0.02 
0.2192 0.12 0.08 0.06 0.05 0.045 0.04 0.035 0.03 0.02 0.02 0.02 0.015 0.015 0.015 0.015 0.001 0.001 0.001 0.001 0.001 0.001 0.001 0.001 0.001 0.001 0.001 0.001 0.001 0.001 0.001 0.001 0.001 0.001 0.001 0.001 0.001 0.001 0.001 0.001 0.001 0.0001 0.0001 0.0001 0.0001 0.0001 0.0001 0.0001 0.0001 0.175 
Proportion of infected at cutoff : 0.0100
Proportion of susceptibles at cutoff : 0.9793
(2,0) : 93
(48,0) : 5
(49,0) : 22
(50,0) : 53
(48,1) : 11
(49,1) : 17
(13,0) : 12
(3,0) : 49
(40,0) : 1
(47,2) : 2
(44,0) : 2
(9,0) : 17
(48,2) : 5
(12,0) : 14
(15,0) : 12
(45,3) : 2
(47,1) : 3
(5,1) : 4
(16,0) : 16
(4,0) : 51
(1,0) : 149
(5,0) : 43
(8,0) : 20
(46,4) : 1
(47,3) : 3
(10,0) : 9
(47,0) : 2
(44,4) : 1
(7,0) : 21
(14,0) : 18
(11,0) : 15
(25,1) : 2
(23,0) : 3
(11,2) : 1
(6,0) : 29
(26,0) : 1
(25,0) : 2
(34,0) : 1
(29,0) : 2
(15,1) : 2
(8,1) : 2
(31,0) : 2
(10,1) : 1
(35,0) : 1
(4,1) : 1
(46,0) : 1
(3,1) : 2
(46,2) : 1
(6,1) : 1
(0,1) : 1
(12,3) : 1
(6,2) : 1
(9,1) : 1
(7,1) : 2
(9,2) : 1
(13,1) : 1
(2,1) : 1
