pop size : 10000, betaG : 0.08500, lambdaH : 0.10000, lambdaW : 0.00100, gamma : 0.12500, Tmax : 150.00, threshold of infected : 0.010
0.37 0.32 0.13 0.12 0.04 0.02 
0.2192 0.12 0.08 0.06 0.05 0.045 0.04 0.035 0.03 0.02 0.02 0.02 0.015 0.015 0.015 0.015 0.001 0.001 0.001 0.001 0.001 0.001 0.001 0.001 0.001 0.001 0.001 0.001 0.001 0.001 0.001 0.001 0.001 0.001 0.001 0.001 0.001 0.001 0.001 0.001 0.001 0.0001 0.0001 0.0001 0.0001 0.0001 0.0001 0.0001 0.0001 0.175 
Proportion of infected at cutoff : 0.0100
Proportion of susceptibles at cutoff : 0.9758
(26,0) : 1
(50,0) : 52
(49,1) : 14
(48,0) : 10
(4,0) : 46
(1,0) : 154
(23,0) : 2
(48,1) : 11
(8,0) : 16
(2,0) : 86
(27,0) : 2
(5,0) : 38
(12,0) : 12
(14,0) : 9
(13,0) : 11
(7,0) : 24
(3,0) : 63
(15,0) : 4
(33,0) : 1
(47,1) : 6
(47,2) : 7
(45,2) : 1
(9,0) : 22
(48,2) : 7
(46,2) : 1
(13,1) : 4
(46,1) : 5
(11,0) : 14
(6,0) : 37
(49,0) : 17
(46,3) : 2
(21,0) : 1
(47,0) : 3
(10,0) : 12
(15,1) : 2
(31,0) : 1
(16,0) : 6
(7,2) : 1
(45,0) : 1
(11,1) : 2
(30,0) : 1
(29,0) : 1
(17,0) : 1
(8,1) : 1
(44,2) : 1
(18,0) : 2
(20,0) : 1
(37,0) : 1
(3,1) : 1
(7,1) : 1
(45,3) : 1
(9,1) : 1
(17,1) : 1
(1,1) : 1
(0,1) : 2
(5,1) : 2
(2,1) : 1
(0,0) : 5
