pop size : 10000, betaG : 0.08500, lambdaH : 0.10000, lambdaW : 0.00100, gamma : 0.12500, Tmax : 150.00, threshold of infected : 0.010
0.37 0.32 0.13 0.12 0.04 0.02 
0.2192 0.12 0.08 0.06 0.05 0.045 0.04 0.035 0.03 0.02 0.02 0.02 0.015 0.015 0.015 0.015 0.001 0.001 0.001 0.001 0.001 0.001 0.001 0.001 0.001 0.001 0.001 0.001 0.001 0.001 0.001 0.001 0.001 0.001 0.001 0.001 0.001 0.001 0.001 0.001 0.001 0.0001 0.0001 0.0001 0.0001 0.0001 0.0001 0.0001 0.0001 0.175 
Proportion of infected at cutoff : 0.0100
Proportion of susceptibles at cutoff : 0.9837
(1,0) : 155
(5,0) : 35
(49,1) : 20
(50,0) : 67
(13,0) : 10
(49,0) : 20
(46,4) : 1
(48,2) : 7
(2,0) : 71
(8,0) : 21
(11,0) : 8
(48,1) : 5
(14,0) : 16
(47,2) : 4
(25,0) : 1
(9,0) : 23
(10,0) : 10
(3,0) : 64
(19,1) : 1
(5,1) : 1
(16,0) : 7
(46,2) : 2
(7,0) : 29
(48,0) : 3
(13,1) : 3
(6,0) : 33
(15,0) : 6
(47,0) : 1
(45,3) : 2
(14,1) : 2
(4,0) : 37
(34,1) : 2
(47,1) : 1
(12,0) : 12
(45,5) : 1
(33,0) : 1
(32,1) : 1
(24,0) : 1
(47,3) : 2
(27,0) : 1
(29,0) : 2
(22,0) : 2
(35,0) : 1
(10,1) : 1
(23,0) : 2
(21,1) : 1
(26,0) : 3
(3,1) : 5
(17,1) : 1
(6,1) : 2
(8,1) : 2
(4,1) : 1
(11,1) : 1
(12,1) : 1
(2,1) : 1
(1,1) : 1
