pop size : 10000, betaG : 0.08500, lambdaH : 0.10000, lambdaW : 0.00100, gamma : 0.12500, Tmax : 150.00, threshold of infected : 0.010
0.37 0.32 0.13 0.12 0.04 0.02 
0.2192 0.12 0.08 0.06 0.05 0.045 0.04 0.035 0.03 0.02 0.02 0.02 0.015 0.015 0.015 0.015 0.001 0.001 0.001 0.001 0.001 0.001 0.001 0.001 0.001 0.001 0.001 0.001 0.001 0.001 0.001 0.001 0.001 0.001 0.001 0.001 0.001 0.001 0.001 0.001 0.001 0.0001 0.0001 0.0001 0.0001 0.0001 0.0001 0.0001 0.0001 0.175 
Proportion of infected at cutoff : 0.0100
Proportion of susceptibles at cutoff : 0.9828
(50,0) : 61
(47,3) : 1
(49,1) : 23
(1,0) : 155
(5,0) : 43
(48,1) : 7
(47,1) : 1
(49,0) : 13
(16,0) : 17
(17,0) : 1
(48,2) : 8
(46,3) : 2
(4,0) : 40
(48,0) : 3
(26,1) : 1
(31,0) : 1
(12,0) : 18
(6,0) : 36
(3,0) : 68
(14,1) : 2
(9,0) : 15
(46,2) : 2
(7,0) : 29
(11,0) : 18
(7,2) : 1
(10,0) : 17
(2,0) : 96
(37,0) : 1
(15,0) : 6
(45,2) : 1
(39,0) : 1
(46,0) : 2
(8,0) : 23
(26,0) : 1
(46,1) : 1
(13,0) : 9
(20,0) : 2
(34,0) : 1
(47,2) : 2
(11,1) : 2
(14,0) : 8
(18,0) : 3
(47,0) : 2
(8,1) : 3
(33,0) : 2
(12,2) : 1
(10,1) : 2
(41,5) : 1
(12,1) : 1
(36,0) : 1
(21,0) : 1
(25,0) : 1
(11,2) : 1
(7,1) : 1
(9,1) : 1
(1,1) : 3
(3,1) : 2
(2,1) : 1
(6,1) : 1
(0,1) : 2
(0,0) : 1
