pop size : 10000, betaG : 0.08500, lambdaH : 0.10000, lambdaW : 0.00100, gamma : 0.12500, Tmax : 150.00, threshold of infected : 0.010
0.37 0.32 0.13 0.12 0.04 0.02 
0.2192 0.12 0.08 0.06 0.05 0.045 0.04 0.035 0.03 0.02 0.02 0.02 0.015 0.015 0.015 0.015 0.001 0.001 0.001 0.001 0.001 0.001 0.001 0.001 0.001 0.001 0.001 0.001 0.001 0.001 0.001 0.001 0.001 0.001 0.001 0.001 0.001 0.001 0.001 0.001 0.001 0.0001 0.0001 0.0001 0.0001 0.0001 0.0001 0.0001 0.0001 0.175 
Proportion of infected at cutoff : 0.0100
Proportion of susceptibles at cutoff : 0.9805
(50,0) : 48
(48,1) : 7
(16,0) : 10
(9,0) : 21
(4,0) : 30
(13,0) : 12
(49,0) : 24
(14,0) : 14
(49,1) : 15
(12,1) : 2
(10,0) : 20
(47,1) : 6
(48,0) : 5
(31,0) : 2
(47,2) : 3
(33,0) : 3
(15,0) : 9
(47,0) : 2
(48,2) : 6
(20,0) : 1
(7,0) : 33
(5,0) : 40
(12,0) : 18
(44,1) : 1
(45,4) : 1
(6,1) : 2
(3,0) : 58
(28,0) : 2
(8,0) : 26
(11,0) : 16
(44,3) : 1
(2,0) : 79
(1,0) : 184
(47,3) : 2
(30,0) : 2
(19,1) : 1
(46,2) : 2
(13,1) : 4
(14,1) : 3
(19,0) : 2
(35,0) : 2
(11,1) : 3
(6,0) : 38
(18,0) : 1
(13,2) : 1
(45,2) : 1
(9,1) : 1
(8,1) : 3
(27,2) : 1
(23,0) : 1
(7,1) : 2
(25,0) : 1
(20,1) : 1
(15,1) : 1
(29,1) : 1
(4,1) : 2
(3,1) : 1
(2,1) : 1
(1,1) : 1
(0,1) : 1
