pop size : 10000, betaG : 0.08500, lambdaH : 0.10000, lambdaW : 0.00100, gamma : 0.12500, Tmax : 150.00, threshold of infected : 0.010
0.37 0.32 0.13 0.12 0.04 0.02 
0.2192 0.12 0.08 0.06 0.05 0.045 0.04 0.035 0.03 0.02 0.02 0.02 0.015 0.015 0.015 0.015 0.001 0.001 0.001 0.001 0.001 0.001 0.001 0.001 0.001 0.001 0.001 0.001 0.001 0.001 0.001 0.001 0.001 0.001 0.001 0.001 0.001 0.001 0.001 0.001 0.001 0.0001 0.0001 0.0001 0.0001 0.0001 0.0001 0.0001 0.0001 0.175 
Proportion of infected at cutoff : 0.0100
Proportion of susceptibles at cutoff : 0.9747
(49,0) : 26
(5,0) : 29
(48,0) : 14
(8,1) : 2
(46,1) : 1
(13,0) : 9
(6,0) : 41
(50,0) : 44
(1,0) : 162
(47,3) : 3
(48,2) : 3
(49,1) : 13
(46,4) : 1
(12,0) : 13
(47,0) : 1
(11,0) : 17
(48,1) : 10
(16,0) : 6
(2,0) : 81
(15,0) : 13
(14,0) : 10
(3,0) : 65
(46,3) : 1
(4,0) : 45
(8,0) : 17
(47,1) : 5
(7,1) : 3
(43,4) : 1
(5,1) : 2
(26,0) : 2
(10,0) : 21
(9,0) : 21
(7,0) : 23
(44,2) : 1
(37,0) : 1
(46,2) : 2
(47,2) : 5
(12,1) : 1
(28,0) : 1
(46,0) : 1
(19,0) : 1
(42,0) : 1
(23,0) : 1
(35,1) : 1
(3,1) : 3
(13,1) : 2
(9,1) : 3
(1,1) : 4
(17,0) : 2
(21,0) : 1
(6,1) : 1
(24,1) : 1
(0,0) : 2
(18,0) : 1
(29,0) : 1
(10,1) : 2
(0,1) : 2
(20,0) : 4
(32,0) : 1
(15,1) : 1
(2,1) : 1
