pop size : 10000, betaG : 0.08500, lambdaH : 0.10000, lambdaW : 0.00100, gamma : 0.12500, Tmax : 150.00, threshold of infected : 0.010
0.37 0.32 0.13 0.12 0.04 0.02 
0.2192 0.12 0.08 0.06 0.05 0.045 0.04 0.035 0.03 0.02 0.02 0.02 0.015 0.015 0.015 0.015 0.001 0.001 0.001 0.001 0.001 0.001 0.001 0.001 0.001 0.001 0.001 0.001 0.001 0.001 0.001 0.001 0.001 0.001 0.001 0.001 0.001 0.001 0.001 0.001 0.001 0.0001 0.0001 0.0001 0.0001 0.0001 0.0001 0.0001 0.0001 0.175 
Proportion of infected at cutoff : 0.0100
Proportion of susceptibles at cutoff : 0.9804
(46,1) : 2
(47,2) : 4
(7,0) : 39
(50,0) : 56
(49,1) : 17
(49,0) : 16
(48,2) : 8
(48,1) : 6
(22,0) : 2
(19,0) : 2
(7,1) : 3
(2,0) : 102
(9,0) : 22
(14,0) : 12
(48,0) : 5
(12,0) : 14
(47,1) : 2
(13,0) : 16
(35,0) : 2
(11,0) : 14
(10,1) : 2
(30,0) : 2
(5,0) : 46
(3,0) : 60
(44,1) : 1
(47,0) : 1
(33,0) : 2
(15,0) : 12
(24,0) : 1
(16,0) : 8
(6,0) : 28
(8,0) : 26
(41,0) : 1
(4,1) : 5
(18,0) : 1
(1,0) : 166
(21,0) : 1
(12,2) : 1
(10,0) : 27
(0,1) : 3
(6,1) : 1
(4,0) : 54
(46,0) : 1
(35,1) : 1
(44,4) : 1
(9,1) : 1
(14,1) : 2
(25,0) : 1
(15,1) : 1
(8,1) : 1
(45,2) : 1
(7,2) : 2
(13,1) : 3
(45,5) : 1
(45,4) : 1
(2,1) : 3
(3,1) : 1
(23,0) : 1
(0,0) : 3
