pop size : 10000, betaG : 0.08500, lambdaH : 0.10000, lambdaW : 0.00100, gamma : 0.12500, Tmax : 150.00, threshold of infected : 0.010
0.37 0.32 0.13 0.12 0.04 0.02 
0.2192 0.12 0.08 0.06 0.05 0.045 0.04 0.035 0.03 0.02 0.02 0.02 0.015 0.015 0.015 0.015 0.001 0.001 0.001 0.001 0.001 0.001 0.001 0.001 0.001 0.001 0.001 0.001 0.001 0.001 0.001 0.001 0.001 0.001 0.001 0.001 0.001 0.001 0.001 0.001 0.001 0.0001 0.0001 0.0001 0.0001 0.0001 0.0001 0.0001 0.0001 0.175 
Proportion of infected at cutoff : 0.0100
Proportion of susceptibles at cutoff : 0.9747
(2,0) : 94
(47,1) : 5
(11,0) : 20
(50,0) : 47
(49,1) : 12
(6,0) : 36
(7,0) : 23
(34,1) : 2
(8,0) : 24
(48,1) : 12
(1,0) : 176
(10,0) : 19
(16,0) : 3
(15,0) : 7
(3,0) : 67
(9,0) : 23
(46,1) : 1
(49,0) : 23
(30,0) : 1
(13,0) : 15
(14,0) : 8
(29,0) : 2
(39,0) : 1
(12,0) : 12
(47,2) : 3
(5,0) : 41
(47,0) : 2
(9,1) : 3
(3,1) : 4
(4,0) : 38
(33,1) : 1
(16,1) : 1
(48,0) : 9
(25,0) : 1
(35,0) : 2
(21,1) : 2
(28,0) : 1
(18,0) : 1
(13,1) : 3
(45,1) : 3
(17,0) : 3
(48,2) : 3
(25,2) : 1
(5,1) : 1
(44,1) : 1
(46,0) : 1
(46,4) : 1
(15,1) : 1
(31,2) : 1
(32,0) : 1
(45,2) : 1
(21,2) : 1
(44,2) : 1
(14,1) : 2
(24,0) : 1
(11,1) : 3
(12,1) : 1
(36,0) : 1
(12,2) : 1
(8,1) : 2
(10,1) : 4
(1,1) : 2
(6,2) : 2
(4,1) : 2
(0,0) : 3
(34,0) : 1
