pop size : 10000, betaG : 0.08500, lambdaH : 0.10000, lambdaW : 0.00100, gamma : 0.12500, Tmax : 150.00, threshold of infected : 0.010
0.37 0.32 0.13 0.12 0.04 0.02 
0.2192 0.12 0.08 0.06 0.05 0.045 0.04 0.035 0.03 0.02 0.02 0.02 0.015 0.015 0.015 0.015 0.001 0.001 0.001 0.001 0.001 0.001 0.001 0.001 0.001 0.001 0.001 0.001 0.001 0.001 0.001 0.001 0.001 0.001 0.001 0.001 0.001 0.001 0.001 0.001 0.001 0.0001 0.0001 0.0001 0.0001 0.0001 0.0001 0.0001 0.0001 0.175 
Proportion of infected at cutoff : 0.0100
Proportion of susceptibles at cutoff : 0.9745
(47,1) : 5
(50,0) : 40
(47,0) : 6
(4,0) : 38
(10,0) : 26
(49,1) : 22
(49,0) : 29
(44,1) : 1
(43,3) : 1
(48,0) : 5
(47,2) : 5
(6,0) : 34
(47,3) : 3
(1,0) : 180
(16,0) : 13
(5,0) : 36
(48,2) : 3
(46,1) : 2
(7,0) : 32
(11,0) : 11
(12,0) : 14
(10,1) : 2
(14,0) : 7
(22,0) : 1
(46,2) : 2
(2,0) : 95
(33,1) : 1
(48,1) : 1
(3,0) : 73
(19,0) : 2
(27,0) : 1
(13,0) : 4
(33,0) : 2
(45,1) : 1
(2,1) : 2
(9,0) : 30
(20,0) : 1
(8,0) : 22
(15,0) : 10
(31,0) : 2
(35,1) : 2
(43,5) : 1
(44,0) : 1
(23,0) : 1
(7,1) : 2
(45,5) : 1
(39,4) : 1
(6,1) : 2
(29,1) : 1
(29,0) : 1
(18,0) : 1
(28,0) : 1
(3,1) : 1
(1,1) : 2
(4,1) : 1
(26,0) : 1
(13,1) : 1
(14,2) : 1
(0,1) : 2
(5,1) : 1
(0,0) : 1
