pop size : 10000, betaG : 0.08500, lambdaH : 0.10000, lambdaW : 0.00100, gamma : 0.12500, Tmax : 150.00, threshold of infected : 0.010
0.37 0.32 0.13 0.12 0.04 0.02 
0.2192 0.12 0.08 0.06 0.05 0.045 0.04 0.035 0.03 0.02 0.02 0.02 0.015 0.015 0.015 0.015 0.001 0.001 0.001 0.001 0.001 0.001 0.001 0.001 0.001 0.001 0.001 0.001 0.001 0.001 0.001 0.001 0.001 0.001 0.001 0.001 0.001 0.001 0.001 0.001 0.001 0.0001 0.0001 0.0001 0.0001 0.0001 0.0001 0.0001 0.0001 0.175 
Proportion of infected at cutoff : 0.0100
Proportion of susceptibles at cutoff : 0.9746
(47,0) : 4
(12,1) : 3
(6,0) : 32
(8,0) : 18
(50,0) : 47
(49,0) : 25
(17,0) : 1
(7,0) : 42
(10,0) : 16
(47,1) : 6
(3,0) : 51
(1,0) : 190
(12,0) : 16
(49,1) : 12
(44,0) : 1
(13,0) : 11
(48,1) : 9
(45,1) : 2
(48,0) : 3
(32,2) : 1
(33,0) : 1
(16,0) : 8
(5,0) : 37
(14,0) : 9
(11,0) : 25
(38,0) : 4
(29,1) : 1
(46,4) : 1
(9,0) : 26
(4,0) : 45
(48,2) : 3
(2,0) : 86
(11,1) : 2
(46,2) : 1
(23,1) : 1
(47,2) : 4
(15,0) : 9
(19,0) : 2
(46,1) : 1
(22,0) : 2
(28,1) : 1
(7,1) : 2
(45,5) : 1
(46,0) : 1
(44,4) : 1
(23,0) : 1
(30,0) : 1
(44,2) : 1
(20,0) : 1
(34,0) : 1
(46,3) : 1
(24,0) : 1
(6,1) : 2
(14,1) : 1
(10,1) : 4
(21,0) : 1
(2,1) : 3
(26,1) : 1
(13,1) : 2
(27,1) : 1
(4,1) : 1
(5,1) : 2
(9,1) : 1
(1,1) : 3
(8,1) : 1
(0,1) : 2
(0,0) : 1
