pop size : 10000, betaG : 0.08500, lambdaH : 0.10000, lambdaW : 0.00100, gamma : 0.12500, Tmax : 150.00, threshold of infected : 0.010
0.37 0.32 0.13 0.12 0.04 0.02 
0.2192 0.12 0.08 0.06 0.05 0.045 0.04 0.035 0.03 0.02 0.02 0.02 0.015 0.015 0.015 0.015 0.001 0.001 0.001 0.001 0.001 0.001 0.001 0.001 0.001 0.001 0.001 0.001 0.001 0.001 0.001 0.001 0.001 0.001 0.001 0.001 0.001 0.001 0.001 0.001 0.001 0.0001 0.0001 0.0001 0.0001 0.0001 0.0001 0.0001 0.0001 0.175 
Proportion of infected at cutoff : 0.0100
Proportion of susceptibles at cutoff : 0.9800
(50,0) : 61
(48,1) : 5
(6,0) : 28
(49,1) : 17
(43,0) : 1
(27,4) : 1
(12,0) : 19
(49,0) : 20
(16,0) : 8
(32,0) : 2
(48,0) : 6
(11,0) : 16
(5,0) : 42
(46,3) : 2
(47,2) : 5
(4,0) : 36
(15,1) : 2
(18,1) : 2
(25,1) : 1
(8,0) : 17
(3,0) : 62
(14,0) : 12
(24,0) : 1
(30,0) : 2
(17,0) : 1
(2,0) : 83
(7,0) : 26
(9,0) : 23
(24,1) : 1
(37,2) : 1
(47,1) : 1
(1,0) : 190
(21,1) : 1
(0,0) : 3
(10,0) : 14
(13,0) : 10
(39,0) : 1
(42,3) : 1
(43,5) : 1
(45,2) : 1
(19,0) : 2
(26,0) : 2
(37,1) : 1
(39,1) : 1
(47,3) : 2
(15,0) : 9
(46,2) : 2
(10,1) : 3
(29,0) : 1
(30,1) : 1
(48,2) : 1
(43,4) : 1
(35,0) : 1
(7,1) : 1
(4,1) : 1
(26,1) : 1
(8,1) : 2
(1,1) : 1
(12,1) : 1
(28,0) : 1
(25,0) : 1
(22,0) : 1
(9,1) : 2
(14,2) : 1
(5,1) : 2
(2,1) : 1
(6,1) : 2
