pop size : 10000, betaG : 0.08500, lambdaH : 0.10000, lambdaW : 0.00100, gamma : 0.12500, Tmax : 150.00, threshold of infected : 0.010
0.37 0.32 0.13 0.12 0.04 0.02 
0.2192 0.12 0.08 0.06 0.05 0.045 0.04 0.035 0.03 0.02 0.02 0.02 0.015 0.015 0.015 0.015 0.001 0.001 0.001 0.001 0.001 0.001 0.001 0.001 0.001 0.001 0.001 0.001 0.001 0.001 0.001 0.001 0.001 0.001 0.001 0.001 0.001 0.001 0.001 0.001 0.001 0.0001 0.0001 0.0001 0.0001 0.0001 0.0001 0.0001 0.0001 0.175 
Proportion of infected at cutoff : 0.0100
Proportion of susceptibles at cutoff : 0.9736
(49,0) : 25
(47,0) : 5
(50,0) : 39
(47,3) : 2
(49,1) : 14
(7,0) : 32
(4,0) : 43
(48,0) : 10
(48,1) : 10
(5,0) : 43
(48,2) : 5
(24,2) : 1
(3,0) : 59
(44,0) : 1
(47,1) : 6
(6,0) : 29
(22,0) : 3
(14,0) : 12
(43,3) : 1
(10,0) : 16
(12,1) : 3
(12,0) : 17
(1,0) : 167
(13,0) : 9
(46,1) : 4
(2,0) : 115
(44,3) : 1
(15,0) : 9
(9,0) : 23
(8,0) : 21
(35,0) : 1
(3,1) : 5
(20,0) : 1
(32,0) : 2
(46,4) : 1
(11,0) : 14
(47,2) : 1
(39,0) : 2
(33,0) : 1
(36,0) : 2
(38,1) : 1
(8,1) : 1
(16,0) : 7
(26,0) : 2
(46,2) : 1
(5,1) : 1
(30,0) : 1
(14,1) : 1
(4,1) : 4
(41,0) : 1
(13,1) : 1
(45,2) : 1
(45,5) : 1
(19,0) : 1
(34,0) : 1
(0,0) : 3
(1,1) : 3
(10,1) : 1
(2,1) : 2
(0,1) : 3
(6,1) : 1
