pop size : 10000, betaG : 0.08500, lambdaH : 0.10000, lambdaW : 0.00100, gamma : 0.12500, Tmax : 150.00, threshold of infected : 0.010
0.37 0.32 0.13 0.12 0.04 0.02 
0.2192 0.12 0.08 0.06 0.05 0.045 0.04 0.035 0.03 0.02 0.02 0.02 0.015 0.015 0.015 0.015 0.001 0.001 0.001 0.001 0.001 0.001 0.001 0.001 0.001 0.001 0.001 0.001 0.001 0.001 0.001 0.001 0.001 0.001 0.001 0.001 0.001 0.001 0.001 0.001 0.001 0.0001 0.0001 0.0001 0.0001 0.0001 0.0001 0.0001 0.0001 0.175 
Proportion of infected at cutoff : 0.0100
Proportion of susceptibles at cutoff : 0.9740
(50,0) : 43
(49,0) : 32
(48,1) : 5
(49,1) : 17
(9,0) : 17
(47,0) : 3
(46,1) : 3
(6,0) : 30
(10,0) : 13
(48,0) : 6
(3,0) : 63
(4,0) : 44
(14,2) : 1
(45,0) : 1
(48,2) : 5
(46,3) : 4
(7,0) : 43
(41,0) : 2
(5,0) : 38
(22,0) : 1
(36,1) : 1
(2,0) : 77
(8,0) : 26
(11,0) : 21
(1,0) : 170
(14,1) : 2
(18,0) : 2
(14,0) : 10
(46,0) : 1
(46,2) : 1
(38,0) : 2
(44,0) : 1
(43,1) : 1
(16,0) : 9
(44,3) : 2
(12,0) : 9
(47,2) : 1
(9,1) : 3
(15,0) : 5
(39,0) : 1
(39,2) : 1
(13,0) : 10
(36,0) : 1
(47,1) : 3
(0,1) : 3
(2,1) : 4
(13,1) : 2
(6,1) : 2
(27,0) : 1
(44,1) : 1
(45,3) : 1
(22,1) : 1
(5,1) : 3
(7,1) : 1
(30,0) : 1
(20,0) : 1
(23,1) : 1
(1,1) : 1
(8,1) : 1
(28,0) : 1
(3,1) : 2
(11,1) : 1
(10,1) : 1
(0,0) : 1
(1,2) : 1
