pop size : 10000, betaG : 0.08500, lambdaH : 0.10000, lambdaW : 0.00100, gamma : 0.12500, Tmax : 150.00, threshold of infected : 0.010
0.37 0.32 0.13 0.12 0.04 0.02 
0.2192 0.12 0.08 0.06 0.05 0.045 0.04 0.035 0.03 0.02 0.02 0.02 0.015 0.015 0.015 0.015 0.001 0.001 0.001 0.001 0.001 0.001 0.001 0.001 0.001 0.001 0.001 0.001 0.001 0.001 0.001 0.001 0.001 0.001 0.001 0.001 0.001 0.001 0.001 0.001 0.001 0.0001 0.0001 0.0001 0.0001 0.0001 0.0001 0.0001 0.0001 0.175 
Proportion of infected at cutoff : 0.0100
Proportion of susceptibles at cutoff : 0.9769
(50,0) : 60
(49,1) : 13
(47,0) : 3
(8,0) : 34
(3,0) : 52
(2,0) : 81
(16,0) : 8
(46,1) : 2
(14,0) : 8
(46,3) : 3
(30,0) : 2
(13,0) : 13
(9,0) : 20
(44,1) : 1
(48,0) : 8
(6,0) : 34
(49,0) : 18
(5,0) : 32
(15,1) : 2
(12,0) : 17
(7,1) : 5
(41,7) : 1
(11,0) : 12
(13,1) : 5
(42,0) : 1
(48,1) : 9
(1,0) : 152
(7,0) : 35
(4,0) : 53
(46,0) : 1
(18,0) : 1
(47,2) : 3
(10,0) : 17
(35,0) : 1
(5,1) : 3
(48,2) : 2
(44,5) : 1
(47,3) : 2
(24,0) : 1
(46,2) : 2
(10,1) : 3
(15,0) : 9
(34,0) : 2
(19,0) : 1
(27,0) : 1
(3,1) : 1
(23,3) : 1
(21,0) : 1
(31,0) : 1
(33,0) : 1
(0,0) : 3
(39,0) : 1
(11,1) : 2
(6,1) : 1
(2,1) : 3
(8,1) : 1
(9,2) : 1
(1,1) : 3
