pop size : 10000, betaG : 0.08500, lambdaH : 0.10000, lambdaW : 0.00100, gamma : 0.12500, Tmax : 150.00, threshold of infected : 0.010
0.37 0.32 0.13 0.12 0.04 0.02 
0.2192 0.12 0.08 0.06 0.05 0.045 0.04 0.035 0.03 0.02 0.02 0.02 0.015 0.015 0.015 0.015 0.001 0.001 0.001 0.001 0.001 0.001 0.001 0.001 0.001 0.001 0.001 0.001 0.001 0.001 0.001 0.001 0.001 0.001 0.001 0.001 0.001 0.001 0.001 0.001 0.001 0.0001 0.0001 0.0001 0.0001 0.0001 0.0001 0.0001 0.0001 0.175 
Proportion of infected at cutoff : 0.0100
Proportion of susceptibles at cutoff : 0.9702
(9,0) : 21
(20,0) : 1
(50,0) : 37
(22,0) : 2
(48,1) : 11
(48,0) : 20
(16,0) : 9
(30,0) : 2
(48,2) : 4
(49,1) : 14
(14,1) : 2
(44,1) : 1
(18,0) : 3
(49,0) : 19
(11,0) : 13
(3,0) : 66
(45,0) : 2
(46,2) : 3
(7,0) : 20
(46,0) : 1
(14,0) : 13
(39,0) : 1
(47,0) : 6
(47,1) : 7
(13,0) : 9
(37,2) : 1
(44,2) : 1
(33,1) : 1
(6,0) : 28
(27,0) : 1
(4,0) : 33
(10,0) : 16
(34,0) : 2
(5,0) : 41
(25,0) : 1
(2,0) : 68
(12,0) : 14
(8,0) : 13
(47,2) : 1
(45,1) : 1
(21,0) : 1
(12,1) : 2
(46,1) : 1
(40,1) : 1
(47,3) : 2
(15,0) : 5
(1,0) : 156
(18,1) : 1
(28,0) : 1
(35,1) : 1
(4,1) : 3
(46,3) : 1
(11,2) : 1
(43,1) : 1
(45,4) : 1
(34,2) : 1
(8,1) : 4
(13,1) : 1
(19,0) : 1
(6,1) : 3
(0,0) : 2
(17,1) : 1
(17,0) : 1
(5,1) : 1
(0,1) : 1
(7,1) : 1
(9,2) : 1
(3,1) : 1
(1,1) : 1
