pop size : 10000, betaG : 0.08500, lambdaH : 0.10000, lambdaW : 0.00100, gamma : 0.12500, Tmax : 150.00, threshold of infected : 0.010
0.37 0.32 0.13 0.12 0.04 0.02 
0.2192 0.12 0.08 0.06 0.05 0.045 0.04 0.035 0.03 0.02 0.02 0.02 0.015 0.015 0.015 0.015 0.001 0.001 0.001 0.001 0.001 0.001 0.001 0.001 0.001 0.001 0.001 0.001 0.001 0.001 0.001 0.001 0.001 0.001 0.001 0.001 0.001 0.001 0.001 0.001 0.001 0.0001 0.0001 0.0001 0.0001 0.0001 0.0001 0.0001 0.0001 0.175 
Proportion of infected at cutoff : 0.0100
Proportion of susceptibles at cutoff : 0.9808
(49,1) : 19
(35,0) : 3
(3,0) : 55
(47,1) : 4
(45,1) : 1
(15,0) : 9
(8,0) : 17
(50,0) : 59
(22,0) : 1
(49,0) : 23
(5,0) : 45
(46,2) : 3
(9,0) : 22
(2,0) : 68
(6,0) : 34
(48,0) : 2
(20,1) : 1
(16,0) : 11
(15,1) : 4
(11,0) : 15
(13,0) : 9
(24,1) : 1
(12,0) : 10
(47,0) : 1
(7,0) : 28
(48,1) : 11
(32,1) : 1
(48,2) : 6
(44,0) : 1
(37,0) : 1
(1,0) : 139
(40,1) : 1
(44,3) : 1
(39,0) : 2
(4,0) : 31
(7,1) : 4
(14,0) : 16
(8,1) : 2
(39,1) : 1
(17,0) : 1
(4,1) : 3
(20,0) : 1
(21,0) : 1
(10,0) : 9
(8,2) : 1
(2,1) : 3
(12,1) : 1
(33,0) : 1
(47,3) : 1
(9,1) : 3
(33,1) : 1
(11,1) : 2
(26,1) : 1
(7,2) : 1
(6,1) : 1
(13,1) : 1
(0,0) : 2
(14,1) : 1
(3,1) : 1
(1,1) : 4
