pop size : 10000, betaG : 0.08500, lambdaH : 0.10000, lambdaW : 0.00100, gamma : 0.12500, Tmax : 150.00, threshold of infected : 0.010
0.37 0.32 0.13 0.12 0.04 0.02 
0.2192 0.12 0.08 0.06 0.05 0.045 0.04 0.035 0.03 0.02 0.02 0.02 0.015 0.015 0.015 0.015 0.001 0.001 0.001 0.001 0.001 0.001 0.001 0.001 0.001 0.001 0.001 0.001 0.001 0.001 0.001 0.001 0.001 0.001 0.001 0.001 0.001 0.001 0.001 0.001 0.001 0.0001 0.0001 0.0001 0.0001 0.0001 0.0001 0.0001 0.0001 0.175 
Proportion of infected at cutoff : 0.0100
Proportion of susceptibles at cutoff : 0.9786
(50,0) : 49
(49,0) : 19
(48,0) : 4
(3,0) : 69
(49,1) : 23
(5,0) : 44
(13,1) : 1
(8,0) : 21
(47,1) : 6
(46,3) : 2
(40,1) : 1
(48,2) : 6
(0,0) : 3
(48,1) : 10
(9,0) : 27
(47,0) : 1
(41,0) : 1
(14,0) : 20
(46,2) : 1
(6,0) : 36
(15,0) : 8
(12,0) : 13
(47,2) : 2
(4,0) : 39
(17,0) : 1
(11,1) : 3
(1,0) : 159
(2,0) : 83
(11,0) : 12
(16,0) : 11
(32,0) : 1
(7,0) : 23
(29,0) : 1
(26,0) : 1
(28,0) : 1
(38,0) : 2
(46,1) : 1
(20,0) : 1
(10,0) : 18
(13,0) : 10
(45,2) : 2
(43,0) : 1
(27,1) : 1
(37,0) : 1
(10,1) : 2
(24,0) : 2
(44,3) : 1
(45,1) : 1
(9,1) : 2
(36,1) : 1
(3,1) : 1
(18,1) : 1
(6,1) : 1
(8,1) : 2
(5,1) : 1
(2,1) : 1
(7,2) : 1
(12,1) : 1
(0,1) : 4
(4,1) : 2
(1,1) : 1
