pop size : 10000, betaG : 0.08500, lambdaH : 0.10000, lambdaW : 0.00100, gamma : 0.12500, Tmax : 150.00, threshold of infected : 0.010
0.37 0.32 0.13 0.12 0.04 0.02 
0.2192 0.12 0.08 0.06 0.05 0.045 0.04 0.035 0.03 0.02 0.02 0.02 0.015 0.015 0.015 0.015 0.001 0.001 0.001 0.001 0.001 0.001 0.001 0.001 0.001 0.001 0.001 0.001 0.001 0.001 0.001 0.001 0.001 0.001 0.001 0.001 0.001 0.001 0.001 0.001 0.001 0.0001 0.0001 0.0001 0.0001 0.0001 0.0001 0.0001 0.0001 0.175 
Proportion of infected at cutoff : 0.0100
Proportion of susceptibles at cutoff : 0.9812
(50,0) : 56
(46,0) : 1
(49,0) : 19
(10,0) : 14
(49,1) : 22
(13,0) : 9
(1,0) : 152
(47,3) : 3
(33,0) : 2
(48,1) : 3
(4,0) : 40
(48,2) : 6
(7,0) : 35
(6,0) : 34
(48,0) : 8
(5,0) : 25
(2,0) : 81
(47,2) : 3
(3,0) : 69
(45,1) : 1
(8,0) : 27
(0,0) : 4
(39,1) : 1
(14,0) : 8
(3,1) : 1
(12,0) : 18
(5,2) : 1
(23,0) : 1
(16,0) : 13
(12,1) : 1
(18,1) : 1
(46,3) : 1
(15,0) : 9
(11,0) : 12
(9,0) : 22
(45,4) : 1
(46,4) : 2
(27,0) : 3
(18,0) : 2
(44,5) : 1
(7,1) : 1
(29,1) : 1
(47,1) : 3
(30,0) : 1
(24,0) : 2
(39,0) : 1
(10,1) : 1
(41,0) : 1
(47,0) : 1
(8,2) : 1
(5,1) : 2
(26,1) : 1
(38,0) : 1
(15,1) : 1
(21,0) : 2
(11,1) : 1
(14,1) : 1
(1,1) : 4
(13,1) : 1
(2,1) : 1
(0,1) : 1
