pop size : 10000, betaG : 0.08500, lambdaH : 0.10000, lambdaW : 0.00100, gamma : 0.12500, Tmax : 150.00, threshold of infected : 0.010
0.37 0.32 0.13 0.12 0.04 0.02 
0.2192 0.12 0.08 0.06 0.05 0.045 0.04 0.035 0.03 0.02 0.02 0.02 0.015 0.015 0.015 0.015 0.001 0.001 0.001 0.001 0.001 0.001 0.001 0.001 0.001 0.001 0.001 0.001 0.001 0.001 0.001 0.001 0.001 0.001 0.001 0.001 0.001 0.001 0.001 0.001 0.001 0.0001 0.0001 0.0001 0.0001 0.0001 0.0001 0.0001 0.0001 0.175 
Proportion of infected at cutoff : 0.0100
Proportion of susceptibles at cutoff : 0.9694
(50,0) : 33
(6,0) : 32
(1,0) : 199
(9,0) : 25
(49,1) : 10
(49,0) : 28
(4,1) : 4
(11,0) : 9
(48,0) : 10
(38,0) : 1
(47,1) : 8
(46,1) : 3
(48,1) : 8
(7,0) : 28
(20,0) : 1
(47,2) : 7
(13,0) : 10
(13,1) : 4
(3,0) : 48
(44,3) : 2
(2,0) : 90
(12,0) : 19
(17,1) : 1
(10,0) : 15
(5,0) : 42
(48,2) : 2
(47,0) : 7
(4,0) : 36
(18,2) : 1
(36,0) : 3
(31,0) : 2
(21,0) : 2
(46,2) : 2
(15,0) : 9
(14,0) : 7
(45,1) : 2
(44,1) : 1
(8,0) : 24
(16,0) : 8
(8,1) : 1
(30,0) : 1
(32,0) : 1
(44,4) : 1
(37,0) : 1
(24,0) : 1
(34,2) : 1
(33,1) : 1
(29,1) : 1
(16,1) : 1
(36,1) : 1
(11,1) : 4
(19,0) : 2
(22,0) : 1
(40,1) : 1
(9,1) : 2
(29,0) : 1
(12,1) : 1
(27,0) : 1
(46,0) : 1
(18,0) : 1
(6,1) : 1
(14,1) : 1
(2,1) : 3
(42,0) : 1
(5,1) : 1
(17,0) : 1
(3,2) : 1
(0,0) : 3
(3,1) : 1
(0,1) : 1
