pop size : 10000, betaG : 0.08500, lambdaH : 0.10000, lambdaW : 0.00100, gamma : 0.12500, Tmax : 150.00, threshold of infected : 0.010
0.37 0.32 0.13 0.12 0.04 0.02 
0.2192 0.12 0.08 0.06 0.05 0.045 0.04 0.035 0.03 0.02 0.02 0.02 0.015 0.015 0.015 0.015 0.001 0.001 0.001 0.001 0.001 0.001 0.001 0.001 0.001 0.001 0.001 0.001 0.001 0.001 0.001 0.001 0.001 0.001 0.001 0.001 0.001 0.001 0.001 0.001 0.001 0.0001 0.0001 0.0001 0.0001 0.0001 0.0001 0.0001 0.0001 0.175 
Proportion of infected at cutoff : 0.0100
Proportion of susceptibles at cutoff : 0.9738
(11,0) : 10
(44,1) : 1
(31,0) : 1
(2,0) : 90
(12,1) : 2
(50,0) : 38
(3,0) : 53
(49,1) : 16
(47,1) : 6
(4,0) : 44
(48,0) : 12
(35,0) : 1
(48,2) : 7
(10,0) : 11
(47,0) : 5
(47,3) : 1
(24,0) : 4
(49,0) : 19
(24,1) : 1
(5,0) : 53
(8,0) : 28
(48,1) : 6
(9,0) : 14
(6,0) : 32
(46,3) : 2
(28,0) : 1
(13,0) : 11
(7,0) : 31
(12,0) : 11
(15,0) : 13
(13,1) : 2
(46,0) : 3
(25,0) : 1
(47,2) : 4
(46,1) : 1
(16,0) : 10
(1,0) : 159
(39,0) : 1
(15,1) : 2
(9,1) : 1
(40,0) : 1
(14,1) : 2
(38,1) : 1
(44,3) : 2
(6,1) : 3
(30,0) : 1
(22,0) : 1
(20,0) : 3
(21,0) : 1
(31,1) : 1
(44,0) : 2
(26,0) : 1
(14,0) : 5
(22,1) : 1
(45,0) : 1
(7,1) : 4
(38,0) : 1
(23,1) : 1
(5,1) : 3
(30,1) : 1
(10,1) : 2
(11,1) : 3
(3,1) : 1
(8,1) : 1
(0,0) : 4
(36,0) : 1
(32,0) : 1
(23,0) : 1
(19,0) : 1
(1,1) : 1
