pop size : 10000, betaG : 0.08500, lambdaH : 0.10000, lambdaW : 0.00100, gamma : 0.12500, Tmax : 150.00, threshold of infected : 0.010
0.37 0.32 0.13 0.12 0.04 0.02 
0.2192 0.12 0.08 0.06 0.05 0.045 0.04 0.035 0.03 0.02 0.02 0.02 0.015 0.015 0.015 0.015 0.001 0.001 0.001 0.001 0.001 0.001 0.001 0.001 0.001 0.001 0.001 0.001 0.001 0.001 0.001 0.001 0.001 0.001 0.001 0.001 0.001 0.001 0.001 0.001 0.001 0.0001 0.0001 0.0001 0.0001 0.0001 0.0001 0.0001 0.0001 0.175 
Proportion of infected at cutoff : 0.0100
Proportion of susceptibles at cutoff : 0.9765
(49,1) : 17
(50,0) : 43
(10,0) : 18
(45,0) : 1
(7,0) : 31
(46,1) : 4
(4,0) : 48
(49,0) : 31
(48,0) : 9
(14,0) : 13
(2,0) : 86
(29,2) : 1
(47,2) : 3
(38,0) : 1
(47,1) : 2
(27,0) : 1
(46,3) : 4
(6,0) : 43
(30,1) : 1
(3,0) : 63
(1,0) : 174
(5,0) : 33
(48,1) : 5
(12,2) : 1
(13,0) : 12
(34,0) : 1
(32,1) : 1
(2,1) : 3
(20,1) : 1
(34,1) : 1
(6,1) : 1
(31,0) : 1
(15,0) : 11
(16,0) : 6
(11,0) : 15
(9,0) : 26
(47,3) : 2
(46,0) : 2
(20,0) : 2
(22,0) : 1
(12,0) : 8
(8,0) : 19
(11,1) : 3
(13,1) : 2
(26,0) : 2
(24,0) : 1
(46,2) : 1
(43,2) : 1
(3,1) : 1
(14,1) : 3
(37,0) : 1
(23,0) : 1
(8,1) : 2
(17,1) : 1
(7,1) : 2
(46,4) : 1
(4,1) : 2
(40,0) : 1
(36,1) : 1
(1,1) : 5
(25,1) : 1
(32,0) : 1
(12,1) : 1
(9,1) : 2
(5,1) : 1
(0,0) : 1
(0,1) : 1
