pop size : 10000, betaG : 0.08500, lambdaH : 0.10000, lambdaW : 0.00100, gamma : 0.12500, Tmax : 150.00, threshold of infected : 0.010
0.37 0.32 0.13 0.12 0.04 0.02 
0.2192 0.12 0.08 0.06 0.05 0.045 0.04 0.035 0.03 0.02 0.02 0.02 0.015 0.015 0.015 0.015 0.001 0.001 0.001 0.001 0.001 0.001 0.001 0.001 0.001 0.001 0.001 0.001 0.001 0.001 0.001 0.001 0.001 0.001 0.001 0.001 0.001 0.001 0.001 0.001 0.001 0.0001 0.0001 0.0001 0.0001 0.0001 0.0001 0.0001 0.0001 0.175 
Proportion of infected at cutoff : 0.0100
Proportion of susceptibles at cutoff : 0.9814
(6,0) : 35
(49,0) : 16
(9,0) : 16
(47,2) : 2
(50,0) : 64
(48,1) : 12
(2,0) : 86
(4,0) : 54
(5,0) : 27
(1,0) : 155
(14,0) : 14
(46,3) : 1
(34,1) : 1
(49,1) : 20
(17,0) : 3
(48,2) : 4
(24,0) : 2
(39,1) : 1
(8,0) : 29
(16,0) : 9
(3,1) : 2
(12,1) : 2
(43,6) : 1
(29,1) : 2
(45,1) : 2
(48,0) : 3
(43,1) : 1
(40,0) : 2
(35,0) : 1
(3,0) : 53
(39,0) : 1
(12,0) : 12
(13,0) : 9
(7,0) : 28
(11,0) : 10
(10,0) : 11
(15,0) : 12
(46,4) : 2
(47,3) : 1
(14,1) : 3
(37,0) : 1
(31,0) : 1
(10,1) : 2
(18,0) : 2
(22,0) : 1
(4,1) : 3
(15,1) : 2
(6,1) : 1
(25,0) : 1
(7,1) : 1
(30,2) : 1
(36,0) : 1
(45,0) : 1
(11,1) : 1
(5,1) : 1
(11,2) : 1
(2,1) : 2
(21,0) : 1
(3,2) : 1
(13,1) : 1
(1,1) : 2
