pop size : 10000, betaG : 0.08500, lambdaH : 0.10000, lambdaW : 0.00100, gamma : 0.12500, Tmax : 150.00, threshold of infected : 0.010
0.37 0.32 0.13 0.12 0.04 0.02 
0.2192 0.12 0.08 0.06 0.05 0.045 0.04 0.035 0.03 0.02 0.02 0.02 0.015 0.015 0.015 0.015 0.001 0.001 0.001 0.001 0.001 0.001 0.001 0.001 0.001 0.001 0.001 0.001 0.001 0.001 0.001 0.001 0.001 0.001 0.001 0.001 0.001 0.001 0.001 0.001 0.001 0.0001 0.0001 0.0001 0.0001 0.0001 0.0001 0.0001 0.0001 0.175 
Proportion of infected at cutoff : 0.0100
Proportion of susceptibles at cutoff : 0.9772
(45,0) : 1
(47,1) : 5
(47,0) : 3
(16,0) : 6
(49,1) : 15
(50,0) : 58
(48,1) : 11
(12,0) : 7
(1,1) : 4
(1,0) : 178
(49,0) : 18
(46,4) : 1
(6,0) : 27
(46,2) : 3
(4,0) : 57
(48,0) : 5
(45,4) : 2
(2,0) : 99
(9,0) : 23
(11,1) : 3
(45,1) : 1
(3,0) : 55
(15,0) : 11
(34,0) : 2
(13,0) : 13
(13,1) : 2
(47,2) : 3
(5,0) : 33
(11,0) : 15
(30,0) : 2
(7,0) : 28
(37,0) : 1
(48,2) : 4
(8,0) : 24
(18,0) : 1
(41,0) : 1
(20,1) : 1
(24,0) : 3
(19,0) : 2
(37,1) : 1
(14,0) : 8
(9,2) : 1
(26,0) : 2
(46,0) : 1
(10,0) : 10
(44,6) : 1
(43,0) : 1
(6,1) : 4
(44,0) : 1
(12,1) : 1
(29,0) : 1
(5,2) : 1
(10,1) : 2
(0,0) : 2
(9,1) : 1
(23,1) : 1
(2,1) : 2
(7,1) : 1
(7,2) : 1
(0,1) : 1
