pop size : 10000, betaG : 0.08500, lambdaH : 0.10000, lambdaW : 0.00100, gamma : 0.12500, Tmax : 150.00, threshold of infected : 0.010
0.37 0.32 0.13 0.12 0.04 0.02 
0.2192 0.12 0.08 0.06 0.05 0.045 0.04 0.035 0.03 0.02 0.02 0.02 0.015 0.015 0.015 0.015 0.001 0.001 0.001 0.001 0.001 0.001 0.001 0.001 0.001 0.001 0.001 0.001 0.001 0.001 0.001 0.001 0.001 0.001 0.001 0.001 0.001 0.001 0.001 0.001 0.001 0.0001 0.0001 0.0001 0.0001 0.0001 0.0001 0.0001 0.0001 0.175 
Proportion of infected at cutoff : 0.0100
Proportion of susceptibles at cutoff : 0.9717
(50,0) : 42
(46,0) : 3
(2,0) : 109
(48,0) : 7
(47,1) : 6
(7,0) : 29
(47,2) : 4
(15,0) : 6
(47,0) : 5
(29,0) : 1
(24,0) : 1
(4,0) : 49
(48,1) : 7
(49,0) : 25
(46,3) : 2
(6,0) : 40
(1,0) : 146
(49,1) : 13
(38,1) : 2
(25,0) : 2
(12,0) : 15
(11,0) : 14
(48,2) : 6
(45,2) : 1
(26,0) : 1
(8,2) : 1
(3,0) : 59
(14,0) : 12
(10,0) : 21
(8,0) : 31
(12,1) : 3
(7,1) : 3
(9,0) : 25
(13,0) : 4
(13,2) : 1
(17,0) : 1
(46,1) : 2
(36,0) : 1
(16,0) : 5
(43,1) : 1
(46,2) : 2
(43,0) : 1
(24,1) : 1
(45,3) : 1
(13,3) : 1
(40,0) : 1
(15,1) : 1
(19,0) : 4
(5,0) : 35
(11,1) : 3
(5,1) : 1
(10,1) : 1
(23,0) : 1
(34,2) : 1
(22,0) : 2
(2,1) : 4
(18,0) : 1
(14,1) : 1
(9,1) : 1
(23,2) : 1
(0,0) : 3
(3,1) : 1
(8,1) : 1
(1,1) : 2
