pop size : 10000, betaG : 0.08500, lambdaH : 0.10000, lambdaW : 0.00100, gamma : 0.12500, Tmax : 150.00, threshold of infected : 0.010
0.37 0.32 0.13 0.12 0.04 0.02 
0.2192 0.12 0.08 0.06 0.05 0.045 0.04 0.035 0.03 0.02 0.02 0.02 0.015 0.015 0.015 0.015 0.001 0.001 0.001 0.001 0.001 0.001 0.001 0.001 0.001 0.001 0.001 0.001 0.001 0.001 0.001 0.001 0.001 0.001 0.001 0.001 0.001 0.001 0.001 0.001 0.001 0.0001 0.0001 0.0001 0.0001 0.0001 0.0001 0.0001 0.0001 0.175 
Proportion of infected at cutoff : 0.0100
Proportion of susceptibles at cutoff : 0.9805
(44,4) : 1
(50,0) : 51
(48,0) : 3
(22,0) : 1
(47,2) : 7
(5,0) : 45
(41,0) : 2
(10,0) : 17
(49,1) : 23
(45,3) : 1
(15,0) : 9
(49,0) : 24
(11,0) : 12
(30,0) : 1
(8,0) : 28
(48,2) : 2
(9,0) : 29
(16,0) : 9
(4,0) : 35
(12,0) : 18
(46,1) : 1
(3,0) : 50
(24,1) : 1
(47,3) : 3
(6,0) : 27
(47,1) : 3
(2,0) : 84
(45,2) : 1
(7,0) : 25
(48,1) : 8
(38,0) : 1
(13,0) : 6
(40,0) : 1
(14,1) : 2
(1,0) : 170
(36,0) : 2
(47,0) : 2
(29,0) : 2
(26,0) : 1
(34,0) : 2
(22,1) : 1
(4,1) : 2
(20,0) : 2
(14,0) : 5
(28,0) : 2
(19,0) : 1
(25,3) : 1
(44,3) : 1
(2,1) : 2
(17,0) : 1
(8,1) : 3
(31,0) : 1
(7,1) : 2
(6,1) : 2
(15,1) : 1
(1,1) : 4
(0,1) : 3
(0,0) : 1
