pop size : 10000, betaG : 0.08500, lambdaH : 0.10000, lambdaW : 0.00100, gamma : 0.12500, Tmax : 150.00, threshold of infected : 0.010
0.37 0.32 0.13 0.12 0.04 0.02 
0.2192 0.12 0.08 0.06 0.05 0.045 0.04 0.035 0.03 0.02 0.02 0.02 0.015 0.015 0.015 0.015 0.001 0.001 0.001 0.001 0.001 0.001 0.001 0.001 0.001 0.001 0.001 0.001 0.001 0.001 0.001 0.001 0.001 0.001 0.001 0.001 0.001 0.001 0.001 0.001 0.001 0.0001 0.0001 0.0001 0.0001 0.0001 0.0001 0.0001 0.0001 0.175 
Proportion of infected at cutoff : 0.0100
Proportion of susceptibles at cutoff : 0.9741
(48,1) : 15
(49,0) : 25
(50,0) : 40
(16,0) : 11
(48,2) : 5
(5,0) : 22
(13,0) : 8
(48,0) : 10
(12,0) : 16
(37,0) : 1
(49,1) : 18
(47,1) : 2
(44,2) : 2
(44,1) : 1
(31,0) : 1
(14,0) : 11
(9,0) : 15
(45,2) : 1
(47,0) : 1
(47,3) : 5
(2,0) : 94
(33,2) : 1
(38,0) : 2
(10,0) : 13
(46,2) : 3
(46,0) : 1
(11,0) : 19
(8,0) : 22
(4,0) : 46
(31,1) : 1
(7,0) : 28
(6,0) : 31
(36,1) : 1
(30,2) : 1
(1,0) : 159
(46,1) : 3
(15,0) : 6
(35,0) : 1
(47,2) : 1
(23,0) : 1
(33,0) : 1
(3,0) : 65
(20,0) : 1
(21,0) : 1
(19,0) : 3
(46,3) : 1
(12,1) : 3
(9,1) : 2
(7,1) : 1
(4,1) : 1
(26,0) : 1
(25,1) : 1
(13,1) : 1
(0,0) : 5
(6,1) : 1
(25,0) : 1
(10,1) : 1
(8,1) : 1
(1,1) : 1
