pop size : 10000, betaG : 0.08500, lambdaH : 0.10000, lambdaW : 0.00100, gamma : 0.12500, Tmax : 150.00, threshold of infected : 0.010
0.37 0.32 0.13 0.12 0.04 0.02 
0.2192 0.12 0.08 0.06 0.05 0.045 0.04 0.035 0.03 0.02 0.02 0.02 0.015 0.015 0.015 0.015 0.001 0.001 0.001 0.001 0.001 0.001 0.001 0.001 0.001 0.001 0.001 0.001 0.001 0.001 0.001 0.001 0.001 0.001 0.001 0.001 0.001 0.001 0.001 0.001 0.001 0.0001 0.0001 0.0001 0.0001 0.0001 0.0001 0.0001 0.0001 0.175 
Proportion of infected at cutoff : 0.0100
Proportion of susceptibles at cutoff : 0.9779
(48,1) : 11
(49,0) : 33
(50,0) : 48
(14,0) : 10
(2,0) : 91
(47,1) : 4
(10,0) : 14
(3,0) : 54
(49,1) : 12
(10,1) : 1
(1,0) : 136
(47,3) : 2
(24,1) : 1
(29,0) : 1
(46,0) : 1
(18,0) : 2
(44,4) : 1
(6,0) : 34
(47,2) : 3
(45,3) : 1
(4,0) : 44
(48,2) : 4
(5,0) : 34
(9,0) : 30
(33,1) : 1
(45,4) : 1
(8,0) : 27
(16,0) : 13
(39,1) : 2
(5,2) : 1
(11,0) : 14
(38,2) : 1
(15,0) : 7
(13,0) : 7
(46,1) : 1
(40,0) : 1
(40,1) : 2
(47,0) : 1
(26,2) : 1
(12,0) : 14
(15,1) : 3
(23,0) : 1
(36,1) : 1
(46,4) : 1
(48,0) : 2
(25,0) : 2
(26,0) : 1
(7,0) : 20
(38,0) : 1
(33,0) : 1
(33,4) : 1
(19,0) : 3
(5,1) : 4
(23,1) : 1
(11,1) : 1
(4,1) : 2
(0,0) : 2
(21,0) : 1
(35,0) : 1
(44,1) : 1
(12,1) : 1
(11,2) : 1
(13,1) : 1
(6,1) : 1
(8,1) : 1
(2,1) : 1
