pop size : 10000, betaG : 0.08500, lambdaH : 0.10000, lambdaW : 0.00100, gamma : 0.12500, Tmax : 150.00, threshold of infected : 0.010
0.37 0.32 0.13 0.12 0.04 0.02 
0.2192 0.12 0.08 0.06 0.05 0.045 0.04 0.035 0.03 0.02 0.02 0.02 0.015 0.015 0.015 0.015 0.001 0.001 0.001 0.001 0.001 0.001 0.001 0.001 0.001 0.001 0.001 0.001 0.001 0.001 0.001 0.001 0.001 0.001 0.001 0.001 0.001 0.001 0.001 0.001 0.001 0.0001 0.0001 0.0001 0.0001 0.0001 0.0001 0.0001 0.0001 0.175 
Proportion of infected at cutoff : 0.0100
Proportion of susceptibles at cutoff : 0.9815
(10,1) : 3
(50,0) : 56
(48,0) : 6
(6,0) : 34
(49,0) : 23
(46,1) : 1
(9,0) : 21
(7,0) : 26
(49,1) : 20
(16,0) : 9
(3,0) : 53
(7,1) : 5
(4,0) : 57
(8,0) : 30
(47,2) : 3
(25,0) : 1
(14,0) : 14
(21,1) : 1
(48,1) : 6
(48,2) : 5
(26,0) : 1
(45,3) : 1
(13,0) : 11
(47,0) : 1
(8,1) : 3
(12,0) : 11
(15,0) : 10
(39,7) : 1
(1,0) : 188
(33,2) : 1
(47,1) : 5
(10,0) : 12
(23,0) : 1
(13,2) : 1
(34,0) : 1
(27,0) : 1
(47,3) : 1
(39,0) : 1
(11,0) : 12
(19,0) : 1
(2,0) : 93
(45,2) : 2
(41,0) : 1
(5,0) : 33
(33,0) : 1
(6,1) : 2
(40,0) : 1
(13,1) : 1
(15,1) : 2
(12,1) : 1
(11,1) : 5
(5,1) : 1
(4,1) : 3
(3,1) : 2
(28,0) : 1
(8,2) : 1
