pop size : 10000, betaG : 0.08500, lambdaH : 0.10000, lambdaW : 0.00100, gamma : 0.12500, Tmax : 150.00, threshold of infected : 0.010
0.37 0.32 0.13 0.12 0.04 0.02 
0.2192 0.12 0.08 0.06 0.05 0.045 0.04 0.035 0.03 0.02 0.02 0.02 0.015 0.015 0.015 0.015 0.001 0.001 0.001 0.001 0.001 0.001 0.001 0.001 0.001 0.001 0.001 0.001 0.001 0.001 0.001 0.001 0.001 0.001 0.001 0.001 0.001 0.001 0.001 0.001 0.001 0.0001 0.0001 0.0001 0.0001 0.0001 0.0001 0.0001 0.0001 0.175 
Proportion of infected at cutoff : 0.0100
Proportion of susceptibles at cutoff : 0.9757
(47,0) : 1
(49,0) : 26
(50,0) : 47
(49,1) : 22
(48,0) : 9
(45,3) : 3
(47,1) : 1
(47,2) : 2
(19,0) : 1
(47,3) : 3
(9,0) : 24
(4,0) : 38
(7,0) : 33
(48,1) : 11
(3,0) : 54
(45,2) : 1
(10,0) : 9
(6,0) : 35
(8,0) : 25
(46,1) : 1
(13,0) : 8
(48,2) : 5
(17,0) : 1
(46,2) : 3
(12,0) : 11
(15,0) : 7
(33,0) : 1
(5,0) : 34
(44,0) : 1
(1,0) : 163
(16,0) : 8
(11,1) : 2
(2,0) : 79
(21,0) : 1
(30,0) : 1
(29,0) : 1
(6,1) : 4
(44,4) : 1
(41,0) : 1
(45,0) : 2
(22,0) : 1
(14,0) : 7
(39,0) : 1
(26,1) : 1
(0,0) : 6
(27,0) : 1
(8,1) : 2
(46,0) : 1
(13,1) : 2
(11,0) : 9
(14,1) : 2
(38,0) : 1
(28,1) : 1
(10,1) : 1
(15,1) : 1
(1,1) : 2
(2,1) : 2
(3,1) : 1
