pop size : 10000, betaG : 0.08500, lambdaH : 0.10000, lambdaW : 0.00100, gamma : 0.12500, Tmax : 150.00, threshold of infected : 0.010
0.37 0.32 0.13 0.12 0.04 0.02 
0.2192 0.12 0.08 0.06 0.05 0.045 0.04 0.035 0.03 0.02 0.02 0.02 0.015 0.015 0.015 0.015 0.001 0.001 0.001 0.001 0.001 0.001 0.001 0.001 0.001 0.001 0.001 0.001 0.001 0.001 0.001 0.001 0.001 0.001 0.001 0.001 0.001 0.001 0.001 0.001 0.001 0.0001 0.0001 0.0001 0.0001 0.0001 0.0001 0.0001 0.0001 0.175 
Proportion of infected at cutoff : 0.0100
Proportion of susceptibles at cutoff : 0.9744
(5,0) : 30
(50,0) : 43
(13,0) : 13
(16,0) : 7
(48,1) : 11
(3,0) : 58
(46,1) : 3
(28,0) : 2
(49,1) : 18
(49,0) : 19
(1,0) : 159
(11,0) : 22
(37,2) : 1
(15,0) : 14
(2,0) : 96
(44,4) : 1
(47,2) : 3
(9,0) : 23
(48,0) : 12
(45,1) : 2
(6,0) : 27
(47,0) : 2
(4,0) : 54
(8,0) : 22
(29,3) : 1
(32,1) : 2
(14,0) : 8
(10,0) : 11
(39,1) : 1
(47,1) : 6
(1,1) : 1
(35,0) : 2
(48,2) : 5
(24,0) : 1
(12,0) : 11
(34,0) : 1
(30,0) : 1
(38,0) : 1
(18,0) : 1
(13,1) : 1
(29,0) : 1
(3,1) : 2
(7,0) : 32
(34,1) : 1
(6,1) : 4
(37,0) : 1
(46,3) : 1
(45,2) : 1
(12,1) : 1
(17,1) : 1
(25,0) : 1
(0,0) : 1
(27,0) : 1
(17,0) : 1
(14,1) : 1
(10,1) : 1
(46,2) : 1
(4,1) : 3
(12,2) : 1
(8,1) : 2
(5,1) : 3
(2,1) : 2
