pop size : 10000, betaG : 0.08500, lambdaH : 0.10000, lambdaW : 0.00100, gamma : 0.12500, Tmax : 150.00, threshold of infected : 0.010
0.37 0.32 0.13 0.12 0.04 0.02 
0.2192 0.12 0.08 0.06 0.05 0.045 0.04 0.035 0.03 0.02 0.02 0.02 0.015 0.015 0.015 0.015 0.001 0.001 0.001 0.001 0.001 0.001 0.001 0.001 0.001 0.001 0.001 0.001 0.001 0.001 0.001 0.001 0.001 0.001 0.001 0.001 0.001 0.001 0.001 0.001 0.001 0.0001 0.0001 0.0001 0.0001 0.0001 0.0001 0.0001 0.0001 0.175 
Proportion of infected at cutoff : 0.0100
Proportion of susceptibles at cutoff : 0.9793
(44,3) : 1
(50,0) : 51
(49,1) : 18
(15,0) : 11
(22,0) : 4
(1,0) : 172
(48,0) : 8
(49,0) : 18
(48,2) : 7
(48,1) : 11
(3,0) : 59
(11,0) : 14
(10,0) : 13
(9,0) : 22
(2,0) : 88
(47,2) : 2
(8,0) : 26
(5,0) : 38
(46,4) : 1
(7,0) : 28
(22,1) : 1
(47,0) : 4
(4,0) : 43
(6,0) : 40
(46,2) : 1
(14,0) : 14
(12,0) : 19
(16,0) : 13
(27,0) : 1
(7,1) : 2
(10,1) : 2
(8,3) : 1
(41,0) : 1
(21,0) : 1
(43,4) : 1
(46,3) : 2
(13,0) : 9
(47,3) : 1
(19,0) : 1
(11,1) : 1
(43,1) : 1
(33,1) : 2
(46,1) : 1
(3,1) : 2
(37,0) : 1
(30,0) : 1
(17,0) : 3
(14,1) : 2
(5,1) : 1
(13,1) : 1
(47,1) : 1
(2,1) : 2
(12,1) : 1
(1,1) : 4
(28,1) : 1
(9,1) : 1
(4,1) : 1
(0,1) : 1
