pop size : 10000, betaG : 0.08500, lambdaH : 0.10000, lambdaW : 0.00100, gamma : 0.12500, Tmax : 150.00, threshold of infected : 0.010
0.37 0.32 0.13 0.12 0.04 0.02 
0.2192 0.12 0.08 0.06 0.05 0.045 0.04 0.035 0.03 0.02 0.02 0.02 0.015 0.015 0.015 0.015 0.001 0.001 0.001 0.001 0.001 0.001 0.001 0.001 0.001 0.001 0.001 0.001 0.001 0.001 0.001 0.001 0.001 0.001 0.001 0.001 0.001 0.001 0.001 0.001 0.001 0.0001 0.0001 0.0001 0.0001 0.0001 0.0001 0.0001 0.0001 0.175 
Proportion of infected at cutoff : 0.0100
Proportion of susceptibles at cutoff : 0.9777
(16,0) : 9
(49,0) : 25
(48,0) : 9
(50,0) : 48
(46,1) : 1
(2,0) : 96
(49,1) : 17
(47,1) : 4
(14,0) : 14
(7,1) : 3
(5,0) : 40
(48,2) : 7
(8,0) : 18
(6,0) : 28
(45,1) : 1
(4,0) : 42
(12,0) : 9
(15,0) : 10
(3,0) : 73
(7,0) : 27
(9,0) : 27
(36,0) : 2
(40,0) : 1
(48,1) : 9
(38,0) : 1
(34,2) : 1
(46,2) : 2
(21,1) : 1
(36,2) : 1
(47,3) : 3
(1,0) : 171
(25,0) : 2
(47,2) : 2
(24,1) : 1
(41,0) : 1
(47,0) : 3
(23,0) : 2
(45,5) : 1
(13,0) : 8
(37,0) : 2
(43,4) : 1
(14,1) : 1
(10,0) : 12
(30,0) : 1
(34,1) : 1
(11,0) : 4
(31,0) : 1
(8,1) : 2
(3,1) : 2
(10,1) : 3
(12,1) : 1
(5,1) : 2
(6,1) : 3
(21,0) : 1
(4,1) : 1
(1,1) : 1
(0,0) : 1
(0,1) : 2
