pop size : 10000, betaG : 0.08500, lambdaH : 0.10000, lambdaW : 0.00100, gamma : 0.12500, Tmax : 150.00, threshold of infected : 0.010
0.37 0.32 0.13 0.12 0.04 0.02 
0.2192 0.12 0.08 0.06 0.05 0.045 0.04 0.035 0.03 0.02 0.02 0.02 0.015 0.015 0.015 0.015 0.001 0.001 0.001 0.001 0.001 0.001 0.001 0.001 0.001 0.001 0.001 0.001 0.001 0.001 0.001 0.001 0.001 0.001 0.001 0.001 0.001 0.001 0.001 0.001 0.001 0.0001 0.0001 0.0001 0.0001 0.0001 0.0001 0.0001 0.0001 0.175 
Proportion of infected at cutoff : 0.0100
Proportion of susceptibles at cutoff : 0.9788
(50,0) : 44
(12,0) : 12
(49,0) : 24
(2,0) : 81
(49,1) : 22
(10,0) : 17
(31,0) : 1
(48,1) : 6
(3,0) : 59
(36,0) : 2
(8,0) : 19
(47,1) : 9
(9,0) : 35
(5,0) : 38
(21,0) : 1
(45,3) : 1
(32,1) : 1
(27,0) : 1
(48,2) : 8
(23,0) : 1
(6,0) : 38
(4,0) : 44
(32,0) : 1
(37,0) : 1
(19,0) : 2
(11,0) : 12
(14,0) : 12
(12,1) : 1
(41,0) : 1
(7,0) : 32
(46,1) : 2
(47,0) : 3
(1,0) : 167
(47,3) : 1
(45,1) : 1
(22,0) : 1
(12,2) : 1
(46,2) : 3
(48,0) : 3
(13,0) : 14
(39,0) : 1
(16,0) : 3
(24,2) : 1
(18,0) : 1
(15,0) : 9
(46,3) : 1
(11,1) : 1
(8,1) : 2
(6,1) : 3
(26,0) : 2
(47,2) : 1
(29,1) : 1
(24,1) : 1
(8,2) : 1
(20,1) : 1
(38,3) : 1
(1,1) : 1
(14,1) : 1
(3,1) : 4
(0,1) : 1
