pop size : 10000, betaG : 0.08500, lambdaH : 0.10000, lambdaW : 0.00100, gamma : 0.12500, Tmax : 150.00, threshold of infected : 0.010
0.37 0.32 0.13 0.12 0.04 0.02 
0.2192 0.12 0.08 0.06 0.05 0.045 0.04 0.035 0.03 0.02 0.02 0.02 0.015 0.015 0.015 0.015 0.001 0.001 0.001 0.001 0.001 0.001 0.001 0.001 0.001 0.001 0.001 0.001 0.001 0.001 0.001 0.001 0.001 0.001 0.001 0.001 0.001 0.001 0.001 0.001 0.001 0.0001 0.0001 0.0001 0.0001 0.0001 0.0001 0.0001 0.0001 0.175 
Proportion of infected at cutoff : 0.0100
Proportion of susceptibles at cutoff : 0.9769
(15,0) : 9
(49,1) : 17
(49,0) : 25
(50,0) : 50
(2,0) : 92
(3,0) : 61
(6,0) : 32
(14,0) : 13
(16,0) : 7
(48,1) : 12
(8,1) : 2
(47,2) : 5
(8,0) : 20
(48,2) : 4
(7,0) : 25
(2,1) : 2
(48,0) : 12
(32,0) : 1
(11,0) : 19
(5,0) : 40
(13,0) : 5
(47,1) : 1
(9,0) : 16
(44,1) : 1
(1,0) : 159
(4,0) : 45
(13,2) : 1
(12,0) : 19
(10,1) : 4
(10,0) : 13
(35,0) : 1
(46,4) : 1
(17,0) : 1
(6,2) : 1
(13,1) : 3
(45,2) : 1
(3,1) : 2
(46,0) : 2
(36,0) : 1
(26,0) : 2
(45,1) : 1
(11,1) : 2
(37,0) : 1
(18,0) : 2
(44,3) : 1
(46,3) : 1
(45,3) : 1
(1,1) : 3
(45,0) : 1
(7,1) : 5
(37,1) : 1
(10,2) : 1
(6,1) : 1
(4,1) : 2
(5,1) : 1
(0,0) : 1
(0,1) : 1
