pop size : 10000, betaG : 0.08500, lambdaH : 0.10000, lambdaW : 0.00100, gamma : 0.12500, Tmax : 150.00, threshold of infected : 0.010
0.37 0.32 0.13 0.12 0.04 0.02 
0.2192 0.12 0.08 0.06 0.05 0.045 0.04 0.035 0.03 0.02 0.02 0.02 0.015 0.015 0.015 0.015 0.001 0.001 0.001 0.001 0.001 0.001 0.001 0.001 0.001 0.001 0.001 0.001 0.001 0.001 0.001 0.001 0.001 0.001 0.001 0.001 0.001 0.001 0.001 0.001 0.001 0.0001 0.0001 0.0001 0.0001 0.0001 0.0001 0.0001 0.0001 0.175 
Proportion of infected at cutoff : 0.0100
Proportion of susceptibles at cutoff : 0.9701
(48,0) : 15
(50,0) : 39
(49,0) : 23
(47,1) : 7
(9,0) : 17
(21,0) : 1
(3,0) : 64
(6,0) : 36
(5,0) : 43
(10,0) : 17
(17,0) : 1
(49,1) : 9
(47,0) : 8
(8,0) : 21
(46,2) : 1
(13,0) : 13
(30,0) : 1
(45,1) : 1
(14,0) : 14
(1,0) : 185
(46,4) : 1
(29,0) : 1
(2,0) : 84
(7,0) : 34
(47,2) : 4
(20,0) : 1
(15,0) : 10
(46,0) : 1
(48,2) : 2
(9,1) : 2
(48,1) : 5
(31,1) : 1
(0,1) : 5
(12,1) : 2
(11,0) : 13
(46,1) : 6
(18,1) : 2
(16,0) : 5
(23,0) : 3
(44,3) : 1
(12,0) : 14
(45,2) : 3
(45,3) : 1
(31,0) : 1
(4,0) : 43
(13,1) : 1
(17,1) : 1
(45,0) : 1
(14,1) : 1
(33,2) : 1
(34,0) : 1
(15,1) : 2
(33,0) : 1
(24,0) : 1
(5,1) : 2
(6,1) : 3
(19,0) : 1
(46,3) : 1
(8,3) : 1
(38,1) : 1
(2,1) : 3
(11,1) : 1
(3,1) : 2
(8,1) : 1
(22,0) : 1
(5,2) : 1
(0,0) : 3
(2,2) : 1
