pop size : 10000, betaG : 0.08500, lambdaH : 0.10000, lambdaW : 0.00100, gamma : 0.12500, Tmax : 150.00, threshold of infected : 0.010
0.37 0.32 0.13 0.12 0.04 0.02 
0.2192 0.12 0.08 0.06 0.05 0.045 0.04 0.035 0.03 0.02 0.02 0.02 0.015 0.015 0.015 0.015 0.001 0.001 0.001 0.001 0.001 0.001 0.001 0.001 0.001 0.001 0.001 0.001 0.001 0.001 0.001 0.001 0.001 0.001 0.001 0.001 0.001 0.001 0.001 0.001 0.001 0.0001 0.0001 0.0001 0.0001 0.0001 0.0001 0.0001 0.0001 0.175 
Proportion of infected at cutoff : 0.0100
Proportion of susceptibles at cutoff : 0.9808
(50,0) : 64
(16,0) : 8
(48,2) : 4
(9,0) : 22
(47,3) : 5
(49,1) : 20
(12,0) : 23
(3,0) : 66
(48,1) : 12
(14,0) : 6
(5,0) : 33
(1,0) : 152
(49,0) : 14
(47,1) : 3
(6,0) : 37
(10,0) : 14
(13,0) : 14
(46,4) : 2
(48,0) : 3
(7,0) : 24
(27,0) : 1
(4,0) : 52
(35,0) : 1
(2,0) : 79
(8,0) : 22
(19,0) : 2
(15,0) : 8
(0,1) : 2
(32,0) : 2
(28,0) : 2
(36,1) : 1
(23,0) : 2
(46,2) : 1
(47,2) : 2
(46,3) : 2
(19,1) : 1
(23,1) : 1
(18,0) : 1
(14,1) : 2
(17,0) : 1
(40,0) : 1
(34,0) : 1
(6,1) : 1
(42,3) : 1
(11,0) : 5
(45,2) : 1
(29,0) : 1
(3,1) : 2
(5,1) : 2
(30,1) : 1
(15,1) : 1
(13,1) : 2
(10,1) : 1
(0,0) : 4
