pop size : 10000, betaG : 0.08500, lambdaH : 0.10000, lambdaW : 0.00100, gamma : 0.12500, Tmax : 150.00, threshold of infected : 0.010
0.37 0.32 0.13 0.12 0.04 0.02 
0.2192 0.12 0.08 0.06 0.05 0.045 0.04 0.035 0.03 0.02 0.02 0.02 0.015 0.015 0.015 0.015 0.001 0.001 0.001 0.001 0.001 0.001 0.001 0.001 0.001 0.001 0.001 0.001 0.001 0.001 0.001 0.001 0.001 0.001 0.001 0.001 0.001 0.001 0.001 0.001 0.001 0.0001 0.0001 0.0001 0.0001 0.0001 0.0001 0.0001 0.0001 0.175 
Proportion of infected at cutoff : 0.0100
Proportion of susceptibles at cutoff : 0.9798
(50,0) : 61
(12,0) : 20
(46,4) : 1
(49,1) : 12
(8,1) : 4
(49,0) : 18
(2,0) : 89
(10,0) : 14
(48,0) : 6
(33,1) : 1
(7,0) : 14
(16,0) : 10
(6,0) : 24
(25,0) : 2
(1,0) : 150
(39,0) : 1
(44,3) : 1
(13,0) : 10
(34,0) : 3
(8,0) : 24
(38,0) : 1
(48,1) : 9
(26,0) : 2
(35,1) : 1
(47,2) : 8
(3,1) : 2
(5,0) : 37
(30,0) : 2
(14,0) : 8
(31,0) : 1
(4,0) : 33
(46,1) : 1
(15,1) : 2
(15,0) : 10
(3,0) : 51
(11,0) : 13
(10,1) : 2
(38,1) : 1
(23,0) : 2
(48,2) : 6
(47,1) : 4
(47,0) : 2
(0,0) : 2
(13,1) : 1
(46,0) : 1
(9,0) : 20
(22,0) : 1
(20,0) : 1
(1,1) : 6
(21,0) : 1
(45,2) : 1
(47,3) : 1
(28,0) : 1
(28,4) : 1
(11,1) : 2
(4,1) : 1
(19,1) : 1
(7,1) : 1
(0,1) : 2
(29,0) : 1
(9,1) : 1
(6,1) : 1
(5,1) : 1
