pop size : 10000, betaG : 0.08500, lambdaH : 0.10000, lambdaW : 0.00100, gamma : 0.12500, Tmax : 150.00, threshold of infected : 0.010
0.37 0.32 0.13 0.12 0.04 0.02 
0.2192 0.12 0.08 0.06 0.05 0.045 0.04 0.035 0.03 0.02 0.02 0.02 0.015 0.015 0.015 0.015 0.001 0.001 0.001 0.001 0.001 0.001 0.001 0.001 0.001 0.001 0.001 0.001 0.001 0.001 0.001 0.001 0.001 0.001 0.001 0.001 0.001 0.001 0.001 0.001 0.001 0.0001 0.0001 0.0001 0.0001 0.0001 0.0001 0.0001 0.0001 0.175 
Proportion of infected at cutoff : 0.0100
Proportion of susceptibles at cutoff : 0.9736
(34,2) : 1
(9,1) : 2
(12,0) : 14
(3,0) : 80
(49,1) : 9
(50,0) : 43
(49,0) : 36
(48,0) : 8
(4,0) : 59
(47,1) : 4
(29,0) : 3
(48,2) : 2
(1,0) : 174
(8,0) : 27
(48,1) : 4
(22,0) : 3
(13,0) : 12
(15,0) : 11
(6,1) : 1
(11,1) : 1
(11,0) : 16
(9,0) : 24
(2,0) : 104
(45,5) : 2
(45,1) : 1
(14,0) : 10
(45,3) : 1
(46,2) : 3
(6,0) : 26
(46,1) : 3
(41,2) : 1
(44,3) : 2
(32,0) : 1
(46,0) : 1
(10,0) : 12
(31,0) : 1
(10,1) : 2
(16,0) : 4
(7,0) : 36
(22,2) : 1
(45,0) : 1
(23,2) : 1
(5,0) : 40
(19,0) : 1
(43,7) : 1
(18,0) : 1
(21,0) : 1
(36,1) : 1
(45,2) : 1
(5,1) : 2
(37,0) : 2
(41,0) : 1
(47,3) : 1
(8,1) : 2
(36,0) : 1
(47,0) : 1
(13,1) : 1
(24,0) : 1
(47,2) : 1
(7,1) : 2
(8,3) : 1
(1,1) : 5
(0,1) : 3
(25,0) : 1
(3,1) : 1
(14,1) : 1
(2,1) : 1
(0,0) : 2
