pop size : 10000, betaG : 0.08500, lambdaH : 0.10000, lambdaW : 0.00100, gamma : 0.12500, Tmax : 150.00, threshold of infected : 0.010
0.37 0.32 0.13 0.12 0.04 0.02 
0.2192 0.12 0.08 0.06 0.05 0.045 0.04 0.035 0.03 0.02 0.02 0.02 0.015 0.015 0.015 0.015 0.001 0.001 0.001 0.001 0.001 0.001 0.001 0.001 0.001 0.001 0.001 0.001 0.001 0.001 0.001 0.001 0.001 0.001 0.001 0.001 0.001 0.001 0.001 0.001 0.001 0.0001 0.0001 0.0001 0.0001 0.0001 0.0001 0.0001 0.0001 0.175 
Proportion of infected at cutoff : 0.0100
Proportion of susceptibles at cutoff : 0.9793
(50,0) : 50
(49,1) : 21
(49,0) : 20
(5,0) : 49
(48,1) : 8
(27,0) : 1
(38,0) : 2
(13,0) : 9
(15,0) : 13
(47,3) : 2
(48,2) : 5
(47,2) : 6
(1,0) : 166
(48,0) : 2
(43,3) : 1
(7,0) : 29
(6,0) : 37
(3,0) : 78
(16,0) : 10
(45,2) : 1
(24,1) : 1
(21,0) : 2
(31,0) : 3
(47,1) : 3
(8,0) : 30
(4,0) : 42
(12,0) : 11
(26,0) : 2
(19,0) : 1
(11,0) : 15
(10,0) : 14
(46,2) : 2
(9,0) : 15
(14,0) : 15
(2,0) : 95
(30,0) : 1
(17,2) : 1
(18,0) : 1
(46,0) : 1
(1,1) : 2
(11,1) : 1
(46,4) : 2
(47,0) : 1
(24,0) : 1
(31,2) : 1
(25,0) : 1
(32,0) : 1
(41,0) : 1
(5,1) : 1
(43,0) : 1
(7,1) : 2
(10,1) : 1
(33,0) : 1
(12,1) : 2
(8,1) : 1
(14,1) : 3
(9,2) : 1
(6,1) : 1
(0,0) : 1
(2,1) : 1
(0,1) : 1
