pop size : 10000, betaG : 0.08500, lambdaH : 0.10000, lambdaW : 0.00100, gamma : 0.12500, Tmax : 150.00, threshold of infected : 0.010
0.37 0.32 0.13 0.12 0.04 0.02 
0.2192 0.12 0.08 0.06 0.05 0.045 0.04 0.035 0.03 0.02 0.02 0.02 0.015 0.015 0.015 0.015 0.001 0.001 0.001 0.001 0.001 0.001 0.001 0.001 0.001 0.001 0.001 0.001 0.001 0.001 0.001 0.001 0.001 0.001 0.001 0.001 0.001 0.001 0.001 0.001 0.001 0.0001 0.0001 0.0001 0.0001 0.0001 0.0001 0.0001 0.0001 0.175 
Proportion of infected at cutoff : 0.0100
Proportion of susceptibles at cutoff : 0.9796
(50,0) : 57
(23,0) : 1
(48,1) : 3
(49,1) : 22
(9,0) : 17
(10,0) : 21
(18,0) : 4
(14,0) : 15
(15,0) : 12
(48,2) : 6
(2,0) : 81
(48,0) : 6
(49,0) : 20
(46,3) : 1
(43,4) : 1
(3,0) : 55
(12,1) : 2
(12,0) : 14
(47,1) : 3
(6,0) : 24
(32,0) : 1
(8,0) : 21
(46,2) : 4
(1,0) : 154
(5,0) : 32
(36,0) : 1
(11,0) : 12
(13,0) : 10
(46,4) : 1
(4,0) : 35
(16,0) : 5
(47,0) : 3
(47,2) : 3
(11,1) : 1
(7,0) : 23
(15,1) : 4
(21,1) : 1
(27,2) : 1
(46,0) : 1
(45,3) : 1
(17,0) : 3
(26,0) : 3
(46,1) : 1
(33,0) : 1
(43,5) : 1
(45,0) : 1
(29,0) : 2
(13,1) : 1
(6,1) : 3
(5,1) : 2
(26,1) : 1
(21,0) : 1
(19,0) : 1
(9,1) : 2
(20,0) : 1
(4,1) : 1
(0,0) : 1
(1,1) : 2
(3,1) : 1
(0,1) : 1
(2,1) : 2
