pop size : 10000, betaG : 0.08500, lambdaH : 0.10000, lambdaW : 0.00100, gamma : 0.12500, Tmax : 150.00, threshold of infected : 0.010
0.37 0.32 0.13 0.12 0.04 0.02 
0.2192 0.12 0.08 0.06 0.05 0.045 0.04 0.035 0.03 0.02 0.02 0.02 0.015 0.015 0.015 0.015 0.001 0.001 0.001 0.001 0.001 0.001 0.001 0.001 0.001 0.001 0.001 0.001 0.001 0.001 0.001 0.001 0.001 0.001 0.001 0.001 0.001 0.001 0.001 0.001 0.001 0.0001 0.0001 0.0001 0.0001 0.0001 0.0001 0.0001 0.0001 0.175 
Proportion of infected at cutoff : 0.0100
Proportion of susceptibles at cutoff : 0.9729
(49,1) : 10
(46,2) : 3
(49,0) : 25
(14,0) : 9
(23,0) : 1
(6,0) : 36
(16,0) : 13
(48,1) : 12
(50,0) : 44
(40,0) : 1
(2,0) : 90
(12,2) : 1
(48,0) : 13
(47,2) : 4
(4,0) : 49
(9,0) : 27
(3,0) : 68
(43,2) : 1
(7,0) : 33
(38,0) : 1
(48,2) : 7
(8,0) : 25
(19,0) : 2
(10,0) : 15
(14,1) : 3
(13,0) : 11
(45,1) : 1
(15,0) : 5
(12,0) : 13
(42,6) : 1
(11,0) : 13
(46,0) : 2
(46,1) : 3
(11,1) : 4
(46,3) : 1
(17,0) : 1
(1,0) : 176
(45,2) : 1
(18,0) : 1
(8,1) : 2
(36,0) : 2
(12,1) : 2
(30,0) : 1
(47,0) : 1
(5,0) : 38
(37,0) : 1
(25,1) : 1
(47,1) : 1
(6,1) : 2
(6,2) : 1
(4,1) : 1
(0,0) : 3
(5,1) : 2
(7,1) : 3
(9,1) : 2
(2,1) : 2
(15,1) : 1
(0,1) : 1
(3,1) : 1
(1,1) : 1
