pop size : 10000, betaG : 0.08500, lambdaH : 0.10000, lambdaW : 0.00100, gamma : 0.12500, Tmax : 150.00, threshold of infected : 0.010
0.37 0.32 0.13 0.12 0.04 0.02 
0.2192 0.12 0.08 0.06 0.05 0.045 0.04 0.035 0.03 0.02 0.02 0.02 0.015 0.015 0.015 0.015 0.001 0.001 0.001 0.001 0.001 0.001 0.001 0.001 0.001 0.001 0.001 0.001 0.001 0.001 0.001 0.001 0.001 0.001 0.001 0.001 0.001 0.001 0.001 0.001 0.001 0.0001 0.0001 0.0001 0.0001 0.0001 0.0001 0.0001 0.0001 0.175 
Proportion of infected at cutoff : 0.0100
Proportion of susceptibles at cutoff : 0.9762
(2,0) : 73
(8,1) : 4
(50,0) : 48
(49,1) : 16
(9,0) : 28
(49,0) : 22
(48,2) : 4
(4,0) : 42
(48,0) : 10
(47,3) : 1
(1,0) : 147
(12,0) : 11
(13,0) : 13
(46,2) : 3
(3,0) : 51
(37,0) : 1
(24,0) : 1
(45,3) : 1
(47,1) : 8
(47,2) : 5
(3,1) : 1
(45,1) : 1
(21,0) : 3
(42,3) : 1
(48,1) : 9
(7,0) : 27
(6,0) : 34
(47,0) : 1
(16,0) : 5
(11,0) : 10
(5,0) : 38
(6,1) : 3
(14,0) : 7
(46,1) : 1
(26,0) : 4
(15,0) : 10
(43,0) : 1
(10,1) : 2
(10,0) : 13
(44,6) : 1
(25,1) : 1
(40,0) : 2
(22,0) : 1
(8,0) : 16
(18,0) : 2
(9,2) : 1
(32,0) : 1
(36,1) : 1
(15,1) : 2
(23,1) : 1
(27,0) : 1
(37,2) : 1
(35,0) : 1
(45,0) : 1
(12,1) : 1
(20,0) : 1
(29,0) : 1
(7,1) : 1
(5,1) : 2
(11,1) : 2
(0,0) : 2
(4,1) : 1
