pop size : 10000, betaG : 0.08500, lambdaH : 0.10000, lambdaW : 0.00100, gamma : 0.12500, Tmax : 150.00, threshold of infected : 0.010
0.37 0.32 0.13 0.12 0.04 0.02 
0.2192 0.12 0.08 0.06 0.05 0.045 0.04 0.035 0.03 0.02 0.02 0.02 0.015 0.015 0.015 0.015 0.001 0.001 0.001 0.001 0.001 0.001 0.001 0.001 0.001 0.001 0.001 0.001 0.001 0.001 0.001 0.001 0.001 0.001 0.001 0.001 0.001 0.001 0.001 0.001 0.001 0.0001 0.0001 0.0001 0.0001 0.0001 0.0001 0.0001 0.0001 0.175 
Proportion of infected at cutoff : 0.0100
Proportion of susceptibles at cutoff : 0.9749
(49,1) : 23
(46,3) : 1
(48,1) : 11
(7,0) : 35
(5,0) : 29
(47,0) : 5
(50,0) : 50
(49,0) : 18
(42,4) : 1
(8,0) : 24
(20,0) : 2
(4,0) : 46
(12,0) : 6
(16,0) : 9
(48,0) : 7
(14,0) : 10
(13,0) : 10
(4,1) : 2
(47,1) : 4
(37,0) : 2
(6,0) : 33
(18,0) : 1
(46,2) : 1
(2,0) : 101
(3,0) : 63
(46,1) : 3
(10,0) : 17
(48,2) : 4
(15,1) : 1
(36,0) : 1
(19,1) : 1
(47,3) : 1
(13,1) : 4
(45,1) : 2
(1,0) : 162
(47,2) : 4
(22,0) : 1
(11,0) : 15
(21,0) : 2
(9,0) : 19
(44,2) : 1
(28,2) : 1
(19,0) : 2
(24,0) : 2
(9,2) : 1
(15,0) : 2
(3,1) : 2
(12,1) : 3
(6,1) : 2
(9,1) : 2
(42,2) : 1
(7,1) : 1
(10,1) : 1
(0,0) : 5
(0,1) : 1
(1,1) : 1
