pop size : 10000, betaG : 0.08500, lambdaH : 0.10000, lambdaW : 0.00100, gamma : 0.12500, Tmax : 150.00, threshold of infected : 0.010
0.37 0.32 0.13 0.12 0.04 0.02 
0.2192 0.12 0.08 0.06 0.05 0.045 0.04 0.035 0.03 0.02 0.02 0.02 0.015 0.015 0.015 0.015 0.001 0.001 0.001 0.001 0.001 0.001 0.001 0.001 0.001 0.001 0.001 0.001 0.001 0.001 0.001 0.001 0.001 0.001 0.001 0.001 0.001 0.001 0.001 0.001 0.001 0.0001 0.0001 0.0001 0.0001 0.0001 0.0001 0.0001 0.0001 0.175 
Proportion of infected at cutoff : 0.0100
Proportion of susceptibles at cutoff : 0.9793
(49,1) : 18
(47,1) : 4
(16,0) : 15
(15,0) : 14
(41,2) : 1
(46,3) : 1
(49,0) : 25
(5,0) : 43
(7,0) : 36
(29,2) : 1
(50,0) : 37
(10,0) : 16
(5,1) : 1
(47,3) : 4
(32,0) : 2
(13,0) : 10
(12,0) : 25
(48,2) : 6
(1,0) : 192
(48,0) : 5
(38,1) : 1
(19,0) : 1
(44,2) : 1
(48,1) : 8
(9,0) : 24
(14,0) : 13
(22,0) : 1
(6,0) : 40
(3,0) : 57
(2,0) : 104
(47,0) : 1
(17,0) : 2
(11,0) : 10
(4,0) : 55
(8,0) : 34
(39,0) : 1
(42,1) : 1
(36,0) : 3
(20,0) : 1
(47,2) : 4
(11,1) : 2
(9,1) : 2
(29,0) : 1
(46,2) : 1
(45,4) : 1
(22,2) : 1
(41,0) : 1
(21,0) : 1
(40,0) : 1
(46,0) : 1
(12,1) : 2
(28,0) : 1
(6,1) : 2
(13,1) : 1
(10,1) : 1
(3,1) : 2
(8,1) : 2
(2,2) : 1
(2,1) : 1
(1,1) : 1
(0,0) : 3
