pop size : 10000, betaG : 0.08500, lambdaH : 0.10000, lambdaW : 0.00100, gamma : 0.12500, Tmax : 150.00, threshold of infected : 0.010
0.37 0.32 0.13 0.12 0.04 0.02 
0.2192 0.12 0.08 0.06 0.05 0.045 0.04 0.035 0.03 0.02 0.02 0.02 0.015 0.015 0.015 0.015 0.001 0.001 0.001 0.001 0.001 0.001 0.001 0.001 0.001 0.001 0.001 0.001 0.001 0.001 0.001 0.001 0.001 0.001 0.001 0.001 0.001 0.001 0.001 0.001 0.001 0.0001 0.0001 0.0001 0.0001 0.0001 0.0001 0.0001 0.0001 0.175 
Proportion of infected at cutoff : 0.0100
Proportion of susceptibles at cutoff : 0.9784
(1,0) : 155
(50,0) : 54
(9,0) : 14
(49,0) : 25
(45,4) : 1
(47,3) : 2
(13,0) : 7
(15,0) : 14
(46,4) : 2
(8,0) : 21
(10,0) : 17
(12,0) : 15
(14,0) : 6
(6,1) : 1
(2,0) : 80
(48,2) : 4
(33,0) : 2
(48,1) : 7
(47,1) : 3
(49,1) : 27
(16,0) : 7
(5,0) : 26
(34,1) : 1
(37,0) : 1
(11,0) : 11
(4,0) : 37
(3,0) : 50
(46,0) : 2
(36,2) : 1
(48,0) : 7
(34,0) : 1
(26,0) : 1
(7,0) : 30
(11,1) : 2
(5,1) : 1
(5,3) : 1
(45,2) : 1
(13,1) : 2
(46,2) : 1
(47,0) : 3
(42,5) : 1
(9,1) : 3
(6,0) : 34
(36,1) : 1
(11,2) : 1
(17,0) : 1
(32,0) : 1
(18,0) : 1
(10,1) : 1
(8,1) : 1
(12,1) : 1
(0,0) : 4
(2,1) : 2
(28,0) : 1
(3,1) : 2
(1,1) : 2
(7,1) : 1
