pop size : 10000, betaG : 0.08500, lambdaH : 0.10000, lambdaW : 0.00100, gamma : 0.12500, Tmax : 150.00, threshold of infected : 0.010
0.37 0.32 0.13 0.12 0.04 0.02 
0.2192 0.12 0.08 0.06 0.05 0.045 0.04 0.035 0.03 0.02 0.02 0.02 0.015 0.015 0.015 0.015 0.001 0.001 0.001 0.001 0.001 0.001 0.001 0.001 0.001 0.001 0.001 0.001 0.001 0.001 0.001 0.001 0.001 0.001 0.001 0.001 0.001 0.001 0.001 0.001 0.001 0.0001 0.0001 0.0001 0.0001 0.0001 0.0001 0.0001 0.0001 0.175 
Proportion of infected at cutoff : 0.0100
Proportion of susceptibles at cutoff : 0.9790
(35,0) : 1
(14,0) : 11
(50,0) : 55
(48,1) : 7
(49,1) : 17
(49,0) : 17
(6,0) : 43
(10,0) : 21
(17,0) : 1
(8,0) : 22
(48,2) : 8
(15,1) : 3
(44,0) : 1
(9,0) : 15
(46,2) : 1
(47,1) : 4
(16,0) : 10
(11,0) : 16
(11,1) : 5
(15,0) : 10
(1,0) : 184
(47,3) : 1
(38,2) : 1
(4,0) : 47
(5,0) : 43
(2,0) : 94
(39,0) : 1
(7,0) : 28
(30,0) : 1
(21,0) : 1
(13,1) : 1
(3,0) : 52
(29,0) : 1
(46,0) : 1
(35,1) : 1
(45,2) : 1
(48,0) : 7
(12,0) : 16
(43,1) : 1
(10,1) : 4
(26,0) : 1
(36,0) : 1
(44,2) : 1
(47,0) : 1
(13,0) : 7
(40,0) : 2
(13,2) : 1
(8,1) : 3
(34,0) : 1
(33,1) : 1
(22,1) : 1
(6,1) : 1
(28,0) : 1
(4,1) : 3
(47,2) : 1
(5,1) : 2
(23,0) : 1
(46,3) : 1
(14,1) : 1
(36,1) : 1
(7,2) : 1
(7,1) : 2
(24,0) : 1
(3,1) : 1
(1,1) : 2
(2,1) : 1
(0,1) : 2
(0,0) : 1
