pop size : 10000, betaG : 0.08500, lambdaH : 0.10000, lambdaW : 0.00100, gamma : 0.12500, Tmax : 150.00, threshold of infected : 0.010
0.37 0.32 0.13 0.12 0.04 0.02 
0.2192 0.12 0.08 0.06 0.05 0.045 0.04 0.035 0.03 0.02 0.02 0.02 0.015 0.015 0.015 0.015 0.001 0.001 0.001 0.001 0.001 0.001 0.001 0.001 0.001 0.001 0.001 0.001 0.001 0.001 0.001 0.001 0.001 0.001 0.001 0.001 0.001 0.001 0.001 0.001 0.001 0.0001 0.0001 0.0001 0.0001 0.0001 0.0001 0.0001 0.0001 0.175 
Proportion of infected at cutoff : 0.0100
Proportion of susceptibles at cutoff : 0.9760
(2,0) : 110
(49,0) : 24
(11,0) : 13
(5,0) : 24
(50,0) : 45
(3,0) : 70
(8,0) : 27
(49,1) : 19
(4,0) : 59
(42,5) : 1
(10,0) : 13
(1,0) : 174
(48,0) : 9
(35,0) : 1
(48,2) : 5
(13,2) : 1
(9,0) : 22
(46,0) : 2
(29,0) : 1
(32,0) : 1
(48,1) : 5
(12,0) : 16
(14,0) : 10
(13,0) : 13
(7,0) : 33
(47,2) : 5
(47,0) : 2
(12,1) : 2
(6,0) : 28
(43,5) : 1
(41,3) : 1
(44,0) : 1
(8,1) : 3
(11,2) : 1
(27,0) : 2
(21,0) : 1
(22,0) : 1
(38,0) : 2
(34,0) : 1
(31,1) : 1
(45,0) : 1
(16,0) : 7
(47,3) : 1
(37,0) : 1
(45,1) : 2
(15,0) : 9
(47,1) : 1
(3,1) : 3
(1,1) : 4
(31,0) : 1
(9,1) : 1
(17,0) : 1
(24,0) : 2
(9,2) : 1
(4,1) : 4
(17,1) : 1
(40,0) : 1
(25,0) : 2
(46,1) : 1
(14,1) : 1
(23,1) : 1
(35,1) : 1
(7,1) : 3
(21,2) : 1
(6,1) : 1
(13,1) : 1
(5,1) : 1
(0,0) : 2
