pop size : 10000, betaG : 0.08500, lambdaH : 0.10000, lambdaW : 0.00100, gamma : 0.12500, Tmax : 150.00, threshold of infected : 0.010
0.37 0.32 0.13 0.12 0.04 0.02 
0.2192 0.12 0.08 0.06 0.05 0.045 0.04 0.035 0.03 0.02 0.02 0.02 0.015 0.015 0.015 0.015 0.001 0.001 0.001 0.001 0.001 0.001 0.001 0.001 0.001 0.001 0.001 0.001 0.001 0.001 0.001 0.001 0.001 0.001 0.001 0.001 0.001 0.001 0.001 0.001 0.001 0.0001 0.0001 0.0001 0.0001 0.0001 0.0001 0.0001 0.0001 0.175 
Proportion of infected at cutoff : 0.0100
Proportion of susceptibles at cutoff : 0.9820
(50,0) : 65
(49,0) : 20
(48,2) : 4
(36,0) : 1
(48,1) : 11
(20,1) : 1
(40,0) : 1
(48,0) : 4
(6,0) : 37
(49,1) : 15
(7,1) : 3
(7,0) : 25
(47,3) : 3
(39,0) : 2
(47,0) : 1
(11,0) : 9
(1,0) : 172
(12,0) : 9
(41,5) : 1
(3,0) : 66
(14,0) : 15
(2,0) : 90
(16,0) : 10
(47,1) : 2
(4,0) : 50
(20,2) : 1
(10,2) : 2
(13,1) : 1
(10,0) : 12
(35,2) : 1
(13,0) : 9
(47,2) : 2
(5,0) : 36
(24,3) : 1
(41,0) : 1
(15,0) : 8
(9,1) : 3
(24,0) : 1
(28,1) : 1
(32,0) : 1
(28,0) : 2
(9,0) : 18
(8,0) : 23
(6,1) : 3
(12,1) : 1
(14,1) : 3
(27,0) : 1
(34,1) : 1
(30,1) : 1
(45,4) : 1
(29,1) : 1
(18,0) : 1
(23,0) : 1
(8,1) : 3
(38,1) : 1
(15,1) : 1
(17,0) : 1
(3,1) : 2
(0,1) : 2
(2,1) : 1
(19,0) : 1
(1,1) : 1
(4,1) : 1
(0,0) : 1
