pop size : 10000, betaG : 0.08500, lambdaH : 0.10000, lambdaW : 0.00100, gamma : 0.12500, Tmax : 150.00, threshold of infected : 0.010
0.37 0.32 0.13 0.12 0.04 0.02 
0.2192 0.12 0.08 0.06 0.05 0.045 0.04 0.035 0.03 0.02 0.02 0.02 0.015 0.015 0.015 0.015 0.001 0.001 0.001 0.001 0.001 0.001 0.001 0.001 0.001 0.001 0.001 0.001 0.001 0.001 0.001 0.001 0.001 0.001 0.001 0.001 0.001 0.001 0.001 0.001 0.001 0.0001 0.0001 0.0001 0.0001 0.0001 0.0001 0.0001 0.0001 0.175 
Proportion of infected at cutoff : 0.0100
Proportion of susceptibles at cutoff : 0.9746
(15,0) : 11
(11,0) : 15
(48,1) : 13
(50,0) : 43
(49,1) : 22
(49,0) : 23
(47,1) : 4
(1,0) : 162
(7,0) : 26
(9,0) : 20
(10,0) : 12
(48,0) : 9
(47,2) : 4
(3,0) : 51
(17,1) : 1
(5,0) : 40
(46,3) : 2
(4,0) : 45
(46,1) : 2
(18,0) : 2
(24,1) : 1
(24,0) : 1
(48,2) : 4
(47,0) : 2
(9,1) : 3
(43,4) : 1
(2,0) : 93
(41,0) : 1
(46,2) : 2
(16,0) : 7
(8,0) : 17
(14,1) : 2
(6,0) : 45
(27,0) : 4
(40,4) : 1
(19,0) : 1
(13,0) : 9
(36,0) : 1
(46,0) : 1
(14,0) : 10
(45,0) : 1
(46,4) : 1
(0,0) : 3
(15,1) : 1
(12,0) : 10
(4,1) : 4
(45,1) : 1
(29,0) : 1
(5,1) : 1
(17,0) : 1
(8,1) : 2
(33,2) : 1
(39,0) : 1
(6,1) : 2
(2,1) : 1
