pop size : 10000, betaG : 0.08500, lambdaH : 0.10000, lambdaW : 0.00100, gamma : 0.12500, Tmax : 150.00, threshold of infected : 0.010
0.37 0.32 0.13 0.12 0.04 0.02 
0.2192 0.12 0.08 0.06 0.05 0.045 0.04 0.035 0.03 0.02 0.02 0.02 0.015 0.015 0.015 0.015 0.001 0.001 0.001 0.001 0.001 0.001 0.001 0.001 0.001 0.001 0.001 0.001 0.001 0.001 0.001 0.001 0.001 0.001 0.001 0.001 0.001 0.001 0.001 0.001 0.001 0.0001 0.0001 0.0001 0.0001 0.0001 0.0001 0.0001 0.0001 0.175 
Proportion of infected at cutoff : 0.0100
Proportion of susceptibles at cutoff : 0.9819
(50,0) : 58
(11,0) : 17
(49,0) : 22
(14,0) : 10
(6,0) : 32
(4,0) : 35
(8,0) : 24
(48,1) : 10
(49,1) : 24
(45,4) : 1
(18,0) : 1
(44,2) : 1
(44,3) : 1
(13,0) : 10
(48,2) : 2
(2,0) : 92
(5,2) : 1
(3,2) : 1
(46,2) : 1
(3,0) : 65
(47,3) : 2
(45,3) : 1
(5,0) : 33
(48,0) : 2
(15,0) : 11
(1,0) : 182
(10,0) : 14
(9,0) : 19
(47,2) : 4
(12,0) : 16
(20,0) : 2
(35,0) : 2
(16,0) : 10
(10,1) : 1
(14,1) : 2
(47,1) : 2
(33,1) : 1
(7,0) : 20
(46,1) : 1
(30,0) : 1
(5,1) : 3
(23,0) : 2
(39,0) : 1
(24,0) : 1
(25,0) : 1
(15,1) : 3
(1,1) : 2
(37,0) : 1
(7,1) : 4
(31,0) : 1
(23,2) : 1
(41,0) : 1
(2,1) : 1
(26,0) : 1
(13,1) : 1
(11,1) : 1
(6,1) : 2
(4,1) : 1
(3,1) : 1
(8,1) : 1
(0,1) : 1
