pop size : 10000, betaG : 0.08500, lambdaH : 0.10000, lambdaW : 0.00100, gamma : 0.12500, Tmax : 150.00, threshold of infected : 0.010
0.37 0.32 0.13 0.12 0.04 0.02 
0.2192 0.12 0.08 0.06 0.05 0.045 0.04 0.035 0.03 0.02 0.02 0.02 0.015 0.015 0.015 0.015 0.001 0.001 0.001 0.001 0.001 0.001 0.001 0.001 0.001 0.001 0.001 0.001 0.001 0.001 0.001 0.001 0.001 0.001 0.001 0.001 0.001 0.001 0.001 0.001 0.001 0.0001 0.0001 0.0001 0.0001 0.0001 0.0001 0.0001 0.0001 0.175 
Proportion of infected at cutoff : 0.0100
Proportion of susceptibles at cutoff : 0.9702
(12,0) : 12
(49,1) : 15
(50,0) : 32
(14,0) : 10
(49,0) : 32
(44,3) : 1
(26,0) : 3
(7,0) : 28
(15,0) : 11
(48,0) : 13
(8,0) : 21
(27,1) : 1
(27,0) : 2
(5,0) : 39
(6,0) : 26
(48,1) : 11
(48,2) : 9
(24,0) : 3
(13,0) : 8
(10,0) : 13
(9,0) : 26
(26,3) : 1
(44,1) : 1
(1,0) : 139
(35,1) : 1
(2,0) : 89
(42,0) : 1
(16,0) : 3
(47,0) : 2
(4,0) : 40
(15,1) : 2
(46,2) : 2
(47,2) : 5
(45,2) : 2
(3,0) : 54
(23,0) : 2
(39,0) : 2
(47,1) : 1
(46,1) : 1
(11,0) : 8
(36,0) : 1
(45,0) : 1
(10,1) : 2
(43,2) : 1
(20,1) : 1
(35,0) : 1
(45,1) : 1
(45,3) : 1
(32,0) : 1
(29,0) : 1
(43,1) : 1
(13,1) : 1
(31,0) : 1
(2,1) : 3
(13,3) : 1
(30,1) : 1
(25,0) : 2
(17,0) : 1
(46,0) : 1
(5,1) : 2
(14,1) : 1
(0,1) : 1
(0,0) : 1
(1,1) : 2
(3,1) : 1
