pop size : 10000, betaG : 0.08500, lambdaH : 0.10000, lambdaW : 0.00100, gamma : 0.12500, Tmax : 150.00, threshold of infected : 0.010
0.37 0.32 0.13 0.12 0.04 0.02 
0.2192 0.12 0.08 0.06 0.05 0.045 0.04 0.035 0.03 0.02 0.02 0.02 0.015 0.015 0.015 0.015 0.001 0.001 0.001 0.001 0.001 0.001 0.001 0.001 0.001 0.001 0.001 0.001 0.001 0.001 0.001 0.001 0.001 0.001 0.001 0.001 0.001 0.001 0.001 0.001 0.001 0.0001 0.0001 0.0001 0.0001 0.0001 0.0001 0.0001 0.0001 0.175 
Proportion of infected at cutoff : 0.0100
Proportion of susceptibles at cutoff : 0.9811
(6,0) : 21
(42,6) : 1
(8,0) : 33
(50,0) : 52
(14,0) : 11
(13,0) : 10
(10,0) : 12
(11,0) : 13
(47,1) : 4
(16,0) : 14
(46,0) : 2
(49,1) : 21
(49,0) : 22
(4,0) : 37
(1,0) : 194
(5,0) : 39
(48,2) : 7
(9,0) : 18
(2,0) : 95
(38,0) : 1
(3,0) : 54
(11,1) : 2
(30,0) : 3
(26,0) : 1
(40,0) : 1
(34,0) : 1
(37,1) : 2
(22,0) : 2
(7,0) : 27
(48,1) : 3
(46,2) : 1
(32,0) : 2
(48,0) : 4
(14,2) : 3
(15,0) : 13
(12,0) : 11
(47,3) : 2
(7,1) : 4
(18,1) : 1
(32,1) : 2
(12,2) : 1
(15,1) : 1
(47,2) : 2
(47,0) : 2
(12,1) : 2
(27,0) : 3
(31,1) : 1
(29,0) : 1
(5,1) : 2
(18,0) : 1
(23,0) : 1
(17,0) : 1
(31,0) : 1
(41,1) : 1
(4,1) : 4
(36,0) : 1
(6,1) : 1
(9,1) : 1
(2,1) : 2
(19,0) : 1
(28,0) : 1
(10,1) : 1
(8,1) : 1
(0,1) : 2
(1,1) : 2
