pop size : 10000, betaG : 0.08500, lambdaH : 0.10000, lambdaW : 0.00100, gamma : 0.12500, Tmax : 150.00, threshold of infected : 0.010
0.37 0.32 0.13 0.12 0.04 0.02 
0.2192 0.12 0.08 0.06 0.05 0.045 0.04 0.035 0.03 0.02 0.02 0.02 0.015 0.015 0.015 0.015 0.001 0.001 0.001 0.001 0.001 0.001 0.001 0.001 0.001 0.001 0.001 0.001 0.001 0.001 0.001 0.001 0.001 0.001 0.001 0.001 0.001 0.001 0.001 0.001 0.001 0.0001 0.0001 0.0001 0.0001 0.0001 0.0001 0.0001 0.0001 0.175 
Proportion of infected at cutoff : 0.0100
Proportion of susceptibles at cutoff : 0.9855
(49,1) : 24
(50,0) : 72
(8,0) : 33
(2,0) : 109
(5,0) : 46
(48,2) : 6
(39,0) : 1
(49,0) : 8
(45,4) : 1
(5,1) : 4
(47,2) : 3
(14,0) : 10
(7,0) : 30
(21,0) : 3
(1,0) : 156
(3,0) : 65
(11,0) : 15
(41,0) : 1
(14,2) : 1
(48,1) : 4
(13,0) : 11
(6,0) : 35
(47,3) : 3
(46,2) : 2
(15,0) : 8
(37,0) : 2
(35,1) : 1
(10,0) : 9
(19,0) : 1
(9,0) : 23
(4,1) : 2
(4,0) : 56
(16,0) : 5
(46,1) : 1
(10,1) : 3
(26,1) : 1
(48,0) : 2
(27,1) : 1
(12,0) : 8
(37,1) : 1
(30,2) : 1
(22,0) : 1
(40,0) : 1
(11,1) : 3
(34,0) : 1
(46,0) : 1
(46,3) : 1
(30,0) : 1
(11,2) : 1
(18,0) : 1
(23,1) : 1
(17,0) : 1
(12,1) : 1
(29,0) : 1
(6,1) : 1
(20,1) : 1
(7,1) : 1
(14,1) : 2
(9,1) : 1
(2,1) : 2
(0,0) : 2
(0,1) : 1
