pop size : 10000, betaG : 0.08500, lambdaH : 0.10000, lambdaW : 0.00100, gamma : 0.12500, Tmax : 150.00, threshold of infected : 0.010
0.37 0.32 0.13 0.12 0.04 0.02 
0.2192 0.12 0.08 0.06 0.05 0.045 0.04 0.035 0.03 0.02 0.02 0.02 0.015 0.015 0.015 0.015 0.001 0.001 0.001 0.001 0.001 0.001 0.001 0.001 0.001 0.001 0.001 0.001 0.001 0.001 0.001 0.001 0.001 0.001 0.001 0.001 0.001 0.001 0.001 0.001 0.001 0.0001 0.0001 0.0001 0.0001 0.0001 0.0001 0.0001 0.0001 0.175 
Proportion of infected at cutoff : 0.0100
Proportion of susceptibles at cutoff : 0.9722
(50,0) : 37
(14,0) : 11
(12,0) : 13
(1,0) : 165
(44,0) : 1
(13,0) : 16
(4,0) : 38
(9,1) : 4
(15,0) : 14
(48,0) : 10
(6,0) : 40
(49,1) : 12
(16,0) : 7
(7,0) : 30
(8,0) : 27
(9,0) : 19
(32,0) : 1
(44,2) : 1
(46,2) : 2
(5,0) : 45
(49,0) : 20
(15,1) : 2
(48,1) : 8
(3,0) : 77
(21,0) : 1
(46,1) : 2
(11,0) : 22
(46,4) : 1
(47,0) : 6
(37,1) : 1
(46,3) : 1
(10,0) : 14
(47,1) : 4
(11,1) : 2
(48,2) : 5
(47,2) : 4
(45,0) : 1
(41,0) : 3
(7,1) : 3
(39,1) : 1
(19,2) : 1
(24,0) : 1
(38,0) : 1
(2,0) : 106
(21,1) : 1
(44,1) : 1
(1,1) : 2
(47,3) : 1
(45,2) : 1
(35,0) : 2
(13,1) : 2
(30,0) : 1
(19,0) : 1
(29,0) : 1
(45,3) : 1
(40,0) : 1
(20,0) : 1
(0,0) : 3
(17,0) : 3
(23,0) : 1
(14,1) : 2
(25,0) : 1
(12,1) : 1
(3,1) : 3
(31,0) : 1
(5,1) : 2
(8,1) : 1
(4,1) : 3
(0,1) : 2
