pop size : 10000, betaG : 0.08500, lambdaH : 0.10000, lambdaW : 0.00100, gamma : 0.12500, Tmax : 150.00, threshold of infected : 0.010
0.37 0.32 0.13 0.12 0.04 0.02 
0.2192 0.12 0.08 0.06 0.05 0.045 0.04 0.035 0.03 0.02 0.02 0.02 0.015 0.015 0.015 0.015 0.001 0.001 0.001 0.001 0.001 0.001 0.001 0.001 0.001 0.001 0.001 0.001 0.001 0.001 0.001 0.001 0.001 0.001 0.001 0.001 0.001 0.001 0.001 0.001 0.001 0.0001 0.0001 0.0001 0.0001 0.0001 0.0001 0.0001 0.0001 0.175 
Proportion of infected at cutoff : 0.0100
Proportion of susceptibles at cutoff : 0.9826
(31,0) : 3
(9,0) : 17
(50,0) : 59
(49,1) : 27
(19,0) : 3
(4,0) : 53
(1,0) : 175
(15,0) : 8
(3,0) : 67
(49,0) : 13
(2,0) : 86
(46,3) : 3
(10,1) : 1
(47,2) : 3
(48,2) : 10
(25,0) : 2
(47,1) : 2
(46,2) : 1
(12,0) : 13
(38,0) : 1
(41,0) : 2
(46,4) : 1
(5,0) : 40
(14,0) : 9
(13,0) : 12
(8,0) : 25
(6,0) : 35
(11,0) : 10
(43,0) : 1
(16,0) : 11
(10,0) : 12
(7,0) : 35
(47,0) : 1
(48,1) : 3
(6,1) : 4
(47,3) : 1
(26,0) : 1
(48,0) : 4
(17,1) : 1
(8,1) : 2
(45,2) : 1
(11,1) : 1
(14,1) : 1
(40,0) : 2
(27,0) : 3
(2,1) : 2
(7,1) : 1
(22,0) : 1
(36,0) : 1
(9,1) : 1
(13,1) : 1
(12,1) : 2
(1,1) : 1
(3,1) : 2
(0,1) : 2
(0,0) : 2
