pop size : 10000, betaG : 0.08500, lambdaH : 0.10000, lambdaW : 0.00100, gamma : 0.12500, Tmax : 150.00, threshold of infected : 0.010
0.37 0.32 0.13 0.12 0.04 0.02 
0.2192 0.12 0.08 0.06 0.05 0.045 0.04 0.035 0.03 0.02 0.02 0.02 0.015 0.015 0.015 0.015 0.001 0.001 0.001 0.001 0.001 0.001 0.001 0.001 0.001 0.001 0.001 0.001 0.001 0.001 0.001 0.001 0.001 0.001 0.001 0.001 0.001 0.001 0.001 0.001 0.001 0.0001 0.0001 0.0001 0.0001 0.0001 0.0001 0.0001 0.0001 0.175 
Proportion of infected at cutoff : 0.0100
Proportion of susceptibles at cutoff : 0.9668
(50,0) : 29
(48,2) : 4
(47,0) : 14
(9,0) : 17
(2,0) : 100
(49,0) : 28
(15,1) : 2
(46,1) : 4
(5,0) : 38
(49,1) : 14
(48,0) : 8
(41,1) : 1
(47,1) : 6
(8,0) : 26
(6,0) : 30
(44,3) : 1
(11,0) : 10
(37,0) : 2
(10,0) : 15
(48,1) : 11
(3,0) : 57
(1,0) : 177
(15,0) : 12
(35,2) : 1
(2,1) : 3
(46,2) : 3
(7,0) : 25
(36,0) : 1
(14,1) : 1
(4,0) : 36
(13,0) : 9
(12,0) : 18
(39,0) : 1
(14,0) : 15
(47,2) : 6
(16,0) : 4
(45,2) : 1
(47,3) : 1
(45,3) : 1
(25,1) : 2
(18,0) : 1
(32,0) : 1
(43,2) : 1
(46,0) : 3
(7,1) : 2
(5,1) : 3
(13,3) : 1
(12,2) : 1
(38,0) : 1
(6,1) : 1
(11,1) : 1
(10,1) : 1
(8,1) : 1
(0,0) : 3
(3,1) : 1
