pop size : 10000, betaG : 0.08500, lambdaH : 0.10000, lambdaW : 0.00100, gamma : 0.12500, Tmax : 150.00, threshold of infected : 0.010
0.37 0.32 0.13 0.12 0.04 0.02 
0.2192 0.12 0.08 0.06 0.05 0.045 0.04 0.035 0.03 0.02 0.02 0.02 0.015 0.015 0.015 0.015 0.001 0.001 0.001 0.001 0.001 0.001 0.001 0.001 0.001 0.001 0.001 0.001 0.001 0.001 0.001 0.001 0.001 0.001 0.001 0.001 0.001 0.001 0.001 0.001 0.001 0.0001 0.0001 0.0001 0.0001 0.0001 0.0001 0.0001 0.0001 0.175 
Proportion of infected at cutoff : 0.0100
Proportion of susceptibles at cutoff : 0.9780
(9,0) : 20
(13,0) : 7
(14,0) : 11
(50,0) : 46
(47,2) : 4
(5,0) : 33
(49,0) : 28
(49,1) : 19
(48,2) : 8
(8,0) : 22
(48,0) : 5
(15,0) : 9
(2,0) : 72
(48,1) : 10
(40,0) : 1
(4,0) : 38
(3,0) : 47
(7,0) : 36
(12,0) : 9
(47,0) : 1
(22,0) : 2
(47,1) : 5
(47,3) : 1
(19,0) : 2
(20,0) : 2
(1,0) : 165
(11,0) : 17
(34,0) : 1
(14,1) : 2
(46,1) : 2
(43,4) : 1
(10,0) : 7
(6,0) : 29
(46,2) : 4
(31,0) : 2
(37,0) : 2
(43,5) : 1
(40,1) : 1
(12,1) : 1
(16,0) : 6
(46,3) : 1
(28,0) : 1
(30,0) : 1
(13,1) : 2
(17,0) : 1
(39,1) : 1
(45,0) : 1
(11,1) : 2
(33,0) : 2
(45,2) : 1
(10,1) : 1
(9,1) : 1
(3,1) : 3
(0,0) : 3
(0,1) : 1
