pop size : 10000, betaG : 0.08500, lambdaH : 0.10000, lambdaW : 0.00100, gamma : 0.12500, Tmax : 150.00, threshold of infected : 0.010
0.37 0.32 0.13 0.12 0.04 0.02 
0.2192 0.12 0.08 0.06 0.05 0.045 0.04 0.035 0.03 0.02 0.02 0.02 0.015 0.015 0.015 0.015 0.001 0.001 0.001 0.001 0.001 0.001 0.001 0.001 0.001 0.001 0.001 0.001 0.001 0.001 0.001 0.001 0.001 0.001 0.001 0.001 0.001 0.001 0.001 0.001 0.001 0.0001 0.0001 0.0001 0.0001 0.0001 0.0001 0.0001 0.0001 0.175 
Proportion of infected at cutoff : 0.0100
Proportion of susceptibles at cutoff : 0.9810
(15,0) : 10
(49,0) : 25
(50,0) : 51
(43,3) : 1
(49,1) : 23
(1,0) : 169
(36,2) : 1
(47,2) : 3
(2,0) : 75
(14,0) : 8
(10,0) : 18
(39,2) : 1
(31,1) : 1
(48,2) : 7
(13,1) : 2
(5,0) : 43
(6,0) : 26
(7,0) : 25
(9,0) : 23
(11,0) : 18
(48,0) : 5
(6,1) : 1
(28,0) : 2
(47,1) : 4
(47,0) : 4
(12,0) : 13
(16,0) : 7
(13,0) : 17
(47,3) : 2
(21,0) : 1
(35,0) : 1
(39,0) : 1
(43,5) : 1
(46,3) : 1
(28,2) : 1
(8,0) : 22
(4,0) : 35
(19,0) : 1
(3,0) : 47
(38,0) : 1
(36,3) : 1
(8,1) : 1
(14,1) : 1
(22,0) : 1
(38,1) : 1
(45,3) : 1
(15,1) : 1
(30,0) : 1
(20,0) : 1
(24,0) : 1
(10,1) : 1
(36,0) : 1
(33,0) : 2
(45,4) : 1
(32,0) : 1
(17,0) : 1
(13,2) : 1
(5,1) : 2
(23,1) : 1
(12,1) : 1
(25,0) : 1
(7,1) : 1
(3,1) : 2
(1,1) : 1
(2,1) : 1
(0,0) : 1
