pop size : 10000, betaG : 0.08500, lambdaH : 0.10000, lambdaW : 0.00100, gamma : 0.12500, Tmax : 150.00, threshold of infected : 0.010
0.37 0.32 0.13 0.12 0.04 0.02 
0.2192 0.12 0.08 0.06 0.05 0.045 0.04 0.035 0.03 0.02 0.02 0.02 0.015 0.015 0.015 0.015 0.001 0.001 0.001 0.001 0.001 0.001 0.001 0.001 0.001 0.001 0.001 0.001 0.001 0.001 0.001 0.001 0.001 0.001 0.001 0.001 0.001 0.001 0.001 0.001 0.001 0.0001 0.0001 0.0001 0.0001 0.0001 0.0001 0.0001 0.0001 0.175 
Proportion of infected at cutoff : 0.0100
Proportion of susceptibles at cutoff : 0.9795
(50,0) : 59
(49,0) : 14
(42,2) : 1
(29,0) : 1
(11,1) : 2
(49,1) : 18
(16,0) : 8
(39,0) : 1
(48,0) : 5
(4,0) : 44
(12,1) : 1
(47,0) : 2
(47,2) : 2
(1,0) : 168
(14,0) : 17
(48,2) : 8
(47,3) : 2
(18,0) : 1
(13,0) : 6
(8,0) : 19
(44,3) : 1
(46,2) : 2
(7,0) : 27
(10,1) : 2
(2,0) : 83
(11,0) : 11
(38,0) : 1
(35,0) : 1
(26,0) : 2
(3,0) : 47
(5,0) : 37
(46,1) : 1
(48,1) : 6
(15,0) : 15
(12,0) : 12
(6,0) : 32
(46,0) : 1
(33,0) : 1
(9,0) : 29
(10,0) : 11
(31,1) : 2
(46,3) : 1
(47,1) : 7
(34,0) : 1
(37,1) : 1
(13,1) : 3
(21,2) : 1
(6,2) : 1
(25,0) : 1
(40,0) : 1
(46,4) : 1
(20,0) : 1
(28,0) : 1
(32,0) : 1
(3,1) : 1
(14,1) : 2
(4,1) : 1
(8,1) : 1
(15,1) : 1
(0,1) : 1
(9,1) : 1
(2,1) : 2
(5,1) : 1
(0,0) : 1
