pop size : 10000, betaG : 0.08500, lambdaH : 0.10000, lambdaW : 0.00100, gamma : 0.12500, Tmax : 150.00, threshold of infected : 0.010
0.37 0.32 0.13 0.12 0.04 0.02 
0.2192 0.12 0.08 0.06 0.05 0.045 0.04 0.035 0.03 0.02 0.02 0.02 0.015 0.015 0.015 0.015 0.001 0.001 0.001 0.001 0.001 0.001 0.001 0.001 0.001 0.001 0.001 0.001 0.001 0.001 0.001 0.001 0.001 0.001 0.001 0.001 0.001 0.001 0.001 0.001 0.001 0.0001 0.0001 0.0001 0.0001 0.0001 0.0001 0.0001 0.0001 0.175 
Proportion of infected at cutoff : 0.0100
Proportion of susceptibles at cutoff : 0.9798
(14,0) : 9
(49,0) : 18
(50,0) : 53
(5,0) : 32
(7,1) : 3
(13,0) : 14
(15,0) : 11
(1,0) : 189
(48,0) : 5
(48,2) : 6
(49,1) : 21
(9,0) : 27
(7,0) : 34
(6,0) : 35
(12,0) : 16
(8,0) : 23
(10,0) : 17
(47,2) : 5
(48,1) : 9
(18,0) : 1
(17,0) : 2
(47,1) : 6
(19,0) : 1
(4,0) : 47
(13,1) : 2
(43,6) : 1
(30,0) : 1
(10,1) : 2
(16,0) : 10
(32,0) : 1
(3,0) : 70
(31,1) : 1
(44,1) : 1
(2,0) : 95
(47,3) : 1
(27,1) : 1
(35,0) : 1
(40,0) : 1
(5,1) : 3
(11,0) : 18
(22,2) : 1
(45,1) : 1
(35,1) : 1
(36,1) : 1
(6,1) : 2
(47,0) : 1
(9,1) : 1
(4,1) : 2
(11,1) : 1
(29,0) : 1
(2,1) : 1
(8,1) : 1
(3,1) : 2
(0,0) : 3
(1,1) : 3
(0,1) : 2
