pop size : 10000, betaG : 0.08500, lambdaH : 0.10000, lambdaW : 0.00100, gamma : 0.12500, Tmax : 150.00, threshold of infected : 0.010
0.37 0.32 0.13 0.12 0.04 0.02 
0.2192 0.12 0.08 0.06 0.05 0.045 0.04 0.035 0.03 0.02 0.02 0.02 0.015 0.015 0.015 0.015 0.001 0.001 0.001 0.001 0.001 0.001 0.001 0.001 0.001 0.001 0.001 0.001 0.001 0.001 0.001 0.001 0.001 0.001 0.001 0.001 0.001 0.001 0.001 0.001 0.001 0.0001 0.0001 0.0001 0.0001 0.0001 0.0001 0.0001 0.0001 0.175 
Proportion of infected at cutoff : 0.0100
Proportion of susceptibles at cutoff : 0.9735
(50,0) : 47
(47,1) : 6
(35,0) : 1
(49,0) : 27
(46,3) : 1
(10,0) : 15
(47,0) : 3
(37,0) : 2
(2,0) : 75
(48,1) : 9
(43,1) : 1
(48,0) : 7
(3,0) : 62
(45,2) : 2
(6,0) : 27
(9,0) : 21
(5,0) : 50
(36,1) : 2
(8,0) : 17
(4,0) : 45
(4,1) : 3
(49,1) : 13
(24,0) : 1
(43,6) : 1
(45,1) : 4
(7,0) : 18
(1,0) : 162
(12,0) : 11
(30,3) : 1
(44,0) : 2
(47,2) : 2
(48,2) : 4
(32,1) : 1
(38,0) : 2
(15,0) : 15
(11,0) : 10
(46,1) : 2
(13,3) : 1
(32,0) : 1
(16,0) : 7
(37,1) : 1
(21,0) : 1
(29,0) : 1
(13,0) : 4
(14,1) : 2
(19,0) : 2
(44,5) : 1
(25,0) : 1
(45,3) : 1
(28,0) : 1
(26,0) : 1
(15,1) : 2
(1,1) : 3
(14,0) : 5
(11,1) : 1
(30,1) : 1
(28,1) : 1
(26,1) : 1
(44,2) : 1
(5,1) : 1
(36,0) : 1
(18,0) : 1
(10,2) : 1
(0,0) : 1
(7,1) : 1
(3,1) : 1
(2,1) : 1
