pop size : 10000, betaG : 0.08500, lambdaH : 0.10000, lambdaW : 0.00100, gamma : 0.12500, Tmax : 150.00, threshold of infected : 0.010
0.37 0.32 0.13 0.12 0.04 0.02 
0.2192 0.12 0.08 0.06 0.05 0.045 0.04 0.035 0.03 0.02 0.02 0.02 0.015 0.015 0.015 0.015 0.001 0.001 0.001 0.001 0.001 0.001 0.001 0.001 0.001 0.001 0.001 0.001 0.001 0.001 0.001 0.001 0.001 0.001 0.001 0.001 0.001 0.001 0.001 0.001 0.001 0.0001 0.0001 0.0001 0.0001 0.0001 0.0001 0.0001 0.0001 0.175 
Proportion of infected at cutoff : 0.0100
Proportion of susceptibles at cutoff : 0.9806
(8,0) : 23
(47,3) : 4
(49,0) : 24
(12,0) : 11
(14,0) : 11
(50,0) : 57
(45,4) : 1
(10,0) : 17
(46,0) : 1
(34,1) : 1
(49,1) : 21
(5,0) : 43
(47,1) : 6
(2,0) : 89
(6,0) : 32
(4,0) : 35
(7,0) : 30
(3,0) : 48
(16,0) : 6
(46,2) : 2
(15,0) : 15
(44,1) : 1
(47,2) : 2
(9,0) : 19
(48,2) : 3
(48,1) : 6
(48,0) : 2
(28,0) : 1
(34,0) : 1
(45,3) : 1
(45,1) : 1
(30,0) : 2
(32,0) : 1
(1,1) : 2
(11,0) : 5
(29,0) : 1
(45,0) : 1
(1,0) : 179
(19,0) : 1
(6,2) : 1
(21,0) : 2
(6,1) : 1
(31,0) : 2
(26,0) : 1
(25,0) : 1
(9,1) : 1
(15,1) : 1
(7,1) : 2
(8,1) : 2
(13,0) : 10
(23,1) : 1
(26,1) : 1
(5,1) : 3
(33,0) : 1
(22,0) : 1
(36,0) : 1
(12,1) : 1
(40,0) : 1
(10,1) : 3
(11,1) : 1
(0,1) : 5
(4,1) : 2
(2,1) : 2
(3,1) : 1
