pop size : 10000, betaG : 0.08500, lambdaH : 0.10000, lambdaW : 0.00100, gamma : 0.12500, Tmax : 150.00, threshold of infected : 0.010
0.37 0.32 0.13 0.12 0.04 0.02 
0.2192 0.12 0.08 0.06 0.05 0.045 0.04 0.035 0.03 0.02 0.02 0.02 0.015 0.015 0.015 0.015 0.001 0.001 0.001 0.001 0.001 0.001 0.001 0.001 0.001 0.001 0.001 0.001 0.001 0.001 0.001 0.001 0.001 0.001 0.001 0.001 0.001 0.001 0.001 0.001 0.001 0.0001 0.0001 0.0001 0.0001 0.0001 0.0001 0.0001 0.0001 0.175 
Proportion of infected at cutoff : 0.0100
Proportion of susceptibles at cutoff : 0.9774
(50,0) : 52
(46,3) : 2
(24,1) : 1
(12,0) : 14
(9,0) : 15
(8,0) : 21
(47,1) : 7
(34,0) : 1
(5,0) : 35
(49,1) : 15
(47,2) : 3
(16,0) : 8
(14,1) : 3
(49,0) : 28
(34,1) : 1
(46,2) : 1
(15,0) : 11
(14,0) : 10
(44,4) : 1
(1,0) : 152
(48,2) : 7
(11,0) : 11
(6,0) : 31
(48,0) : 3
(3,0) : 48
(2,0) : 76
(26,0) : 2
(17,0) : 5
(12,1) : 1
(45,2) : 2
(7,0) : 31
(48,1) : 6
(4,0) : 46
(10,0) : 13
(13,0) : 14
(44,5) : 1
(45,3) : 1
(39,0) : 1
(24,0) : 2
(46,1) : 1
(44,0) : 1
(28,0) : 1
(23,0) : 1
(35,0) : 1
(36,0) : 1
(30,0) : 1
(5,1) : 6
(47,0) : 1
(47,3) : 1
(32,0) : 1
(40,0) : 1
(9,1) : 1
(0,1) : 1
(7,1) : 5
(11,1) : 1
(10,1) : 1
(8,1) : 1
(0,0) : 3
(33,0) : 1
(4,1) : 1
(3,1) : 1
