pop size : 10000, betaG : 0.08500, lambdaH : 0.10000, lambdaW : 0.00100, gamma : 0.12500, Tmax : 150.00, threshold of infected : 0.010
0.37 0.32 0.13 0.12 0.04 0.02 
0.2192 0.12 0.08 0.06 0.05 0.045 0.04 0.035 0.03 0.02 0.02 0.02 0.015 0.015 0.015 0.015 0.001 0.001 0.001 0.001 0.001 0.001 0.001 0.001 0.001 0.001 0.001 0.001 0.001 0.001 0.001 0.001 0.001 0.001 0.001 0.001 0.001 0.001 0.001 0.001 0.001 0.0001 0.0001 0.0001 0.0001 0.0001 0.0001 0.0001 0.0001 0.175 
Proportion of infected at cutoff : 0.0100
Proportion of susceptibles at cutoff : 0.9809
(48,2) : 10
(48,0) : 3
(2,0) : 88
(50,0) : 54
(35,0) : 2
(4,0) : 39
(37,0) : 1
(11,0) : 11
(49,1) : 24
(39,0) : 2
(9,0) : 20
(7,0) : 32
(49,0) : 19
(12,0) : 8
(16,0) : 10
(1,0) : 163
(48,1) : 7
(47,1) : 4
(13,0) : 17
(30,1) : 1
(12,1) : 1
(46,1) : 1
(10,0) : 7
(47,3) : 1
(5,0) : 39
(14,0) : 16
(3,0) : 66
(8,0) : 16
(38,0) : 1
(6,0) : 31
(44,1) : 1
(46,3) : 2
(40,3) : 1
(28,0) : 1
(47,0) : 2
(10,1) : 3
(24,0) : 1
(14,1) : 1
(18,0) : 1
(46,0) : 1
(15,0) : 12
(41,0) : 2
(35,2) : 1
(32,0) : 1
(45,5) : 1
(23,0) : 1
(22,0) : 1
(21,1) : 1
(29,0) : 1
(27,1) : 1
(7,1) : 2
(9,1) : 1
(1,1) : 3
(4,1) : 1
(26,1) : 1
(0,1) : 3
(2,1) : 1
(5,2) : 1
(6,1) : 1
(3,1) : 1
(0,0) : 1
