pop size : 10000, betaG : 0.08500, lambdaH : 0.10000, lambdaW : 0.00100, gamma : 0.12500, Tmax : 150.00, threshold of infected : 0.010
0.37 0.32 0.13 0.12 0.04 0.02 
0.2192 0.12 0.08 0.06 0.05 0.045 0.04 0.035 0.03 0.02 0.02 0.02 0.015 0.015 0.015 0.015 0.001 0.001 0.001 0.001 0.001 0.001 0.001 0.001 0.001 0.001 0.001 0.001 0.001 0.001 0.001 0.001 0.001 0.001 0.001 0.001 0.001 0.001 0.001 0.001 0.001 0.0001 0.0001 0.0001 0.0001 0.0001 0.0001 0.0001 0.0001 0.175 
Proportion of infected at cutoff : 0.0100
Proportion of susceptibles at cutoff : 0.9840
(50,0) : 72
(49,0) : 16
(48,2) : 3
(9,0) : 23
(2,0) : 81
(48,1) : 4
(3,0) : 54
(8,0) : 28
(46,4) : 3
(47,2) : 3
(24,0) : 1
(10,0) : 16
(15,0) : 10
(16,0) : 10
(45,5) : 2
(49,1) : 17
(47,3) : 1
(46,3) : 2
(17,1) : 1
(8,1) : 4
(6,0) : 24
(33,0) : 3
(26,0) : 2
(28,0) : 1
(47,1) : 3
(12,0) : 9
(11,0) : 23
(4,0) : 48
(9,2) : 1
(23,0) : 2
(15,1) : 1
(29,0) : 1
(48,0) : 2
(10,1) : 1
(7,0) : 27
(46,0) : 1
(25,0) : 1
(13,2) : 1
(1,0) : 179
(5,0) : 37
(13,0) : 10
(46,1) : 1
(14,0) : 8
(20,0) : 1
(19,0) : 1
(5,1) : 3
(9,1) : 1
(41,0) : 1
(31,1) : 1
(7,1) : 2
(27,0) : 1
(46,2) : 1
(3,1) : 2
(11,1) : 2
(36,0) : 1
(14,2) : 1
(13,1) : 2
(6,1) : 1
(2,1) : 1
(0,1) : 2
