pop size : 10000, betaG : 0.08500, lambdaH : 0.10000, lambdaW : 0.00100, gamma : 0.12500, Tmax : 150.00, threshold of infected : 0.010
0.37 0.32 0.13 0.12 0.04 0.02 
0.2192 0.12 0.08 0.06 0.05 0.045 0.04 0.035 0.03 0.02 0.02 0.02 0.015 0.015 0.015 0.015 0.001 0.001 0.001 0.001 0.001 0.001 0.001 0.001 0.001 0.001 0.001 0.001 0.001 0.001 0.001 0.001 0.001 0.001 0.001 0.001 0.001 0.001 0.001 0.001 0.001 0.0001 0.0001 0.0001 0.0001 0.0001 0.0001 0.0001 0.0001 0.175 
Proportion of infected at cutoff : 0.0100
Proportion of susceptibles at cutoff : 0.9801
(50,0) : 57
(49,1) : 26
(45,3) : 1
(10,1) : 2
(46,3) : 3
(48,0) : 5
(15,0) : 15
(37,0) : 1
(4,0) : 53
(6,0) : 27
(49,0) : 19
(33,0) : 1
(1,0) : 174
(5,0) : 39
(14,0) : 12
(13,0) : 8
(2,0) : 96
(40,0) : 2
(47,3) : 1
(3,0) : 61
(7,0) : 26
(12,0) : 8
(47,2) : 3
(48,2) : 6
(8,1) : 3
(35,0) : 1
(11,0) : 14
(10,0) : 8
(16,0) : 10
(46,0) : 1
(8,0) : 17
(5,1) : 2
(9,0) : 22
(12,1) : 2
(21,0) : 1
(34,3) : 1
(36,1) : 1
(45,1) : 1
(46,1) : 3
(15,1) : 2
(46,2) : 1
(44,0) : 1
(44,3) : 1
(27,0) : 1
(29,0) : 1
(24,0) : 2
(23,0) : 2
(45,2) : 1
(47,1) : 2
(26,1) : 1
(11,1) : 2
(28,0) : 1
(24,1) : 1
(6,1) : 2
(22,0) : 1
(0,1) : 2
(22,1) : 1
(4,1) : 1
(19,0) : 1
(2,1) : 2
(7,1) : 1
(0,0) : 1
