pop size : 10000, betaG : 0.08500, lambdaH : 0.10000, lambdaW : 0.00100, gamma : 0.12500, Tmax : 150.00, threshold of infected : 0.010
0.37 0.32 0.13 0.12 0.04 0.02 
0.2192 0.12 0.08 0.06 0.05 0.045 0.04 0.035 0.03 0.02 0.02 0.02 0.015 0.015 0.015 0.015 0.001 0.001 0.001 0.001 0.001 0.001 0.001 0.001 0.001 0.001 0.001 0.001 0.001 0.001 0.001 0.001 0.001 0.001 0.001 0.001 0.001 0.001 0.001 0.001 0.001 0.0001 0.0001 0.0001 0.0001 0.0001 0.0001 0.0001 0.0001 0.175 
Proportion of infected at cutoff : 0.0100
Proportion of susceptibles at cutoff : 0.9776
(49,1) : 22
(50,0) : 49
(48,1) : 6
(4,0) : 44
(49,0) : 22
(6,0) : 25
(10,0) : 19
(47,1) : 6
(3,0) : 64
(1,0) : 168
(46,0) : 2
(41,0) : 1
(48,0) : 7
(15,0) : 9
(48,2) : 6
(46,1) : 1
(5,0) : 31
(46,3) : 2
(40,0) : 1
(9,0) : 23
(31,0) : 1
(17,0) : 1
(39,0) : 1
(47,0) : 1
(45,3) : 1
(16,0) : 7
(11,0) : 10
(13,0) : 4
(2,0) : 97
(32,1) : 1
(46,2) : 1
(12,0) : 18
(4,1) : 3
(1,1) : 2
(29,0) : 1
(27,0) : 2
(47,3) : 2
(7,0) : 24
(35,4) : 1
(26,1) : 1
(28,0) : 2
(19,0) : 2
(13,1) : 1
(8,0) : 20
(14,0) : 12
(11,1) : 1
(9,1) : 2
(5,1) : 2
(18,0) : 2
(47,2) : 2
(21,0) : 1
(34,0) : 2
(44,3) : 1
(24,0) : 1
(32,0) : 1
(14,1) : 1
(36,1) : 1
(38,0) : 1
(6,1) : 3
(0,0) : 2
(10,1) : 1
(7,1) : 1
(3,1) : 1
(8,1) : 1
(2,1) : 2
(0,1) : 1
