pop size : 10000, betaG : 0.08500, lambdaH : 0.10000, lambdaW : 0.00100, gamma : 0.12500, Tmax : 150.00, threshold of infected : 0.010
0.37 0.32 0.13 0.12 0.04 0.02 
0.2192 0.12 0.08 0.06 0.05 0.045 0.04 0.035 0.03 0.02 0.02 0.02 0.015 0.015 0.015 0.015 0.001 0.001 0.001 0.001 0.001 0.001 0.001 0.001 0.001 0.001 0.001 0.001 0.001 0.001 0.001 0.001 0.001 0.001 0.001 0.001 0.001 0.001 0.001 0.001 0.001 0.0001 0.0001 0.0001 0.0001 0.0001 0.0001 0.0001 0.0001 0.175 
Proportion of infected at cutoff : 0.0100
Proportion of susceptibles at cutoff : 0.9812
(50,0) : 52
(12,0) : 24
(49,1) : 25
(49,0) : 15
(3,0) : 66
(48,2) : 5
(13,0) : 10
(14,0) : 15
(2,0) : 109
(48,1) : 6
(47,2) : 3
(10,0) : 15
(15,0) : 15
(11,0) : 12
(32,0) : 1
(48,0) : 6
(5,0) : 35
(16,0) : 8
(47,1) : 3
(6,0) : 34
(23,0) : 3
(47,3) : 3
(7,0) : 23
(46,3) : 1
(6,1) : 4
(43,2) : 1
(36,0) : 2
(41,0) : 1
(13,1) : 2
(28,0) : 2
(4,2) : 1
(9,0) : 20
(38,1) : 1
(1,0) : 164
(4,0) : 40
(9,1) : 3
(46,2) : 1
(45,3) : 1
(47,0) : 2
(25,0) : 1
(11,1) : 1
(46,4) : 1
(15,1) : 1
(33,0) : 1
(40,0) : 1
(18,0) : 1
(32,1) : 1
(34,1) : 1
(8,0) : 28
(39,0) : 1
(19,0) : 1
(29,0) : 1
(7,1) : 3
(10,1) : 3
(3,1) : 1
(2,1) : 2
(4,1) : 1
(0,1) : 1
(0,0) : 1
