pop size : 10000, betaG : 0.08500, lambdaH : 0.10000, lambdaW : 0.00100, gamma : 0.12500, Tmax : 150.00, threshold of infected : 0.010
0.37 0.32 0.13 0.12 0.04 0.02 
0.2192 0.12 0.08 0.06 0.05 0.045 0.04 0.035 0.03 0.02 0.02 0.02 0.015 0.015 0.015 0.015 0.001 0.001 0.001 0.001 0.001 0.001 0.001 0.001 0.001 0.001 0.001 0.001 0.001 0.001 0.001 0.001 0.001 0.001 0.001 0.001 0.001 0.001 0.001 0.001 0.001 0.0001 0.0001 0.0001 0.0001 0.0001 0.0001 0.0001 0.0001 0.175 
Proportion of infected at cutoff : 0.0100
Proportion of susceptibles at cutoff : 0.9816
(10,0) : 11
(1,0) : 171
(16,0) : 12
(49,1) : 15
(50,0) : 54
(49,0) : 21
(15,0) : 9
(48,2) : 10
(47,2) : 2
(12,0) : 20
(48,1) : 2
(47,3) : 5
(46,2) : 2
(7,0) : 32
(6,0) : 46
(9,0) : 23
(38,1) : 1
(3,0) : 65
(25,0) : 2
(13,0) : 9
(22,0) : 1
(11,0) : 21
(20,2) : 1
(29,0) : 1
(21,0) : 1
(46,4) : 1
(5,0) : 44
(7,1) : 2
(48,0) : 8
(8,0) : 24
(37,0) : 1
(17,0) : 2
(5,1) : 3
(47,1) : 2
(14,0) : 12
(33,2) : 1
(35,0) : 1
(2,0) : 98
(34,1) : 1
(12,1) : 3
(4,0) : 44
(20,0) : 1
(34,0) : 3
(39,0) : 1
(9,1) : 2
(46,1) : 1
(26,0) : 1
(3,1) : 2
(13,1) : 2
(12,3) : 1
(46,3) : 1
(14,1) : 1
(2,1) : 3
(1,1) : 2
(0,1) : 1
(0,0) : 1
