pop size : 10000, betaG : 0.08500, lambdaH : 0.10000, lambdaW : 0.00100, gamma : 0.12500, Tmax : 150.00, threshold of infected : 0.010
0.37 0.32 0.13 0.12 0.04 0.02 
0.2192 0.12 0.08 0.06 0.05 0.045 0.04 0.035 0.03 0.02 0.02 0.02 0.015 0.015 0.015 0.015 0.001 0.001 0.001 0.001 0.001 0.001 0.001 0.001 0.001 0.001 0.001 0.001 0.001 0.001 0.001 0.001 0.001 0.001 0.001 0.001 0.001 0.001 0.001 0.001 0.001 0.0001 0.0001 0.0001 0.0001 0.0001 0.0001 0.0001 0.0001 0.175 
Proportion of infected at cutoff : 0.0100
Proportion of susceptibles at cutoff : 0.9743
(48,2) : 4
(33,0) : 2
(50,0) : 43
(30,0) : 3
(14,0) : 11
(4,1) : 2
(48,0) : 15
(47,0) : 2
(10,0) : 13
(13,0) : 13
(49,0) : 22
(49,1) : 12
(39,0) : 1
(47,2) : 7
(44,5) : 1
(9,0) : 21
(7,0) : 31
(37,0) : 1
(46,0) : 2
(47,1) : 6
(24,0) : 1
(37,1) : 1
(5,0) : 43
(48,1) : 5
(4,0) : 46
(6,0) : 28
(8,0) : 28
(25,0) : 2
(3,0) : 60
(2,0) : 88
(38,2) : 1
(12,0) : 17
(15,0) : 8
(1,0) : 163
(46,1) : 3
(6,1) : 1
(17,0) : 2
(45,3) : 1
(11,0) : 14
(27,0) : 1
(34,0) : 1
(23,0) : 2
(11,1) : 4
(44,4) : 1
(39,2) : 2
(46,4) : 1
(23,1) : 1
(16,0) : 5
(47,3) : 1
(19,0) : 2
(10,1) : 1
(13,2) : 1
(7,1) : 2
(1,1) : 3
(13,1) : 3
(45,1) : 1
(2,1) : 1
(21,0) : 1
(8,1) : 1
(9,1) : 1
(3,1) : 1
(1,2) : 1
(0,0) : 3
