pop size : 10000, betaG : 0.08500, lambdaH : 0.10000, lambdaW : 0.00100, gamma : 0.12500, Tmax : 150.00, threshold of infected : 0.010
0.37 0.32 0.13 0.12 0.04 0.02 
0.2192 0.12 0.08 0.06 0.05 0.045 0.04 0.035 0.03 0.02 0.02 0.02 0.015 0.015 0.015 0.015 0.001 0.001 0.001 0.001 0.001 0.001 0.001 0.001 0.001 0.001 0.001 0.001 0.001 0.001 0.001 0.001 0.001 0.001 0.001 0.001 0.001 0.001 0.001 0.001 0.001 0.0001 0.0001 0.0001 0.0001 0.0001 0.0001 0.0001 0.0001 0.175 
Proportion of infected at cutoff : 0.0100
Proportion of susceptibles at cutoff : 0.9765
(50,0) : 46
(33,0) : 1
(14,0) : 10
(47,0) : 6
(6,0) : 31
(8,0) : 31
(48,1) : 5
(7,0) : 35
(48,2) : 8
(49,0) : 30
(48,0) : 4
(4,0) : 37
(46,4) : 1
(46,3) : 1
(11,0) : 10
(49,1) : 18
(15,0) : 8
(46,0) : 2
(22,0) : 2
(9,0) : 23
(16,0) : 4
(5,0) : 39
(28,0) : 1
(2,0) : 73
(3,0) : 69
(6,1) : 2
(30,0) : 1
(1,0) : 175
(13,0) : 12
(47,3) : 3
(12,0) : 12
(18,0) : 1
(40,0) : 1
(44,5) : 1
(46,1) : 3
(14,1) : 1
(46,2) : 3
(45,0) : 1
(24,0) : 2
(10,1) : 3
(45,2) : 1
(32,0) : 1
(4,1) : 3
(47,1) : 2
(47,2) : 1
(10,0) : 9
(26,1) : 1
(12,1) : 2
(25,0) : 1
(38,1) : 1
(7,2) : 1
(38,0) : 1
(9,1) : 2
(15,1) : 1
(5,1) : 2
(8,2) : 1
(6,2) : 1
(0,0) : 1
(2,1) : 1
