pop size : 10000, betaG : 0.08500, lambdaH : 0.10000, lambdaW : 0.00100, gamma : 0.12500, Tmax : 150.00, threshold of infected : 0.010
0.37 0.32 0.13 0.12 0.04 0.02 
0.2192 0.12 0.08 0.06 0.05 0.045 0.04 0.035 0.03 0.02 0.02 0.02 0.015 0.015 0.015 0.015 0.001 0.001 0.001 0.001 0.001 0.001 0.001 0.001 0.001 0.001 0.001 0.001 0.001 0.001 0.001 0.001 0.001 0.001 0.001 0.001 0.001 0.001 0.001 0.001 0.001 0.0001 0.0001 0.0001 0.0001 0.0001 0.0001 0.0001 0.0001 0.175 
Proportion of infected at cutoff : 0.0100
Proportion of susceptibles at cutoff : 0.9791
(48,1) : 13
(2,0) : 89
(50,0) : 46
(6,0) : 37
(11,1) : 3
(49,0) : 22
(45,1) : 2
(9,0) : 22
(46,1) : 1
(47,0) : 1
(10,0) : 20
(7,0) : 34
(49,1) : 14
(47,2) : 6
(5,0) : 45
(27,0) : 2
(4,0) : 52
(1,0) : 164
(38,1) : 1
(3,0) : 64
(35,0) : 1
(21,0) : 3
(48,2) : 4
(43,6) : 1
(15,0) : 9
(17,0) : 1
(38,0) : 1
(8,0) : 29
(46,2) : 1
(16,0) : 14
(48,0) : 2
(27,1) : 1
(13,0) : 6
(33,0) : 1
(37,0) : 2
(24,0) : 3
(45,2) : 1
(12,0) : 20
(11,0) : 9
(47,1) : 1
(5,2) : 2
(44,5) : 1
(45,0) : 1
(14,0) : 8
(30,0) : 1
(29,1) : 1
(23,0) : 1
(28,0) : 1
(41,3) : 1
(34,0) : 1
(29,0) : 1
(32,1) : 1
(39,1) : 1
(6,1) : 3
(33,1) : 1
(5,1) : 1
(31,1) : 1
(22,0) : 1
(23,1) : 1
(37,1) : 1
(44,0) : 1
(14,1) : 1
(7,1) : 3
(46,0) : 1
(18,0) : 1
(19,0) : 1
(15,1) : 1
(2,1) : 3
(3,1) : 1
(0,0) : 1
(1,1) : 1
(0,1) : 1
