pop size : 10000, betaG : 0.08500, lambdaH : 0.10000, lambdaW : 0.00100, gamma : 0.12500, Tmax : 150.00, threshold of infected : 0.010
0.37 0.32 0.13 0.12 0.04 0.02 
0.2192 0.12 0.08 0.06 0.05 0.045 0.04 0.035 0.03 0.02 0.02 0.02 0.015 0.015 0.015 0.015 0.001 0.001 0.001 0.001 0.001 0.001 0.001 0.001 0.001 0.001 0.001 0.001 0.001 0.001 0.001 0.001 0.001 0.001 0.001 0.001 0.001 0.001 0.001 0.001 0.001 0.0001 0.0001 0.0001 0.0001 0.0001 0.0001 0.0001 0.0001 0.175 
Proportion of infected at cutoff : 0.0100
Proportion of susceptibles at cutoff : 0.9738
(48,0) : 9
(47,1) : 4
(48,2) : 5
(39,0) : 1
(49,1) : 12
(9,0) : 13
(50,0) : 48
(49,0) : 26
(45,1) : 2
(43,4) : 1
(4,0) : 38
(46,3) : 3
(6,0) : 37
(8,0) : 24
(14,0) : 10
(16,0) : 13
(7,0) : 20
(25,0) : 1
(36,0) : 1
(48,1) : 8
(11,0) : 20
(33,0) : 1
(26,0) : 1
(22,0) : 1
(2,0) : 83
(40,3) : 1
(46,2) : 3
(12,0) : 11
(47,0) : 4
(47,2) : 4
(37,1) : 1
(15,0) : 13
(1,0) : 187
(3,0) : 52
(30,1) : 1
(45,2) : 1
(13,0) : 5
(46,4) : 2
(35,0) : 1
(10,0) : 11
(10,1) : 2
(32,0) : 1
(17,0) : 1
(28,0) : 1
(5,0) : 29
(31,0) : 1
(46,1) : 1
(38,0) : 1
(13,1) : 2
(12,2) : 1
(21,1) : 1
(29,0) : 1
(27,0) : 1
(0,1) : 2
(7,1) : 1
(22,1) : 1
(35,1) : 1
(8,2) : 1
(8,1) : 3
(3,1) : 2
(2,1) : 1
(0,0) : 3
(9,1) : 1
