pop size : 10000, betaG : 0.08500, lambdaH : 0.10000, lambdaW : 0.00100, gamma : 0.12500, Tmax : 150.00, threshold of infected : 0.010
0.37 0.32 0.13 0.12 0.04 0.02 
0.2192 0.12 0.08 0.06 0.05 0.045 0.04 0.035 0.03 0.02 0.02 0.02 0.015 0.015 0.015 0.015 0.001 0.001 0.001 0.001 0.001 0.001 0.001 0.001 0.001 0.001 0.001 0.001 0.001 0.001 0.001 0.001 0.001 0.001 0.001 0.001 0.001 0.001 0.001 0.001 0.001 0.0001 0.0001 0.0001 0.0001 0.0001 0.0001 0.0001 0.0001 0.175 
Proportion of infected at cutoff : 0.0100
Proportion of susceptibles at cutoff : 0.9748
(50,0) : 49
(48,1) : 8
(4,0) : 47
(11,0) : 15
(2,0) : 84
(47,0) : 3
(49,0) : 26
(49,1) : 18
(47,1) : 2
(13,0) : 13
(15,0) : 10
(46,0) : 2
(14,0) : 6
(1,0) : 166
(6,0) : 33
(46,3) : 2
(9,0) : 14
(23,0) : 1
(12,0) : 18
(24,0) : 1
(48,0) : 9
(8,0) : 22
(7,0) : 26
(26,0) : 2
(47,3) : 1
(16,0) : 7
(48,2) : 5
(10,0) : 9
(21,0) : 2
(3,0) : 48
(16,1) : 1
(46,2) : 1
(5,0) : 38
(45,1) : 1
(44,4) : 2
(43,0) : 1
(46,1) : 2
(37,1) : 1
(13,1) : 3
(45,2) : 1
(5,1) : 2
(1,1) : 4
(9,1) : 2
(45,3) : 1
(35,1) : 1
(45,0) : 1
(12,1) : 1
(43,5) : 1
(19,0) : 1
(44,0) : 1
(27,0) : 1
(30,2) : 1
(8,1) : 2
(28,0) : 1
(7,1) : 3
(3,2) : 1
(0,0) : 4
(31,0) : 1
(2,1) : 2
(35,0) : 1
(10,1) : 2
(14,2) : 1
