pop size : 10000, betaG : 0.08500, lambdaH : 0.10000, lambdaW : 0.00100, gamma : 0.12500, Tmax : 150.00, threshold of infected : 0.010
0.37 0.32 0.13 0.12 0.04 0.02 
0.2192 0.12 0.08 0.06 0.05 0.045 0.04 0.035 0.03 0.02 0.02 0.02 0.015 0.015 0.015 0.015 0.001 0.001 0.001 0.001 0.001 0.001 0.001 0.001 0.001 0.001 0.001 0.001 0.001 0.001 0.001 0.001 0.001 0.001 0.001 0.001 0.001 0.001 0.001 0.001 0.001 0.0001 0.0001 0.0001 0.0001 0.0001 0.0001 0.0001 0.0001 0.175 
Proportion of infected at cutoff : 0.0100
Proportion of susceptibles at cutoff : 0.9775
(48,0) : 7
(38,0) : 2
(50,0) : 60
(47,2) : 1
(49,0) : 27
(49,1) : 15
(10,1) : 1
(1,0) : 155
(32,0) : 1
(48,2) : 5
(48,1) : 13
(34,2) : 1
(6,0) : 36
(47,1) : 6
(12,0) : 6
(46,0) : 1
(46,2) : 3
(5,0) : 38
(14,0) : 9
(36,0) : 1
(10,0) : 13
(46,4) : 1
(4,0) : 45
(34,1) : 1
(2,0) : 79
(7,0) : 28
(16,0) : 6
(47,0) : 1
(47,3) : 2
(11,0) : 15
(9,0) : 14
(18,0) : 1
(15,0) : 3
(32,1) : 1
(8,0) : 18
(3,0) : 44
(15,1) : 1
(23,1) : 1
(19,2) : 1
(40,6) : 1
(43,5) : 1
(44,0) : 1
(9,1) : 1
(13,1) : 1
(1,1) : 2
(13,0) : 7
(7,1) : 3
(35,0) : 1
(6,1) : 2
(3,1) : 4
(14,1) : 1
(4,1) : 1
(12,1) : 1
(5,1) : 1
(0,1) : 1
