pop size : 10000, betaG : 0.08500, lambdaH : 0.10000, lambdaW : 0.00100, gamma : 0.12500, Tmax : 150.00, threshold of infected : 0.010
0.37 0.32 0.13 0.12 0.04 0.02 
0.2192 0.12 0.08 0.06 0.05 0.045 0.04 0.035 0.03 0.02 0.02 0.02 0.015 0.015 0.015 0.015 0.001 0.001 0.001 0.001 0.001 0.001 0.001 0.001 0.001 0.001 0.001 0.001 0.001 0.001 0.001 0.001 0.001 0.001 0.001 0.001 0.001 0.001 0.001 0.001 0.001 0.0001 0.0001 0.0001 0.0001 0.0001 0.0001 0.0001 0.0001 0.175 
Proportion of infected at cutoff : 0.0100
Proportion of susceptibles at cutoff : 0.9815
(12,0) : 12
(4,0) : 42
(47,0) : 3
(36,0) : 1
(45,0) : 1
(50,0) : 60
(10,2) : 1
(49,1) : 19
(38,0) : 1
(2,0) : 95
(7,0) : 33
(46,4) : 1
(49,0) : 22
(5,0) : 37
(47,1) : 4
(10,0) : 15
(9,0) : 22
(19,1) : 1
(45,4) : 1
(14,0) : 9
(13,0) : 9
(3,0) : 61
(1,0) : 162
(33,3) : 1
(23,0) : 2
(48,1) : 5
(10,1) : 3
(8,0) : 23
(25,0) : 1
(43,5) : 1
(31,0) : 1
(47,2) : 1
(46,3) : 2
(16,0) : 9
(11,0) : 15
(48,0) : 3
(29,0) : 1
(29,1) : 1
(12,1) : 1
(38,1) : 2
(33,0) : 1
(40,6) : 1
(13,1) : 2
(15,1) : 4
(46,2) : 1
(48,2) : 3
(18,0) : 3
(2,1) : 1
(6,0) : 28
(35,0) : 1
(15,0) : 7
(28,0) : 1
(46,1) : 1
(39,0) : 1
(17,0) : 1
(47,3) : 1
(8,1) : 1
(20,1) : 1
(25,1) : 1
(7,1) : 2
(11,1) : 2
(19,0) : 1
(0,1) : 1
(4,1) : 2
(1,1) : 2
(6,1) : 1
