pop size : 10000, betaG : 0.08500, lambdaH : 0.10000, lambdaW : 0.00100, gamma : 0.12500, Tmax : 150.00, threshold of infected : 0.010
0.37 0.32 0.13 0.12 0.04 0.02 
0.2192 0.12 0.08 0.06 0.05 0.045 0.04 0.035 0.03 0.02 0.02 0.02 0.015 0.015 0.015 0.015 0.001 0.001 0.001 0.001 0.001 0.001 0.001 0.001 0.001 0.001 0.001 0.001 0.001 0.001 0.001 0.001 0.001 0.001 0.001 0.001 0.001 0.001 0.001 0.001 0.001 0.0001 0.0001 0.0001 0.0001 0.0001 0.0001 0.0001 0.0001 0.175 
Proportion of infected at cutoff : 0.0100
Proportion of susceptibles at cutoff : 0.9740
(13,0) : 11
(2,0) : 112
(50,0) : 46
(33,0) : 1
(4,0) : 43
(46,0) : 2
(35,0) : 2
(15,0) : 9
(49,0) : 23
(5,0) : 40
(1,0) : 161
(47,3) : 2
(43,3) : 1
(30,0) : 1
(47,2) : 3
(48,0) : 9
(48,2) : 3
(7,0) : 31
(47,1) : 6
(6,0) : 30
(47,0) : 5
(3,0) : 61
(49,1) : 12
(10,1) : 4
(12,1) : 3
(18,0) : 3
(46,2) : 3
(45,2) : 3
(11,0) : 18
(48,1) : 7
(39,0) : 1
(44,3) : 1
(16,0) : 8
(44,2) : 1
(8,0) : 27
(21,0) : 1
(9,0) : 15
(10,0) : 18
(46,3) : 1
(45,0) : 1
(26,0) : 2
(17,0) : 2
(14,0) : 12
(31,0) : 1
(9,1) : 4
(35,2) : 1
(12,0) : 7
(2,1) : 3
(34,0) : 1
(45,3) : 1
(23,0) : 1
(15,1) : 1
(7,1) : 2
(8,1) : 1
(25,0) : 1
(6,1) : 2
(38,0) : 1
(5,1) : 1
(3,1) : 2
(0,1) : 4
(4,1) : 2
(0,0) : 1
