pop size : 10000, betaG : 0.08500, lambdaH : 0.10000, lambdaW : 0.00100, gamma : 0.12500, Tmax : 150.00, threshold of infected : 0.010
0.37 0.32 0.13 0.12 0.04 0.02 
0.2192 0.12 0.08 0.06 0.05 0.045 0.04 0.035 0.03 0.02 0.02 0.02 0.015 0.015 0.015 0.015 0.001 0.001 0.001 0.001 0.001 0.001 0.001 0.001 0.001 0.001 0.001 0.001 0.001 0.001 0.001 0.001 0.001 0.001 0.001 0.001 0.001 0.001 0.001 0.001 0.001 0.0001 0.0001 0.0001 0.0001 0.0001 0.0001 0.0001 0.0001 0.175 
Proportion of infected at cutoff : 0.0100
Proportion of susceptibles at cutoff : 0.9694
(49,0) : 25
(21,0) : 1
(49,1) : 14
(48,1) : 9
(10,0) : 11
(43,3) : 1
(50,0) : 34
(12,0) : 13
(48,0) : 14
(4,1) : 4
(2,0) : 83
(30,0) : 1
(7,0) : 23
(47,1) : 6
(46,1) : 4
(4,0) : 27
(16,0) : 15
(36,0) : 2
(8,0) : 26
(3,1) : 2
(33,1) : 1
(14,0) : 8
(31,0) : 2
(41,3) : 1
(22,0) : 2
(46,2) : 1
(23,0) : 1
(5,0) : 31
(13,0) : 9
(2,1) : 3
(3,0) : 49
(15,0) : 11
(45,0) : 3
(6,0) : 37
(47,0) : 4
(11,0) : 17
(48,2) : 2
(9,0) : 28
(47,3) : 3
(1,0) : 143
(31,1) : 1
(22,1) : 1
(9,1) : 1
(39,0) : 1
(27,2) : 1
(33,0) : 1
(45,4) : 1
(46,0) : 4
(35,1) : 1
(18,0) : 1
(32,1) : 1
(6,1) : 2
(46,4) : 1
(15,1) : 1
(10,2) : 1
(39,1) : 1
(11,1) : 1
(17,0) : 1
(5,1) : 3
(7,1) : 2
(29,0) : 1
(38,1) : 1
(5,2) : 1
(46,3) : 1
(42,0) : 1
(10,1) : 2
(26,0) : 1
(1,1) : 1
(0,0) : 1
