pop size : 10000, betaG : 0.08500, lambdaH : 0.10000, lambdaW : 0.00100, gamma : 0.12500, Tmax : 150.00, threshold of infected : 0.010
0.37 0.32 0.13 0.12 0.04 0.02 
0.2192 0.12 0.08 0.06 0.05 0.045 0.04 0.035 0.03 0.02 0.02 0.02 0.015 0.015 0.015 0.015 0.001 0.001 0.001 0.001 0.001 0.001 0.001 0.001 0.001 0.001 0.001 0.001 0.001 0.001 0.001 0.001 0.001 0.001 0.001 0.001 0.001 0.001 0.001 0.001 0.001 0.0001 0.0001 0.0001 0.0001 0.0001 0.0001 0.0001 0.0001 0.175 
Proportion of infected at cutoff : 0.0100
Proportion of susceptibles at cutoff : 0.9736
(50,0) : 48
(48,2) : 3
(10,1) : 5
(47,1) : 9
(4,0) : 55
(7,0) : 29
(17,0) : 2
(48,1) : 9
(11,0) : 15
(13,0) : 11
(44,0) : 1
(49,0) : 26
(48,0) : 8
(49,1) : 11
(9,1) : 2
(8,0) : 20
(47,2) : 6
(44,2) : 2
(5,0) : 36
(31,0) : 1
(15,0) : 7
(3,0) : 56
(18,0) : 1
(1,0) : 147
(47,0) : 4
(43,2) : 1
(46,3) : 2
(26,0) : 1
(35,0) : 1
(10,0) : 14
(6,0) : 25
(45,4) : 2
(9,0) : 21
(2,0) : 72
(33,2) : 1
(34,0) : 2
(46,4) : 1
(14,0) : 11
(16,0) : 6
(12,0) : 12
(29,0) : 2
(21,1) : 1
(47,3) : 1
(45,2) : 1
(22,0) : 1
(40,0) : 1
(12,1) : 1
(27,1) : 1
(8,1) : 1
(5,1) : 3
(13,1) : 1
(27,0) : 1
(21,0) : 1
(46,0) : 1
(7,1) : 1
(6,1) : 2
(11,1) : 1
(0,0) : 3
(11,2) : 1
(3,1) : 1
