pop size : 10000, betaG : 0.08500, lambdaH : 0.10000, lambdaW : 0.00100, gamma : 0.12500, Tmax : 150.00, threshold of infected : 0.010
0.37 0.32 0.13 0.12 0.04 0.02 
0.2192 0.12 0.08 0.06 0.05 0.045 0.04 0.035 0.03 0.02 0.02 0.02 0.015 0.015 0.015 0.015 0.001 0.001 0.001 0.001 0.001 0.001 0.001 0.001 0.001 0.001 0.001 0.001 0.001 0.001 0.001 0.001 0.001 0.001 0.001 0.001 0.001 0.001 0.001 0.001 0.001 0.0001 0.0001 0.0001 0.0001 0.0001 0.0001 0.0001 0.0001 0.175 
Proportion of infected at cutoff : 0.0100
Proportion of susceptibles at cutoff : 0.9744
(49,0) : 21
(50,0) : 44
(14,0) : 14
(44,2) : 1
(47,3) : 2
(7,0) : 35
(4,0) : 37
(48,2) : 4
(48,0) : 12
(49,1) : 17
(34,0) : 2
(8,0) : 31
(3,0) : 67
(13,0) : 8
(5,0) : 37
(1,0) : 149
(47,2) : 6
(10,1) : 1
(2,0) : 80
(25,0) : 1
(28,1) : 1
(8,1) : 1
(47,1) : 1
(47,0) : 4
(12,0) : 10
(48,1) : 6
(46,1) : 2
(43,2) : 1
(23,0) : 2
(6,0) : 35
(30,1) : 1
(38,0) : 2
(16,0) : 5
(46,2) : 2
(10,0) : 18
(46,3) : 2
(40,0) : 1
(27,0) : 1
(45,1) : 2
(35,0) : 1
(6,1) : 1
(24,0) : 1
(45,0) : 1
(45,2) : 1
(9,1) : 1
(11,0) : 8
(15,0) : 12
(13,1) : 1
(9,0) : 20
(42,0) : 1
(15,1) : 1
(42,4) : 1
(37,1) : 1
(31,0) : 1
(22,1) : 1
(7,1) : 3
(12,1) : 2
(29,0) : 1
(28,0) : 1
(19,0) : 1
(11,1) : 1
(2,1) : 5
(12,2) : 1
(5,1) : 2
(0,1) : 1
