pop size : 10000, betaG : 0.08500, lambdaH : 0.10000, lambdaW : 0.00100, gamma : 0.12500, Tmax : 150.00, threshold of infected : 0.010
0.37 0.32 0.13 0.12 0.04 0.02 
0.2192 0.12 0.08 0.06 0.05 0.045 0.04 0.035 0.03 0.02 0.02 0.02 0.015 0.015 0.015 0.015 0.001 0.001 0.001 0.001 0.001 0.001 0.001 0.001 0.001 0.001 0.001 0.001 0.001 0.001 0.001 0.001 0.001 0.001 0.001 0.001 0.001 0.001 0.001 0.001 0.001 0.0001 0.0001 0.0001 0.0001 0.0001 0.0001 0.0001 0.0001 0.175 
Proportion of infected at cutoff : 0.0100
Proportion of susceptibles at cutoff : 0.9801
(50,0) : 52
(12,0) : 13
(49,1) : 22
(6,0) : 37
(16,0) : 9
(47,2) : 2
(9,0) : 28
(48,2) : 9
(7,0) : 21
(49,0) : 25
(46,0) : 1
(5,0) : 44
(10,1) : 3
(3,0) : 48
(48,1) : 8
(8,0) : 25
(15,0) : 6
(34,0) : 1
(1,0) : 168
(9,1) : 1
(44,1) : 1
(12,1) : 1
(13,1) : 3
(46,1) : 2
(14,0) : 14
(13,0) : 7
(4,0) : 55
(47,3) : 1
(10,0) : 26
(2,0) : 86
(11,0) : 15
(46,2) : 2
(35,2) : 1
(11,1) : 2
(27,0) : 1
(23,0) : 3
(41,0) : 1
(48,0) : 1
(47,0) : 1
(47,1) : 1
(17,1) : 2
(3,1) : 1
(6,2) : 1
(33,1) : 1
(42,0) : 1
(34,1) : 1
(37,2) : 1
(13,2) : 1
(28,0) : 1
(5,1) : 2
(14,1) : 2
(17,0) : 2
(20,0) : 1
(11,3) : 1
(15,1) : 1
(2,1) : 2
(3,2) : 1
(4,1) : 1
(1,1) : 1
(0,0) : 2
