pop size : 10000, betaG : 0.08500, lambdaH : 0.10000, lambdaW : 0.00100, gamma : 0.12500, Tmax : 150.00, threshold of infected : 0.010
0.37 0.32 0.13 0.12 0.04 0.02 
0.2192 0.12 0.08 0.06 0.05 0.045 0.04 0.035 0.03 0.02 0.02 0.02 0.015 0.015 0.015 0.015 0.001 0.001 0.001 0.001 0.001 0.001 0.001 0.001 0.001 0.001 0.001 0.001 0.001 0.001 0.001 0.001 0.001 0.001 0.001 0.001 0.001 0.001 0.001 0.001 0.001 0.0001 0.0001 0.0001 0.0001 0.0001 0.0001 0.0001 0.0001 0.175 
Proportion of infected at cutoff : 0.0100
Proportion of susceptibles at cutoff : 0.9772
(2,1) : 2
(30,0) : 1
(47,2) : 2
(3,0) : 87
(50,0) : 51
(10,0) : 11
(11,0) : 17
(49,0) : 22
(49,1) : 20
(14,0) : 14
(48,0) : 5
(15,1) : 2
(5,0) : 42
(34,0) : 1
(15,0) : 12
(46,3) : 2
(9,1) : 1
(26,0) : 1
(21,0) : 1
(8,0) : 15
(48,2) : 5
(1,0) : 183
(45,2) : 3
(48,1) : 8
(47,1) : 5
(4,0) : 37
(13,0) : 9
(7,0) : 29
(2,0) : 93
(47,3) : 3
(8,1) : 1
(12,0) : 11
(45,1) : 1
(9,0) : 16
(29,0) : 1
(6,0) : 24
(16,0) : 10
(33,1) : 1
(35,1) : 1
(30,1) : 1
(14,2) : 1
(7,1) : 2
(12,1) : 1
(37,0) : 3
(45,0) : 1
(11,1) : 1
(32,0) : 1
(4,1) : 2
(5,1) : 2
(24,1) : 1
(35,0) : 1
(47,0) : 2
(24,0) : 1
(20,0) : 1
(31,1) : 1
(10,1) : 1
(12,2) : 1
(13,1) : 2
(17,0) : 2
(11,2) : 1
(6,1) : 1
(0,0) : 2
(3,1) : 1
(1,1) : 1
