pop size : 10000, betaG : 0.08500, lambdaH : 0.10000, lambdaW : 0.00100, gamma : 0.12500, Tmax : 150.00, threshold of infected : 0.010
0.37 0.32 0.13 0.12 0.04 0.02 
0.2192 0.12 0.08 0.06 0.05 0.045 0.04 0.035 0.03 0.02 0.02 0.02 0.015 0.015 0.015 0.015 0.001 0.001 0.001 0.001 0.001 0.001 0.001 0.001 0.001 0.001 0.001 0.001 0.001 0.001 0.001 0.001 0.001 0.001 0.001 0.001 0.001 0.001 0.001 0.001 0.001 0.0001 0.0001 0.0001 0.0001 0.0001 0.0001 0.0001 0.0001 0.175 
Proportion of infected at cutoff : 0.0100
Proportion of susceptibles at cutoff : 0.9724
(9,0) : 12
(5,0) : 33
(50,0) : 47
(6,0) : 28
(14,0) : 6
(10,0) : 13
(49,1) : 19
(48,1) : 9
(46,1) : 4
(49,0) : 27
(45,1) : 2
(15,0) : 6
(47,1) : 2
(1,0) : 181
(24,2) : 1
(45,2) : 4
(48,0) : 11
(7,0) : 39
(31,0) : 1
(2,0) : 97
(44,2) : 1
(8,2) : 1
(32,0) : 1
(13,0) : 3
(8,0) : 33
(18,0) : 1
(34,0) : 2
(44,5) : 1
(46,0) : 2
(3,0) : 49
(48,2) : 2
(46,2) : 1
(12,1) : 2
(47,0) : 4
(12,0) : 9
(39,0) : 2
(46,4) : 1
(3,1) : 3
(36,0) : 1
(14,1) : 1
(4,0) : 36
(11,0) : 14
(43,3) : 1
(7,1) : 2
(11,1) : 1
(26,1) : 1
(40,0) : 1
(16,0) : 2
(35,0) : 1
(14,2) : 1
(45,0) : 1
(45,5) : 1
(17,0) : 1
(25,0) : 1
(19,1) : 1
(20,1) : 1
(9,1) : 2
(15,1) : 1
(2,1) : 2
(6,1) : 1
(4,1) : 1
(0,0) : 2
(13,1) : 1
(8,1) : 1
(10,1) : 1
(0,1) : 2
(1,1) : 1
