pop size : 10000, betaG : 0.08500, lambdaH : 0.10000, lambdaW : 0.00100, gamma : 0.12500, Tmax : 150.00, threshold of infected : 0.010
0.37 0.32 0.13 0.12 0.04 0.02 
0.2192 0.12 0.08 0.06 0.05 0.045 0.04 0.035 0.03 0.02 0.02 0.02 0.015 0.015 0.015 0.015 0.001 0.001 0.001 0.001 0.001 0.001 0.001 0.001 0.001 0.001 0.001 0.001 0.001 0.001 0.001 0.001 0.001 0.001 0.001 0.001 0.001 0.001 0.001 0.001 0.001 0.0001 0.0001 0.0001 0.0001 0.0001 0.0001 0.0001 0.0001 0.175 
Proportion of infected at cutoff : 0.0100
Proportion of susceptibles at cutoff : 0.9822
(40,0) : 1
(50,0) : 63
(11,0) : 16
(48,0) : 3
(9,0) : 16
(48,1) : 6
(6,0) : 34
(5,0) : 33
(49,0) : 19
(7,1) : 3
(48,2) : 6
(41,0) : 1
(8,0) : 32
(47,3) : 2
(14,0) : 18
(16,0) : 10
(47,2) : 6
(12,0) : 15
(7,0) : 29
(24,0) : 2
(44,2) : 1
(31,0) : 2
(3,0) : 59
(13,0) : 9
(45,3) : 2
(49,1) : 21
(15,0) : 7
(30,0) : 1
(22,0) : 3
(4,0) : 44
(2,0) : 74
(1,0) : 148
(5,2) : 1
(39,1) : 1
(11,1) : 2
(46,0) : 1
(15,1) : 1
(36,1) : 1
(39,2) : 1
(32,0) : 2
(10,0) : 10
(3,1) : 2
(38,0) : 1
(12,1) : 1
(14,1) : 3
(26,1) : 1
(25,0) : 1
(2,1) : 2
(9,1) : 2
(1,1) : 5
(8,1) : 2
(0,1) : 4
(0,0) : 1
(5,1) : 1
