pop size : 10000, betaG : 0.08500, lambdaH : 0.10000, lambdaW : 0.00100, gamma : 0.12500, Tmax : 150.00, threshold of infected : 0.010
0.37 0.32 0.13 0.12 0.04 0.02 
0.2192 0.12 0.08 0.06 0.05 0.045 0.04 0.035 0.03 0.02 0.02 0.02 0.015 0.015 0.015 0.015 0.001 0.001 0.001 0.001 0.001 0.001 0.001 0.001 0.001 0.001 0.001 0.001 0.001 0.001 0.001 0.001 0.001 0.001 0.001 0.001 0.001 0.001 0.001 0.001 0.001 0.0001 0.0001 0.0001 0.0001 0.0001 0.0001 0.0001 0.0001 0.175 
Proportion of infected at cutoff : 0.0100
Proportion of susceptibles at cutoff : 0.9781
(49,0) : 28
(50,0) : 43
(48,1) : 16
(47,3) : 3
(23,0) : 1
(47,2) : 5
(48,2) : 6
(11,0) : 16
(45,3) : 1
(6,0) : 25
(15,0) : 7
(33,0) : 2
(41,0) : 2
(12,0) : 14
(5,0) : 45
(49,1) : 11
(10,0) : 13
(2,0) : 92
(45,1) : 1
(36,0) : 1
(45,4) : 1
(13,1) : 2
(1,0) : 159
(14,0) : 9
(3,0) : 58
(48,0) : 7
(4,0) : 54
(47,1) : 5
(7,0) : 28
(13,0) : 10
(46,1) : 1
(16,0) : 6
(31,0) : 1
(9,0) : 29
(46,2) : 2
(18,0) : 2
(27,1) : 1
(8,0) : 22
(39,2) : 1
(19,0) : 1
(25,0) : 2
(26,0) : 1
(4,1) : 2
(7,1) : 2
(35,0) : 1
(17,0) : 2
(8,1) : 3
(38,0) : 1
(15,1) : 1
(10,1) : 1
(29,0) : 1
(19,1) : 1
(47,0) : 1
(5,1) : 2
(12,1) : 1
(6,1) : 2
(0,0) : 2
(2,1) : 2
(0,1) : 2
