pop size : 10000, betaG : 0.08500, lambdaH : 0.10000, lambdaW : 0.00100, gamma : 0.12500, Tmax : 150.00, threshold of infected : 0.010
0.37 0.32 0.13 0.12 0.04 0.02 
0.2192 0.12 0.08 0.06 0.05 0.045 0.04 0.035 0.03 0.02 0.02 0.02 0.015 0.015 0.015 0.015 0.001 0.001 0.001 0.001 0.001 0.001 0.001 0.001 0.001 0.001 0.001 0.001 0.001 0.001 0.001 0.001 0.001 0.001 0.001 0.001 0.001 0.001 0.001 0.001 0.001 0.0001 0.0001 0.0001 0.0001 0.0001 0.0001 0.0001 0.0001 0.175 
Proportion of infected at cutoff : 0.0100
Proportion of susceptibles at cutoff : 0.9774
(50,0) : 53
(3,0) : 54
(49,0) : 26
(48,2) : 4
(2,0) : 80
(8,0) : 19
(47,2) : 4
(7,0) : 36
(47,1) : 5
(30,0) : 1
(31,0) : 1
(25,0) : 1
(49,1) : 23
(6,0) : 29
(14,0) : 13
(29,0) : 2
(9,0) : 18
(27,1) : 1
(48,0) : 4
(36,0) : 1
(4,0) : 45
(15,0) : 12
(10,1) : 3
(47,0) : 5
(48,1) : 4
(5,0) : 28
(46,0) : 2
(44,2) : 1
(16,0) : 3
(45,2) : 1
(13,0) : 5
(11,0) : 11
(3,2) : 1
(19,0) : 1
(36,3) : 1
(13,1) : 1
(1,0) : 155
(10,0) : 10
(12,0) : 18
(47,3) : 1
(20,2) : 1
(20,0) : 1
(15,1) : 2
(25,1) : 1
(32,0) : 1
(45,4) : 1
(43,3) : 1
(46,2) : 1
(41,0) : 1
(22,1) : 1
(24,1) : 1
(46,3) : 1
(8,1) : 1
(17,0) : 1
(6,1) : 3
(11,1) : 3
(9,1) : 1
(1,1) : 2
(9,2) : 1
(3,1) : 1
(5,1) : 1
(4,1) : 1
(0,0) : 1
(2,1) : 1
