pop size : 10000, betaG : 0.08500, lambdaH : 0.10000, lambdaW : 0.00100, gamma : 0.12500, Tmax : 150.00, threshold of infected : 0.010
0.37 0.32 0.13 0.12 0.04 0.02 
0.2192 0.12 0.08 0.06 0.05 0.045 0.04 0.035 0.03 0.02 0.02 0.02 0.015 0.015 0.015 0.015 0.001 0.001 0.001 0.001 0.001 0.001 0.001 0.001 0.001 0.001 0.001 0.001 0.001 0.001 0.001 0.001 0.001 0.001 0.001 0.001 0.001 0.001 0.001 0.001 0.001 0.0001 0.0001 0.0001 0.0001 0.0001 0.0001 0.0001 0.0001 0.175 
Proportion of infected at cutoff : 0.0100
Proportion of susceptibles at cutoff : 0.9742
(50,0) : 49
(47,3) : 1
(21,0) : 1
(48,1) : 12
(49,1) : 15
(49,0) : 25
(16,0) : 7
(38,0) : 2
(6,0) : 39
(8,0) : 33
(46,2) : 2
(5,0) : 39
(47,2) : 5
(47,0) : 6
(48,0) : 3
(47,1) : 5
(12,0) : 11
(48,2) : 2
(7,0) : 22
(36,0) : 1
(4,0) : 40
(46,3) : 2
(1,0) : 162
(14,0) : 12
(11,0) : 13
(15,0) : 4
(13,0) : 9
(46,1) : 4
(2,0) : 83
(35,0) : 1
(3,0) : 65
(46,0) : 2
(36,1) : 1
(7,2) : 1
(31,0) : 1
(3,1) : 1
(35,2) : 1
(15,1) : 2
(9,0) : 16
(10,0) : 10
(45,1) : 2
(0,0) : 3
(45,0) : 1
(22,0) : 1
(14,1) : 2
(44,3) : 1
(10,1) : 1
(31,2) : 1
(8,2) : 1
(11,1) : 2
(5,1) : 2
(13,1) : 3
(4,1) : 4
(0,1) : 3
(8,1) : 3
(32,0) : 1
(20,0) : 1
