pop size : 10000, betaG : 0.08500, lambdaH : 0.10000, lambdaW : 0.00100, gamma : 0.12500, Tmax : 150.00, threshold of infected : 0.010
0.37 0.32 0.13 0.12 0.04 0.02 
0.2192 0.12 0.08 0.06 0.05 0.045 0.04 0.035 0.03 0.02 0.02 0.02 0.015 0.015 0.015 0.015 0.001 0.001 0.001 0.001 0.001 0.001 0.001 0.001 0.001 0.001 0.001 0.001 0.001 0.001 0.001 0.001 0.001 0.001 0.001 0.001 0.001 0.001 0.001 0.001 0.001 0.0001 0.0001 0.0001 0.0001 0.0001 0.0001 0.0001 0.0001 0.175 
Proportion of infected at cutoff : 0.0100
Proportion of susceptibles at cutoff : 0.9765
(4,0) : 44
(6,0) : 38
(7,0) : 34
(49,0) : 20
(1,0) : 137
(5,0) : 24
(40,0) : 1
(50,0) : 48
(48,1) : 10
(15,1) : 2
(8,0) : 26
(45,3) : 2
(47,0) : 1
(44,0) : 1
(14,0) : 8
(9,0) : 16
(49,1) : 15
(12,0) : 12
(3,0) : 49
(12,1) : 1
(47,3) : 2
(48,0) : 10
(10,0) : 17
(45,0) : 2
(13,0) : 6
(47,1) : 3
(16,0) : 7
(45,4) : 1
(36,1) : 1
(1,1) : 1
(33,0) : 1
(48,2) : 7
(36,0) : 3
(2,0) : 73
(47,2) : 3
(11,0) : 19
(15,0) : 14
(44,1) : 1
(31,0) : 1
(11,1) : 3
(25,0) : 1
(29,1) : 1
(46,0) : 2
(27,1) : 1
(35,0) : 2
(46,1) : 1
(22,0) : 2
(37,1) : 2
(8,1) : 1
(37,0) : 1
(28,0) : 2
(9,1) : 1
(38,1) : 1
(14,1) : 1
(7,1) : 1
(34,0) : 1
(13,1) : 2
(34,1) : 1
(2,1) : 3
(8,2) : 1
(5,1) : 2
(4,1) : 1
(3,1) : 3
(8,3) : 1
(0,0) : 2
