pop size : 10000, betaG : 0.08500, lambdaH : 0.10000, lambdaW : 0.00100, gamma : 0.12500, Tmax : 150.00, threshold of infected : 0.010
0.37 0.32 0.13 0.12 0.04 0.02 
0.2192 0.12 0.08 0.06 0.05 0.045 0.04 0.035 0.03 0.02 0.02 0.02 0.015 0.015 0.015 0.015 0.001 0.001 0.001 0.001 0.001 0.001 0.001 0.001 0.001 0.001 0.001 0.001 0.001 0.001 0.001 0.001 0.001 0.001 0.001 0.001 0.001 0.001 0.001 0.001 0.001 0.0001 0.0001 0.0001 0.0001 0.0001 0.0001 0.0001 0.0001 0.175 
Proportion of infected at cutoff : 0.0100
Proportion of susceptibles at cutoff : 0.9800
(14,1) : 3
(3,0) : 62
(19,1) : 1
(4,0) : 38
(6,0) : 31
(7,0) : 23
(5,0) : 32
(49,1) : 28
(36,0) : 2
(47,2) : 1
(48,1) : 12
(48,2) : 3
(50,0) : 50
(47,1) : 5
(49,0) : 18
(16,0) : 15
(2,0) : 74
(47,3) : 3
(5,1) : 1
(30,1) : 1
(12,0) : 15
(46,2) : 2
(1,0) : 148
(7,1) : 3
(13,0) : 12
(48,0) : 6
(46,1) : 1
(11,0) : 14
(34,1) : 1
(14,0) : 17
(15,0) : 11
(8,0) : 22
(25,1) : 1
(13,1) : 2
(35,1) : 1
(10,0) : 11
(45,2) : 1
(20,0) : 1
(9,0) : 9
(9,1) : 4
(10,1) : 2
(17,0) : 2
(24,0) : 1
(28,0) : 1
(29,0) : 1
(34,0) : 1
(43,0) : 1
(38,0) : 1
(6,1) : 2
(12,1) : 1
(23,1) : 1
(0,0) : 1
(35,0) : 1
(8,1) : 1
(20,1) : 1
(25,0) : 1
(21,0) : 1
(11,1) : 1
(4,2) : 1
(4,1) : 1
(1,1) : 1
