pop size : 10000, betaG : 0.08500, lambdaH : 0.10000, lambdaW : 0.00100, gamma : 0.12500, Tmax : 150.00, threshold of infected : 0.010
0.37 0.32 0.13 0.12 0.04 0.02 
0.2192 0.12 0.08 0.06 0.05 0.045 0.04 0.035 0.03 0.02 0.02 0.02 0.015 0.015 0.015 0.015 0.001 0.001 0.001 0.001 0.001 0.001 0.001 0.001 0.001 0.001 0.001 0.001 0.001 0.001 0.001 0.001 0.001 0.001 0.001 0.001 0.001 0.001 0.001 0.001 0.001 0.0001 0.0001 0.0001 0.0001 0.0001 0.0001 0.0001 0.0001 0.175 
Proportion of infected at cutoff : 0.0100
Proportion of susceptibles at cutoff : 0.9751
(15,0) : 11
(5,0) : 48
(46,0) : 2
(48,0) : 11
(50,0) : 39
(49,0) : 21
(6,0) : 46
(4,0) : 47
(24,0) : 1
(11,0) : 14
(13,0) : 9
(46,3) : 3
(1,0) : 145
(36,0) : 4
(34,0) : 1
(48,1) : 9
(49,1) : 20
(41,3) : 1
(7,0) : 21
(40,0) : 1
(10,0) : 20
(33,0) : 2
(48,2) : 3
(9,0) : 23
(8,0) : 16
(47,0) : 3
(47,3) : 1
(2,0) : 82
(47,1) : 4
(47,2) : 3
(39,0) : 2
(25,0) : 2
(16,0) : 6
(14,2) : 1
(10,1) : 2
(45,0) : 1
(22,0) : 2
(12,0) : 11
(6,1) : 4
(7,2) : 1
(46,4) : 1
(44,4) : 1
(1,1) : 2
(14,0) : 14
(7,1) : 2
(3,0) : 63
(37,0) : 1
(21,0) : 1
(38,0) : 1
(3,1) : 3
(44,2) : 1
(34,1) : 1
(29,0) : 1
(12,1) : 1
(23,0) : 1
(43,0) : 1
(5,1) : 2
(17,1) : 1
(0,1) : 1
(25,1) : 1
(17,0) : 2
(23,1) : 1
(32,1) : 1
(2,1) : 2
(11,1) : 1
(14,1) : 1
