pop size : 10000, betaG : 0.08500, lambdaH : 0.10000, lambdaW : 0.00100, gamma : 0.12500, Tmax : 150.00, threshold of infected : 0.010
0.37 0.32 0.13 0.12 0.04 0.02 
0.2192 0.12 0.08 0.06 0.05 0.045 0.04 0.035 0.03 0.02 0.02 0.02 0.015 0.015 0.015 0.015 0.001 0.001 0.001 0.001 0.001 0.001 0.001 0.001 0.001 0.001 0.001 0.001 0.001 0.001 0.001 0.001 0.001 0.001 0.001 0.001 0.001 0.001 0.001 0.001 0.001 0.0001 0.0001 0.0001 0.0001 0.0001 0.0001 0.0001 0.0001 0.175 
Proportion of infected at cutoff : 0.0100
Proportion of susceptibles at cutoff : 0.9744
(48,0) : 9
(50,0) : 47
(12,0) : 14
(21,0) : 1
(48,2) : 6
(14,1) : 2
(48,1) : 7
(49,0) : 28
(2,0) : 79
(46,0) : 3
(26,0) : 1
(49,1) : 18
(47,2) : 3
(6,0) : 29
(31,0) : 1
(14,0) : 5
(43,4) : 1
(1,0) : 162
(15,0) : 9
(46,4) : 1
(8,0) : 20
(47,1) : 3
(5,1) : 5
(15,1) : 1
(7,0) : 28
(13,1) : 2
(5,0) : 30
(35,0) : 2
(16,0) : 7
(28,0) : 2
(13,0) : 7
(43,3) : 2
(4,0) : 46
(24,1) : 1
(9,0) : 17
(47,0) : 4
(11,0) : 10
(37,0) : 2
(18,0) : 1
(3,0) : 49
(36,1) : 1
(23,0) : 1
(44,1) : 1
(36,0) : 1
(16,1) : 1
(10,0) : 6
(8,1) : 2
(22,0) : 2
(42,0) : 1
(27,1) : 1
(2,1) : 3
(38,0) : 2
(25,0) : 1
(11,1) : 1
(46,1) : 1
(42,3) : 1
(3,1) : 3
(46,3) : 1
(45,2) : 1
(29,0) : 1
(12,1) : 2
(7,1) : 2
(0,0) : 2
(0,1) : 3
