pop size : 10000, betaG : 0.08500, lambdaH : 0.10000, lambdaW : 0.00100, gamma : 0.12500, Tmax : 150.00, threshold of infected : 0.010
0.37 0.32 0.13 0.12 0.04 0.02 
0.2192 0.12 0.08 0.06 0.05 0.045 0.04 0.035 0.03 0.02 0.02 0.02 0.015 0.015 0.015 0.015 0.001 0.001 0.001 0.001 0.001 0.001 0.001 0.001 0.001 0.001 0.001 0.001 0.001 0.001 0.001 0.001 0.001 0.001 0.001 0.001 0.001 0.001 0.001 0.001 0.001 0.0001 0.0001 0.0001 0.0001 0.0001 0.0001 0.0001 0.0001 0.175 
Proportion of infected at cutoff : 0.0100
Proportion of susceptibles at cutoff : 0.9693
(47,1) : 8
(48,1) : 9
(49,1) : 20
(46,1) : 3
(45,3) : 1
(49,0) : 23
(6,0) : 36
(50,0) : 33
(5,0) : 29
(10,0) : 7
(47,0) : 6
(48,0) : 13
(45,0) : 2
(12,0) : 14
(42,2) : 1
(14,0) : 12
(43,3) : 1
(10,1) : 1
(2,0) : 93
(30,0) : 1
(15,1) : 2
(16,0) : 10
(15,0) : 11
(34,0) : 1
(23,1) : 1
(44,3) : 1
(7,0) : 36
(4,0) : 40
(1,0) : 156
(9,1) : 1
(9,0) : 20
(18,0) : 2
(46,2) : 3
(11,0) : 11
(3,0) : 63
(8,0) : 29
(38,0) : 2
(35,1) : 1
(21,0) : 2
(47,2) : 2
(46,3) : 1
(6,2) : 1
(6,1) : 2
(37,0) : 1
(37,1) : 1
(36,0) : 1
(48,2) : 2
(45,1) : 1
(32,0) : 1
(38,1) : 2
(12,1) : 2
(46,0) : 1
(7,1) : 3
(8,1) : 3
(13,1) : 1
(13,0) : 7
(20,0) : 1
(5,1) : 2
(4,1) : 3
(3,1) : 3
(2,1) : 1
