pop size : 10000, betaG : 0.08500, lambdaH : 0.10000, lambdaW : 0.00100, gamma : 0.12500, Tmax : 150.00, threshold of infected : 0.010
0.37 0.32 0.13 0.12 0.04 0.02 
0.2192 0.12 0.08 0.06 0.05 0.045 0.04 0.035 0.03 0.02 0.02 0.02 0.015 0.015 0.015 0.015 0.001 0.001 0.001 0.001 0.001 0.001 0.001 0.001 0.001 0.001 0.001 0.001 0.001 0.001 0.001 0.001 0.001 0.001 0.001 0.001 0.001 0.001 0.001 0.001 0.001 0.0001 0.0001 0.0001 0.0001 0.0001 0.0001 0.0001 0.0001 0.175 
Proportion of infected at cutoff : 0.0100
Proportion of susceptibles at cutoff : 0.9761
(50,0) : 38
(48,0) : 7
(48,2) : 7
(2,0) : 85
(49,0) : 25
(9,0) : 26
(49,1) : 23
(48,1) : 6
(8,0) : 23
(3,0) : 64
(8,1) : 1
(13,1) : 1
(14,1) : 2
(12,0) : 13
(26,0) : 2
(46,2) : 1
(1,0) : 146
(40,0) : 1
(47,0) : 3
(13,0) : 16
(7,0) : 43
(11,0) : 11
(27,0) : 1
(10,0) : 12
(47,1) : 6
(14,0) : 17
(3,1) : 2
(16,0) : 8
(29,1) : 1
(10,1) : 1
(5,0) : 38
(37,0) : 1
(33,0) : 2
(15,0) : 10
(46,0) : 2
(20,0) : 2
(19,0) : 1
(4,0) : 43
(6,0) : 39
(26,1) : 3
(47,3) : 1
(21,0) : 2
(36,1) : 1
(44,4) : 1
(47,2) : 3
(46,3) : 1
(12,1) : 3
(11,3) : 1
(44,3) : 1
(25,0) : 1
(15,1) : 1
(43,3) : 1
(18,0) : 1
(2,1) : 2
(11,1) : 2
(7,1) : 1
(4,1) : 1
(5,1) : 1
(1,1) : 1
(0,0) : 1
