pop size : 10000, betaG : 0.08500, lambdaH : 0.10000, lambdaW : 0.00100, gamma : 0.12500, Tmax : 150.00, threshold of infected : 0.010
0.37 0.32 0.13 0.12 0.04 0.02 
0.2192 0.12 0.08 0.06 0.05 0.045 0.04 0.035 0.03 0.02 0.02 0.02 0.015 0.015 0.015 0.015 0.001 0.001 0.001 0.001 0.001 0.001 0.001 0.001 0.001 0.001 0.001 0.001 0.001 0.001 0.001 0.001 0.001 0.001 0.001 0.001 0.001 0.001 0.001 0.001 0.001 0.0001 0.0001 0.0001 0.0001 0.0001 0.0001 0.0001 0.0001 0.175 
Proportion of infected at cutoff : 0.0100
Proportion of susceptibles at cutoff : 0.9786
(48,0) : 13
(49,0) : 11
(49,1) : 23
(50,0) : 50
(48,1) : 14
(1,0) : 153
(47,0) : 4
(6,0) : 45
(4,0) : 46
(31,0) : 2
(8,0) : 28
(8,1) : 2
(5,0) : 27
(39,1) : 1
(47,3) : 3
(21,0) : 3
(3,0) : 62
(12,0) : 11
(48,2) : 6
(47,2) : 3
(46,3) : 2
(9,0) : 20
(15,0) : 8
(2,0) : 89
(13,0) : 12
(35,0) : 2
(10,0) : 17
(30,0) : 1
(14,0) : 10
(6,1) : 3
(40,0) : 1
(11,1) : 2
(7,0) : 27
(11,0) : 10
(29,0) : 1
(17,0) : 2
(44,0) : 1
(5,1) : 5
(42,4) : 1
(3,1) : 2
(42,3) : 1
(12,1) : 2
(16,0) : 3
(18,1) : 1
(46,0) : 1
(24,0) : 1
(38,0) : 1
(42,0) : 1
(46,2) : 1
(18,0) : 1
(27,0) : 1
(19,0) : 1
(14,1) : 1
(0,1) : 1
(1,1) : 1
