pop size : 10000, betaG : 0.08500, lambdaH : 0.10000, lambdaW : 0.00100, gamma : 0.12500, Tmax : 150.00, threshold of infected : 0.010
0.37 0.32 0.13 0.12 0.04 0.02 
0.2192 0.12 0.08 0.06 0.05 0.045 0.04 0.035 0.03 0.02 0.02 0.02 0.015 0.015 0.015 0.015 0.001 0.001 0.001 0.001 0.001 0.001 0.001 0.001 0.001 0.001 0.001 0.001 0.001 0.001 0.001 0.001 0.001 0.001 0.001 0.001 0.001 0.001 0.001 0.001 0.001 0.0001 0.0001 0.0001 0.0001 0.0001 0.0001 0.0001 0.0001 0.175 
Proportion of infected at cutoff : 0.0100
Proportion of susceptibles at cutoff : 0.9799
(22,0) : 2
(49,0) : 16
(8,0) : 28
(47,2) : 2
(6,0) : 30
(49,1) : 21
(48,1) : 5
(50,0) : 58
(2,0) : 84
(4,0) : 43
(48,2) : 9
(20,0) : 1
(9,0) : 23
(40,0) : 1
(14,1) : 3
(1,0) : 164
(7,0) : 26
(48,0) : 9
(16,0) : 9
(14,0) : 4
(29,0) : 2
(3,0) : 52
(47,0) : 2
(43,4) : 1
(5,0) : 40
(10,0) : 17
(47,3) : 2
(39,0) : 2
(12,0) : 13
(45,3) : 1
(25,2) : 1
(13,1) : 3
(31,0) : 1
(35,0) : 3
(11,0) : 11
(45,1) : 1
(47,1) : 2
(36,0) : 1
(38,0) : 1
(6,1) : 1
(15,0) : 5
(13,0) : 12
(34,1) : 1
(46,3) : 1
(11,1) : 3
(18,0) : 1
(18,1) : 1
(9,1) : 2
(7,2) : 1
(12,1) : 1
(10,1) : 2
(21,0) : 1
(27,0) : 1
(19,0) : 1
(43,2) : 1
(0,1) : 3
(7,1) : 2
(4,1) : 1
(33,0) : 1
(3,1) : 2
(2,1) : 1
(5,1) : 1
(0,0) : 1
