pop size : 10000, betaG : 0.08500, lambdaH : 0.10000, lambdaW : 0.00100, gamma : 0.12500, Tmax : 150.00, threshold of infected : 0.010
0.37 0.32 0.13 0.12 0.04 0.02 
0.2192 0.12 0.08 0.06 0.05 0.045 0.04 0.035 0.03 0.02 0.02 0.02 0.015 0.015 0.015 0.015 0.001 0.001 0.001 0.001 0.001 0.001 0.001 0.001 0.001 0.001 0.001 0.001 0.001 0.001 0.001 0.001 0.001 0.001 0.001 0.001 0.001 0.001 0.001 0.001 0.001 0.0001 0.0001 0.0001 0.0001 0.0001 0.0001 0.0001 0.0001 0.175 
Proportion of infected at cutoff : 0.0100
Proportion of susceptibles at cutoff : 0.9768
(50,0) : 49
(8,0) : 23
(13,0) : 8
(5,0) : 28
(48,2) : 9
(49,0) : 25
(7,0) : 30
(49,1) : 15
(46,2) : 4
(6,0) : 50
(2,0) : 94
(3,0) : 57
(29,0) : 2
(48,1) : 7
(47,1) : 4
(5,1) : 3
(15,0) : 11
(39,0) : 1
(4,0) : 48
(11,0) : 11
(12,0) : 13
(16,1) : 1
(1,0) : 138
(48,0) : 9
(47,3) : 1
(19,0) : 2
(14,0) : 11
(47,0) : 4
(47,2) : 3
(38,0) : 1
(10,1) : 3
(43,3) : 1
(9,0) : 12
(10,0) : 9
(44,5) : 1
(4,1) : 2
(20,0) : 2
(32,0) : 1
(23,0) : 1
(34,0) : 1
(45,1) : 1
(35,0) : 1
(3,1) : 2
(16,0) : 3
(44,2) : 2
(31,0) : 1
(27,0) : 2
(6,1) : 3
(41,0) : 1
(46,1) : 1
(29,2) : 1
(12,1) : 1
(22,0) : 1
(8,2) : 1
(7,1) : 2
(21,0) : 1
(1,1) : 1
(12,2) : 1
(0,1) : 1
