pop size : 10000, betaG : 0.08500, lambdaH : 0.10000, lambdaW : 0.00100, gamma : 0.12500, Tmax : 150.00, threshold of infected : 0.010
0.37 0.32 0.13 0.12 0.04 0.02 
0.2192 0.12 0.08 0.06 0.05 0.045 0.04 0.035 0.03 0.02 0.02 0.02 0.015 0.015 0.015 0.015 0.001 0.001 0.001 0.001 0.001 0.001 0.001 0.001 0.001 0.001 0.001 0.001 0.001 0.001 0.001 0.001 0.001 0.001 0.001 0.001 0.001 0.001 0.001 0.001 0.001 0.0001 0.0001 0.0001 0.0001 0.0001 0.0001 0.0001 0.0001 0.175 
Proportion of infected at cutoff : 0.0100
Proportion of susceptibles at cutoff : 0.9730
(8,0) : 27
(48,1) : 12
(38,1) : 1
(6,0) : 37
(49,0) : 19
(50,0) : 38
(48,0) : 13
(10,1) : 4
(49,1) : 19
(37,1) : 1
(11,0) : 10
(29,1) : 1
(47,2) : 5
(45,2) : 1
(45,3) : 1
(13,0) : 9
(47,3) : 1
(7,0) : 29
(47,0) : 6
(46,1) : 4
(34,0) : 1
(1,0) : 176
(47,1) : 6
(14,0) : 7
(12,0) : 16
(36,0) : 1
(9,0) : 18
(18,0) : 1
(46,2) : 3
(2,0) : 84
(3,0) : 66
(10,0) : 17
(5,0) : 37
(12,1) : 2
(4,0) : 48
(15,0) : 10
(48,2) : 2
(39,0) : 1
(26,0) : 1
(32,0) : 1
(38,0) : 1
(17,0) : 1
(33,0) : 1
(35,0) : 1
(16,0) : 5
(7,1) : 2
(11,1) : 1
(36,3) : 1
(5,1) : 2
(13,1) : 1
(25,0) : 2
(33,2) : 1
(15,1) : 1
(6,1) : 1
(27,0) : 1
(0,1) : 2
(8,1) : 1
(46,0) : 1
(14,1) : 1
(4,1) : 2
(5,2) : 1
(3,1) : 1
