pop size : 10000, betaG : 0.08500, lambdaH : 0.10000, lambdaW : 0.00100, gamma : 0.12500, Tmax : 150.00, threshold of infected : 0.010
0.37 0.32 0.13 0.12 0.04 0.02 
0.2192 0.12 0.08 0.06 0.05 0.045 0.04 0.035 0.03 0.02 0.02 0.02 0.015 0.015 0.015 0.015 0.001 0.001 0.001 0.001 0.001 0.001 0.001 0.001 0.001 0.001 0.001 0.001 0.001 0.001 0.001 0.001 0.001 0.001 0.001 0.001 0.001 0.001 0.001 0.001 0.001 0.0001 0.0001 0.0001 0.0001 0.0001 0.0001 0.0001 0.0001 0.175 
Proportion of infected at cutoff : 0.0100
Proportion of susceptibles at cutoff : 0.9791
(11,0) : 18
(14,0) : 12
(50,0) : 64
(46,2) : 2
(13,0) : 15
(28,0) : 1
(49,0) : 17
(21,0) : 1
(12,0) : 17
(45,2) : 1
(48,2) : 9
(49,1) : 12
(9,0) : 19
(48,0) : 2
(48,1) : 9
(22,0) : 1
(39,0) : 2
(4,0) : 48
(5,0) : 38
(1,0) : 161
(8,0) : 23
(6,0) : 22
(7,0) : 25
(33,0) : 2
(3,0) : 63
(10,0) : 10
(47,3) : 3
(5,1) : 3
(47,0) : 2
(30,0) : 1
(47,2) : 2
(47,1) : 5
(16,0) : 9
(9,1) : 1
(46,3) : 1
(28,1) : 1
(2,0) : 78
(25,0) : 1
(45,3) : 1
(6,1) : 1
(45,0) : 1
(32,0) : 1
(15,0) : 10
(43,3) : 1
(11,2) : 1
(13,2) : 1
(46,0) : 1
(1,1) : 1
(3,1) : 1
(12,1) : 2
(14,1) : 3
(17,0) : 1
(40,1) : 1
(15,1) : 1
(8,1) : 2
(10,1) : 1
(13,1) : 1
(5,2) : 2
(0,1) : 1
(0,0) : 1
