pop size : 10000, betaG : 0.08500, lambdaH : 0.10000, lambdaW : 0.00100, gamma : 0.12500, Tmax : 150.00, threshold of infected : 0.010
0.37 0.32 0.13 0.12 0.04 0.02 
0.2192 0.12 0.08 0.06 0.05 0.045 0.04 0.035 0.03 0.02 0.02 0.02 0.015 0.015 0.015 0.015 0.001 0.001 0.001 0.001 0.001 0.001 0.001 0.001 0.001 0.001 0.001 0.001 0.001 0.001 0.001 0.001 0.001 0.001 0.001 0.001 0.001 0.001 0.001 0.001 0.001 0.0001 0.0001 0.0001 0.0001 0.0001 0.0001 0.0001 0.0001 0.175 
Proportion of infected at cutoff : 0.0100
Proportion of susceptibles at cutoff : 0.9776
(49,1) : 16
(48,2) : 3
(48,0) : 7
(50,0) : 54
(49,0) : 24
(46,1) : 2
(9,0) : 18
(7,1) : 1
(48,1) : 14
(8,0) : 29
(24,0) : 2
(14,0) : 13
(45,2) : 1
(47,1) : 6
(35,0) : 1
(3,0) : 55
(32,0) : 1
(1,0) : 160
(13,0) : 12
(40,0) : 1
(32,2) : 2
(14,1) : 3
(12,0) : 13
(47,2) : 2
(5,0) : 39
(34,0) : 1
(16,0) : 5
(47,3) : 1
(4,0) : 32
(15,0) : 11
(6,0) : 32
(17,1) : 1
(24,1) : 1
(45,1) : 1
(7,0) : 27
(42,3) : 1
(11,1) : 4
(13,1) : 1
(15,1) : 5
(2,0) : 77
(47,0) : 2
(46,3) : 1
(23,2) : 1
(36,0) : 1
(8,1) : 2
(10,0) : 10
(11,0) : 9
(27,0) : 1
(4,1) : 2
(5,1) : 1
(3,1) : 3
(0,1) : 1
(1,1) : 2
(6,1) : 3
(2,1) : 2
(10,1) : 2
(19,0) : 1
(0,0) : 2
