pop size : 10000, betaG : 0.08500, lambdaH : 0.10000, lambdaW : 0.00100, gamma : 0.12500, Tmax : 150.00, threshold of infected : 0.010
0.37 0.32 0.13 0.12 0.04 0.02 
0.2192 0.12 0.08 0.06 0.05 0.045 0.04 0.035 0.03 0.02 0.02 0.02 0.015 0.015 0.015 0.015 0.001 0.001 0.001 0.001 0.001 0.001 0.001 0.001 0.001 0.001 0.001 0.001 0.001 0.001 0.001 0.001 0.001 0.001 0.001 0.001 0.001 0.001 0.001 0.001 0.001 0.0001 0.0001 0.0001 0.0001 0.0001 0.0001 0.0001 0.0001 0.175 
Proportion of infected at cutoff : 0.0100
Proportion of susceptibles at cutoff : 0.9774
(47,1) : 3
(16,0) : 7
(48,1) : 13
(49,0) : 23
(5,0) : 29
(10,0) : 19
(49,1) : 15
(4,0) : 40
(48,0) : 8
(50,0) : 51
(14,0) : 13
(47,2) : 5
(13,0) : 10
(46,4) : 1
(7,1) : 2
(6,0) : 36
(9,0) : 26
(2,1) : 4
(11,0) : 13
(7,0) : 25
(8,0) : 19
(15,0) : 16
(36,1) : 1
(47,0) : 3
(47,3) : 2
(27,0) : 1
(13,1) : 2
(2,0) : 78
(12,1) : 1
(3,0) : 85
(12,0) : 11
(21,0) : 1
(19,0) : 1
(8,1) : 3
(9,1) : 1
(15,1) : 3
(28,0) : 1
(31,0) : 1
(38,0) : 2
(1,0) : 196
(10,1) : 2
(46,3) : 2
(44,2) : 2
(23,0) : 1
(5,1) : 1
(30,0) : 1
(9,2) : 1
(45,4) : 1
(46,2) : 1
(34,0) : 1
(20,1) : 1
(48,2) : 1
(5,2) : 1
(6,1) : 2
(22,0) : 1
(3,2) : 1
(0,0) : 2
(1,1) : 1
(0,1) : 1
