pop size : 10000, betaG : 0.08500, lambdaH : 0.10000, lambdaW : 0.00100, gamma : 0.12500, Tmax : 150.00, threshold of infected : 0.010
0.37 0.32 0.13 0.12 0.04 0.02 
0.2192 0.12 0.08 0.06 0.05 0.045 0.04 0.035 0.03 0.02 0.02 0.02 0.015 0.015 0.015 0.015 0.001 0.001 0.001 0.001 0.001 0.001 0.001 0.001 0.001 0.001 0.001 0.001 0.001 0.001 0.001 0.001 0.001 0.001 0.001 0.001 0.001 0.001 0.001 0.001 0.001 0.0001 0.0001 0.0001 0.0001 0.0001 0.0001 0.0001 0.0001 0.175 
Proportion of infected at cutoff : 0.0100
Proportion of susceptibles at cutoff : 0.9708
(10,0) : 19
(5,0) : 33
(50,0) : 39
(45,2) : 2
(48,0) : 5
(46,1) : 2
(49,1) : 20
(49,0) : 31
(15,0) : 14
(7,0) : 35
(3,0) : 72
(43,0) : 1
(48,1) : 5
(41,0) : 2
(8,0) : 28
(21,0) : 1
(12,0) : 10
(9,0) : 21
(3,1) : 3
(5,1) : 3
(33,1) : 1
(12,1) : 2
(47,2) : 2
(45,0) : 1
(11,0) : 12
(16,0) : 10
(47,3) : 1
(47,0) : 6
(46,2) : 3
(13,0) : 12
(2,0) : 97
(12,2) : 1
(4,0) : 46
(46,0) : 1
(32,0) : 1
(1,0) : 162
(14,0) : 10
(47,1) : 2
(31,1) : 1
(45,3) : 2
(45,1) : 1
(18,0) : 1
(35,0) : 3
(40,0) : 1
(33,0) : 1
(44,4) : 1
(13,1) : 1
(6,0) : 29
(30,2) : 1
(14,1) : 1
(8,1) : 5
(10,1) : 2
(34,2) : 1
(22,0) : 1
(7,1) : 1
(11,2) : 1
(17,1) : 1
(10,3) : 1
(15,1) : 2
(20,0) : 1
(4,1) : 2
(9,2) : 1
(1,1) : 2
(9,1) : 1
(0,0) : 4
(11,1) : 1
(6,1) : 1
