pop size : 10000, betaG : 0.08500, lambdaH : 0.10000, lambdaW : 0.00100, gamma : 0.12500, Tmax : 150.00, threshold of infected : 0.010
0.37 0.32 0.13 0.12 0.04 0.02 
0.2192 0.12 0.08 0.06 0.05 0.045 0.04 0.035 0.03 0.02 0.02 0.02 0.015 0.015 0.015 0.015 0.001 0.001 0.001 0.001 0.001 0.001 0.001 0.001 0.001 0.001 0.001 0.001 0.001 0.001 0.001 0.001 0.001 0.001 0.001 0.001 0.001 0.001 0.001 0.001 0.001 0.0001 0.0001 0.0001 0.0001 0.0001 0.0001 0.0001 0.0001 0.175 
Proportion of infected at cutoff : 0.0100
Proportion of susceptibles at cutoff : 0.9807
(50,0) : 56
(49,1) : 19
(35,0) : 2
(48,2) : 5
(49,0) : 18
(10,0) : 16
(13,2) : 1
(48,1) : 9
(46,0) : 1
(14,0) : 8
(46,2) : 3
(27,0) : 2
(47,3) : 2
(7,0) : 24
(12,0) : 12
(13,0) : 6
(5,0) : 36
(48,0) : 3
(15,0) : 12
(24,0) : 2
(6,0) : 44
(46,3) : 2
(47,1) : 4
(3,0) : 62
(1,0) : 150
(44,1) : 1
(23,1) : 1
(47,2) : 3
(16,0) : 8
(8,0) : 23
(6,1) : 2
(9,0) : 19
(11,0) : 13
(45,0) : 1
(19,0) : 1
(4,0) : 50
(2,0) : 85
(31,0) : 2
(44,0) : 1
(26,0) : 1
(33,1) : 1
(37,0) : 1
(29,1) : 1
(28,0) : 2
(23,0) : 1
(45,5) : 1
(40,0) : 2
(1,1) : 2
(30,1) : 1
(15,1) : 1
(33,0) : 1
(20,0) : 2
(2,1) : 3
(45,2) : 1
(14,1) : 1
(17,0) : 1
(14,2) : 1
(5,1) : 1
(11,1) : 1
(3,1) : 1
(8,1) : 1
(29,2) : 1
(12,1) : 1
(0,0) : 4
(7,1) : 2
