pop size : 10000, betaG : 0.08500, lambdaH : 0.10000, lambdaW : 0.00100, gamma : 0.12500, Tmax : 150.00, threshold of infected : 0.010
0.37 0.32 0.13 0.12 0.04 0.02 
0.2192 0.12 0.08 0.06 0.05 0.045 0.04 0.035 0.03 0.02 0.02 0.02 0.015 0.015 0.015 0.015 0.001 0.001 0.001 0.001 0.001 0.001 0.001 0.001 0.001 0.001 0.001 0.001 0.001 0.001 0.001 0.001 0.001 0.001 0.001 0.001 0.001 0.001 0.001 0.001 0.001 0.0001 0.0001 0.0001 0.0001 0.0001 0.0001 0.0001 0.0001 0.175 
Proportion of infected at cutoff : 0.0100
Proportion of susceptibles at cutoff : 0.9784
(50,0) : 45
(20,0) : 1
(47,2) : 8
(48,0) : 4
(49,0) : 20
(27,0) : 2
(14,0) : 11
(49,1) : 20
(16,0) : 10
(2,0) : 87
(4,0) : 46
(6,0) : 37
(11,0) : 12
(38,0) : 1
(44,2) : 2
(46,2) : 2
(38,3) : 1
(36,0) : 2
(31,1) : 1
(3,0) : 54
(7,0) : 28
(11,1) : 2
(5,0) : 42
(25,0) : 1
(45,2) : 1
(40,1) : 1
(41,0) : 1
(12,0) : 14
(47,0) : 2
(8,0) : 29
(28,0) : 1
(17,0) : 1
(46,4) : 1
(9,0) : 24
(15,0) : 10
(10,0) : 16
(48,2) : 1
(19,0) : 2
(46,1) : 2
(13,0) : 17
(48,1) : 9
(47,1) : 3
(29,0) : 1
(47,3) : 2
(26,0) : 2
(18,0) : 2
(1,0) : 180
(46,0) : 1
(32,1) : 1
(24,0) : 1
(23,1) : 1
(6,1) : 4
(32,0) : 1
(40,0) : 1
(14,1) : 1
(9,1) : 3
(7,1) : 3
(4,1) : 1
(13,1) : 1
(15,1) : 1
(1,1) : 1
(0,0) : 2
(8,1) : 2
(0,1) : 2
