pop size : 10000, betaG : 0.08500, lambdaH : 0.10000, lambdaW : 0.00100, gamma : 0.12500, Tmax : 150.00, threshold of infected : 0.010
0.37 0.32 0.13 0.12 0.04 0.02 
0.2192 0.12 0.08 0.06 0.05 0.045 0.04 0.035 0.03 0.02 0.02 0.02 0.015 0.015 0.015 0.015 0.001 0.001 0.001 0.001 0.001 0.001 0.001 0.001 0.001 0.001 0.001 0.001 0.001 0.001 0.001 0.001 0.001 0.001 0.001 0.001 0.001 0.001 0.001 0.001 0.001 0.0001 0.0001 0.0001 0.0001 0.0001 0.0001 0.0001 0.0001 0.175 
Proportion of infected at cutoff : 0.0100
Proportion of susceptibles at cutoff : 0.9766
(21,0) : 2
(13,0) : 10
(9,0) : 29
(8,0) : 21
(33,0) : 3
(49,1) : 18
(50,0) : 40
(48,1) : 6
(10,0) : 13
(2,0) : 110
(49,0) : 29
(48,0) : 9
(45,4) : 1
(46,2) : 3
(20,0) : 2
(16,0) : 5
(12,0) : 16
(13,1) : 2
(47,0) : 2
(26,1) : 1
(47,1) : 2
(45,3) : 1
(6,0) : 33
(1,0) : 185
(4,0) : 46
(43,1) : 1
(30,0) : 1
(48,2) : 7
(7,0) : 37
(11,1) : 4
(5,0) : 43
(47,2) : 4
(15,0) : 14
(47,3) : 1
(44,2) : 1
(27,0) : 2
(45,1) : 1
(3,0) : 62
(19,0) : 2
(28,0) : 1
(14,0) : 8
(28,1) : 1
(31,0) : 1
(11,0) : 7
(7,1) : 2
(35,2) : 1
(10,2) : 1
(29,2) : 1
(6,1) : 1
(31,2) : 1
(3,1) : 3
(18,0) : 1
(8,1) : 2
(38,0) : 1
(30,1) : 1
(38,2) : 1
(10,1) : 1
(5,2) : 1
(40,0) : 1
(2,1) : 1
(0,1) : 1
(0,0) : 1
