pop size : 10000, betaG : 0.08500, lambdaH : 0.10000, lambdaW : 0.00100, gamma : 0.12500, Tmax : 150.00, threshold of infected : 0.010
0.37 0.32 0.13 0.12 0.04 0.02 
0.2192 0.12 0.08 0.06 0.05 0.045 0.04 0.035 0.03 0.02 0.02 0.02 0.015 0.015 0.015 0.015 0.001 0.001 0.001 0.001 0.001 0.001 0.001 0.001 0.001 0.001 0.001 0.001 0.001 0.001 0.001 0.001 0.001 0.001 0.001 0.001 0.001 0.001 0.001 0.001 0.001 0.0001 0.0001 0.0001 0.0001 0.0001 0.0001 0.0001 0.0001 0.175 
Proportion of infected at cutoff : 0.0100
Proportion of susceptibles at cutoff : 0.9799
(32,0) : 1
(16,0) : 10
(50,0) : 60
(48,2) : 7
(7,0) : 19
(49,0) : 21
(49,1) : 23
(8,0) : 21
(9,0) : 14
(7,2) : 1
(46,3) : 1
(6,0) : 36
(48,1) : 9
(3,0) : 50
(47,1) : 2
(48,0) : 5
(2,0) : 96
(22,0) : 1
(5,0) : 34
(37,1) : 1
(29,1) : 1
(29,0) : 2
(13,0) : 7
(5,1) : 3
(10,0) : 8
(1,0) : 145
(14,0) : 9
(46,1) : 2
(24,1) : 1
(12,0) : 12
(11,0) : 7
(33,0) : 1
(43,2) : 1
(6,1) : 2
(30,1) : 1
(15,0) : 11
(26,1) : 1
(47,3) : 2
(35,1) : 1
(46,0) : 1
(27,0) : 1
(47,2) : 2
(4,0) : 46
(4,1) : 2
(11,1) : 2
(18,1) : 1
(21,0) : 2
(20,0) : 2
(34,0) : 1
(23,0) : 1
(45,0) : 1
(0,1) : 2
(9,1) : 3
(3,1) : 2
(21,1) : 1
(38,0) : 1
(13,1) : 1
(17,0) : 1
(7,1) : 1
(14,2) : 1
(8,1) : 1
(24,0) : 1
(2,1) : 1
(1,1) : 3
