pop size : 10000, betaG : 0.08500, lambdaH : 0.10000, lambdaW : 0.00100, gamma : 0.12500, Tmax : 150.00, threshold of infected : 0.010
0.37 0.32 0.13 0.12 0.04 0.02 
0.2192 0.12 0.08 0.06 0.05 0.045 0.04 0.035 0.03 0.02 0.02 0.02 0.015 0.015 0.015 0.015 0.001 0.001 0.001 0.001 0.001 0.001 0.001 0.001 0.001 0.001 0.001 0.001 0.001 0.001 0.001 0.001 0.001 0.001 0.001 0.001 0.001 0.001 0.001 0.001 0.001 0.0001 0.0001 0.0001 0.0001 0.0001 0.0001 0.0001 0.0001 0.175 
Proportion of infected at cutoff : 0.0100
Proportion of susceptibles at cutoff : 0.9816
(50,0) : 62
(49,1) : 17
(49,0) : 18
(10,0) : 11
(30,0) : 2
(14,0) : 11
(46,1) : 1
(9,0) : 28
(11,0) : 14
(25,0) : 2
(7,0) : 35
(16,0) : 6
(48,1) : 10
(12,1) : 3
(12,0) : 16
(47,2) : 2
(15,0) : 6
(13,0) : 14
(8,0) : 21
(32,1) : 1
(6,0) : 36
(2,0) : 94
(5,0) : 45
(1,0) : 157
(4,0) : 49
(47,1) : 4
(8,1) : 1
(46,3) : 1
(48,2) : 6
(48,0) : 4
(27,0) : 1
(46,4) : 2
(19,0) : 1
(47,0) : 1
(44,1) : 1
(44,4) : 1
(13,1) : 3
(3,0) : 60
(33,2) : 1
(44,6) : 1
(47,3) : 1
(29,0) : 1
(9,1) : 1
(10,1) : 1
(15,1) : 1
(7,1) : 1
(11,1) : 4
(39,0) : 1
(34,0) : 1
(27,1) : 1
(2,1) : 1
(3,1) : 1
(5,1) : 1
(1,1) : 2
(4,1) : 2
(6,1) : 1
(0,0) : 1
