pop size : 10000, betaG : 0.08500, lambdaH : 0.10000, lambdaW : 0.00100, gamma : 0.12500, Tmax : 150.00, threshold of infected : 0.010
0.37 0.32 0.13 0.12 0.04 0.02 
0.2192 0.12 0.08 0.06 0.05 0.045 0.04 0.035 0.03 0.02 0.02 0.02 0.015 0.015 0.015 0.015 0.001 0.001 0.001 0.001 0.001 0.001 0.001 0.001 0.001 0.001 0.001 0.001 0.001 0.001 0.001 0.001 0.001 0.001 0.001 0.001 0.001 0.001 0.001 0.001 0.001 0.0001 0.0001 0.0001 0.0001 0.0001 0.0001 0.0001 0.0001 0.175 
Proportion of infected at cutoff : 0.0100
Proportion of susceptibles at cutoff : 0.9792
(49,1) : 17
(48,2) : 7
(48,0) : 9
(49,0) : 28
(46,2) : 3
(50,0) : 53
(37,0) : 1
(4,0) : 48
(43,3) : 1
(15,0) : 11
(48,1) : 9
(1,0) : 158
(16,0) : 8
(12,0) : 14
(47,2) : 2
(9,0) : 18
(45,2) : 2
(2,0) : 87
(47,1) : 4
(13,0) : 10
(5,0) : 41
(9,1) : 3
(41,0) : 1
(7,0) : 25
(10,0) : 14
(14,0) : 8
(8,1) : 1
(3,0) : 50
(46,4) : 2
(19,0) : 1
(15,1) : 2
(11,0) : 12
(20,0) : 1
(28,1) : 1
(8,0) : 17
(27,1) : 1
(42,0) : 1
(11,1) : 1
(33,0) : 1
(40,0) : 1
(36,0) : 1
(38,2) : 1
(6,0) : 23
(25,0) : 1
(21,0) : 1
(5,1) : 6
(6,1) : 1
(23,0) : 2
(11,2) : 1
(4,1) : 1
(14,1) : 1
(13,3) : 1
(4,2) : 1
(3,1) : 1
(13,2) : 1
(0,1) : 1
