pop size : 10000, betaG : 0.08500, lambdaH : 0.10000, lambdaW : 0.00100, gamma : 0.12500, Tmax : 150.00, threshold of infected : 0.010
0.37 0.32 0.13 0.12 0.04 0.02 
0.2192 0.12 0.08 0.06 0.05 0.045 0.04 0.035 0.03 0.02 0.02 0.02 0.015 0.015 0.015 0.015 0.001 0.001 0.001 0.001 0.001 0.001 0.001 0.001 0.001 0.001 0.001 0.001 0.001 0.001 0.001 0.001 0.001 0.001 0.001 0.001 0.001 0.001 0.001 0.001 0.001 0.0001 0.0001 0.0001 0.0001 0.0001 0.0001 0.0001 0.0001 0.175 
Proportion of infected at cutoff : 0.0100
Proportion of susceptibles at cutoff : 0.9743
(50,0) : 50
(4,0) : 48
(16,0) : 9
(10,0) : 12
(49,0) : 27
(46,3) : 1
(3,0) : 46
(14,0) : 11
(48,2) : 4
(44,3) : 2
(11,0) : 15
(48,1) : 11
(48,0) : 6
(7,0) : 28
(43,4) : 1
(47,2) : 4
(45,3) : 1
(49,1) : 15
(45,1) : 2
(47,0) : 3
(6,0) : 24
(15,0) : 13
(34,1) : 1
(45,2) : 1
(5,0) : 38
(46,2) : 1
(46,0) : 1
(13,0) : 5
(12,0) : 15
(23,0) : 3
(34,0) : 1
(1,0) : 138
(14,1) : 1
(2,0) : 57
(5,2) : 1
(5,1) : 1
(8,0) : 23
(38,0) : 1
(47,3) : 2
(23,1) : 1
(41,0) : 1
(19,0) : 2
(9,1) : 1
(22,0) : 1
(39,0) : 1
(15,1) : 2
(9,0) : 13
(8,1) : 4
(46,1) : 2
(43,3) : 1
(47,1) : 2
(12,1) : 2
(20,0) : 2
(7,1) : 1
(27,0) : 1
(30,0) : 1
(32,0) : 1
(24,1) : 1
(2,1) : 1
(0,1) : 1
(1,1) : 2
(6,1) : 1
(13,1) : 1
(0,0) : 2
