pop size : 10000, betaG : 0.08500, lambdaH : 0.10000, lambdaW : 0.00100, gamma : 0.12500, Tmax : 150.00, threshold of infected : 0.010
0.37 0.32 0.13 0.12 0.04 0.02 
0.2192 0.12 0.08 0.06 0.05 0.045 0.04 0.035 0.03 0.02 0.02 0.02 0.015 0.015 0.015 0.015 0.001 0.001 0.001 0.001 0.001 0.001 0.001 0.001 0.001 0.001 0.001 0.001 0.001 0.001 0.001 0.001 0.001 0.001 0.001 0.001 0.001 0.001 0.001 0.001 0.001 0.0001 0.0001 0.0001 0.0001 0.0001 0.0001 0.0001 0.0001 0.175 
Proportion of infected at cutoff : 0.0100
Proportion of susceptibles at cutoff : 0.9769
(10,0) : 13
(47,1) : 6
(48,1) : 8
(50,0) : 43
(44,0) : 1
(8,0) : 24
(49,0) : 22
(49,1) : 14
(7,0) : 36
(9,0) : 20
(4,0) : 44
(12,0) : 15
(6,0) : 42
(13,0) : 10
(48,0) : 6
(21,2) : 1
(1,0) : 190
(15,0) : 10
(11,1) : 5
(38,0) : 1
(31,0) : 2
(46,0) : 1
(24,0) : 1
(4,1) : 4
(16,0) : 10
(45,3) : 2
(47,0) : 2
(24,1) : 1
(13,2) : 2
(48,2) : 9
(45,2) : 1
(2,0) : 99
(11,0) : 16
(46,1) : 2
(45,0) : 1
(3,0) : 56
(33,0) : 1
(25,0) : 1
(14,0) : 11
(36,1) : 1
(25,2) : 1
(41,0) : 1
(36,0) : 3
(35,2) : 1
(5,0) : 45
(44,2) : 1
(10,1) : 2
(22,0) : 1
(28,0) : 1
(21,0) : 1
(47,3) : 1
(18,0) : 1
(35,0) : 1
(37,0) : 1
(14,1) : 3
(46,4) : 1
(22,1) : 1
(1,1) : 1
(39,0) : 1
(47,2) : 1
(19,0) : 1
(0,0) : 3
(6,1) : 1
(9,2) : 1
(17,0) : 1
(3,1) : 1
(8,1) : 1
