pop size : 10000, betaG : 0.08500, lambdaH : 0.10000, lambdaW : 0.00100, gamma : 0.12500, Tmax : 150.00, threshold of infected : 0.010
0.37 0.32 0.13 0.12 0.04 0.02 
0.2192 0.12 0.08 0.06 0.05 0.045 0.04 0.035 0.03 0.02 0.02 0.02 0.015 0.015 0.015 0.015 0.001 0.001 0.001 0.001 0.001 0.001 0.001 0.001 0.001 0.001 0.001 0.001 0.001 0.001 0.001 0.001 0.001 0.001 0.001 0.001 0.001 0.001 0.001 0.001 0.001 0.0001 0.0001 0.0001 0.0001 0.0001 0.0001 0.0001 0.0001 0.175 
Proportion of infected at cutoff : 0.0100
Proportion of susceptibles at cutoff : 0.9762
(13,1) : 1
(49,0) : 19
(6,0) : 40
(46,1) : 1
(47,2) : 6
(50,0) : 50
(12,0) : 10
(30,1) : 1
(48,2) : 4
(14,0) : 17
(8,0) : 34
(3,0) : 77
(5,0) : 39
(48,0) : 7
(11,0) : 14
(29,0) : 1
(9,0) : 24
(42,3) : 1
(33,0) : 2
(49,1) : 18
(15,0) : 9
(1,0) : 181
(7,0) : 37
(47,0) : 2
(24,1) : 1
(13,0) : 11
(46,2) : 1
(47,1) : 5
(10,0) : 10
(18,0) : 1
(45,2) : 1
(2,0) : 115
(16,0) : 8
(4,0) : 44
(48,1) : 7
(9,1) : 2
(32,0) : 1
(41,0) : 3
(30,2) : 1
(10,1) : 2
(3,1) : 3
(4,2) : 1
(0,0) : 3
(4,1) : 1
(45,1) : 1
(46,3) : 2
(5,1) : 3
(12,1) : 2
(31,1) : 1
(22,0) : 1
(6,1) : 1
(6,2) : 1
(27,0) : 1
(1,1) : 2
(20,0) : 1
(36,0) : 1
(8,1) : 3
(0,1) : 5
(7,1) : 1
