pop size : 10000, betaG : 0.08500, lambdaH : 0.10000, lambdaW : 0.00100, gamma : 0.12500, Tmax : 150.00, threshold of infected : 0.010
0.37 0.32 0.13 0.12 0.04 0.02 
0.2192 0.12 0.08 0.06 0.05 0.045 0.04 0.035 0.03 0.02 0.02 0.02 0.015 0.015 0.015 0.015 0.001 0.001 0.001 0.001 0.001 0.001 0.001 0.001 0.001 0.001 0.001 0.001 0.001 0.001 0.001 0.001 0.001 0.001 0.001 0.001 0.001 0.001 0.001 0.001 0.001 0.0001 0.0001 0.0001 0.0001 0.0001 0.0001 0.0001 0.0001 0.175 
Proportion of infected at cutoff : 0.0100
Proportion of susceptibles at cutoff : 0.9788
(50,0) : 49
(6,0) : 38
(11,0) : 14
(49,0) : 23
(45,1) : 1
(35,0) : 5
(1,0) : 164
(48,0) : 8
(49,1) : 21
(8,0) : 34
(2,0) : 93
(13,0) : 12
(48,1) : 12
(3,0) : 61
(46,4) : 2
(32,0) : 1
(47,2) : 1
(38,0) : 1
(46,0) : 2
(5,0) : 39
(7,0) : 26
(10,0) : 15
(47,1) : 4
(42,6) : 1
(4,0) : 56
(39,1) : 1
(9,0) : 13
(36,0) : 2
(48,2) : 6
(46,3) : 1
(12,0) : 10
(16,0) : 5
(14,0) : 13
(30,2) : 1
(40,0) : 1
(6,1) : 3
(46,1) : 1
(4,1) : 1
(9,1) : 2
(14,1) : 2
(10,2) : 1
(31,0) : 1
(15,0) : 2
(12,1) : 2
(28,0) : 1
(25,0) : 1
(3,1) : 2
(1,2) : 1
(15,1) : 1
(27,0) : 1
(11,1) : 1
(8,1) : 3
(2,1) : 1
(7,1) : 1
(5,1) : 1
(1,1) : 3
(0,0) : 1
