pop size : 10000, betaG : 0.08500, lambdaH : 0.10000, lambdaW : 0.00100, gamma : 0.12500, Tmax : 150.00, threshold of infected : 0.010
0.37 0.32 0.13 0.12 0.04 0.02 
0.2192 0.12 0.08 0.06 0.05 0.045 0.04 0.035 0.03 0.02 0.02 0.02 0.015 0.015 0.015 0.015 0.001 0.001 0.001 0.001 0.001 0.001 0.001 0.001 0.001 0.001 0.001 0.001 0.001 0.001 0.001 0.001 0.001 0.001 0.001 0.001 0.001 0.001 0.001 0.001 0.001 0.0001 0.0001 0.0001 0.0001 0.0001 0.0001 0.0001 0.0001 0.175 
Proportion of infected at cutoff : 0.0100
Proportion of susceptibles at cutoff : 0.9728
(50,0) : 46
(46,2) : 4
(48,0) : 14
(49,0) : 22
(49,1) : 12
(48,1) : 12
(14,0) : 11
(44,1) : 1
(47,3) : 5
(46,3) : 1
(5,0) : 34
(15,0) : 10
(45,1) : 1
(47,2) : 3
(4,0) : 50
(47,1) : 4
(30,0) : 1
(8,0) : 12
(28,1) : 1
(13,0) : 18
(3,0) : 50
(17,0) : 1
(48,2) : 3
(16,0) : 10
(9,0) : 15
(2,0) : 82
(11,0) : 17
(1,0) : 164
(7,0) : 32
(6,0) : 30
(25,0) : 3
(47,0) : 2
(13,1) : 2
(39,1) : 1
(40,0) : 1
(46,1) : 2
(45,2) : 1
(10,0) : 9
(12,0) : 5
(26,0) : 1
(36,0) : 1
(46,0) : 2
(24,0) : 1
(34,1) : 1
(10,1) : 2
(25,1) : 1
(5,1) : 3
(7,1) : 2
(9,1) : 1
(33,0) : 1
(39,4) : 1
(2,1) : 2
(11,1) : 1
(13,2) : 1
(1,1) : 2
(22,0) : 2
(18,0) : 1
(20,0) : 1
(0,0) : 2
(0,1) : 2
(4,1) : 1
