pop size : 10000, betaG : 0.08500, lambdaH : 0.10000, lambdaW : 0.00100, gamma : 0.12500, Tmax : 150.00, threshold of infected : 0.010
0.37 0.32 0.13 0.12 0.04 0.02 
0.2192 0.12 0.08 0.06 0.05 0.045 0.04 0.035 0.03 0.02 0.02 0.02 0.015 0.015 0.015 0.015 0.001 0.001 0.001 0.001 0.001 0.001 0.001 0.001 0.001 0.001 0.001 0.001 0.001 0.001 0.001 0.001 0.001 0.001 0.001 0.001 0.001 0.001 0.001 0.001 0.001 0.0001 0.0001 0.0001 0.0001 0.0001 0.0001 0.0001 0.0001 0.175 
Proportion of infected at cutoff : 0.0100
Proportion of susceptibles at cutoff : 0.9779
(50,0) : 55
(49,0) : 22
(4,0) : 27
(46,1) : 2
(12,0) : 12
(48,0) : 8
(6,0) : 37
(30,0) : 4
(14,0) : 9
(47,1) : 4
(8,0) : 29
(13,0) : 14
(16,0) : 10
(48,1) : 7
(49,1) : 17
(15,0) : 13
(10,0) : 13
(48,2) : 7
(27,0) : 1
(5,0) : 32
(2,0) : 77
(31,0) : 1
(47,3) : 2
(11,0) : 13
(47,0) : 3
(1,0) : 159
(4,1) : 3
(3,0) : 62
(46,2) : 2
(9,0) : 13
(40,0) : 2
(7,0) : 18
(14,1) : 1
(32,0) : 1
(47,2) : 3
(40,3) : 1
(6,1) : 5
(23,0) : 1
(34,0) : 1
(25,0) : 1
(15,1) : 2
(32,4) : 1
(12,1) : 2
(7,1) : 3
(35,1) : 1
(13,1) : 1
(22,0) : 1
(43,2) : 1
(10,1) : 2
(21,0) : 1
(1,1) : 1
(8,1) : 1
(11,1) : 1
(5,1) : 2
(2,1) : 4
(3,1) : 1
(0,0) : 1
(0,1) : 1
