pop size : 10000, betaG : 0.08500, lambdaH : 0.10000, lambdaW : 0.00100, gamma : 0.12500, Tmax : 150.00, threshold of infected : 0.010
0.37 0.32 0.13 0.12 0.04 0.02 
0.2192 0.12 0.08 0.06 0.05 0.045 0.04 0.035 0.03 0.02 0.02 0.02 0.015 0.015 0.015 0.015 0.001 0.001 0.001 0.001 0.001 0.001 0.001 0.001 0.001 0.001 0.001 0.001 0.001 0.001 0.001 0.001 0.001 0.001 0.001 0.001 0.001 0.001 0.001 0.001 0.001 0.0001 0.0001 0.0001 0.0001 0.0001 0.0001 0.0001 0.0001 0.175 
Proportion of infected at cutoff : 0.0100
Proportion of susceptibles at cutoff : 0.9806
(48,1) : 6
(50,0) : 59
(49,0) : 22
(3,0) : 72
(12,0) : 11
(47,1) : 4
(48,2) : 3
(48,0) : 6
(13,0) : 12
(10,0) : 14
(6,0) : 36
(4,0) : 43
(16,0) : 9
(49,1) : 25
(5,0) : 31
(15,0) : 10
(38,0) : 1
(9,0) : 22
(8,0) : 29
(11,0) : 8
(45,2) : 1
(33,0) : 1
(11,1) : 2
(47,3) : 3
(45,4) : 1
(46,1) : 2
(11,2) : 1
(14,0) : 7
(32,0) : 1
(30,0) : 1
(1,0) : 157
(5,1) : 2
(7,0) : 23
(13,2) : 1
(12,3) : 1
(46,4) : 1
(2,0) : 93
(32,3) : 1
(13,1) : 1
(45,3) : 1
(8,1) : 2
(36,0) : 1
(44,2) : 1
(18,0) : 2
(25,0) : 1
(47,2) : 1
(10,1) : 1
(47,0) : 1
(21,1) : 1
(10,2) : 1
(15,1) : 2
(21,0) : 2
(2,2) : 1
(14,1) : 1
(1,1) : 2
(0,0) : 1
(2,1) : 1
(0,1) : 2
