pop size : 10000, betaG : 0.08500, lambdaH : 0.10000, lambdaW : 0.00100, gamma : 0.12500, Tmax : 150.00, threshold of infected : 0.010
0.37 0.32 0.13 0.12 0.04 0.02 
0.2192 0.12 0.08 0.06 0.05 0.045 0.04 0.035 0.03 0.02 0.02 0.02 0.015 0.015 0.015 0.015 0.001 0.001 0.001 0.001 0.001 0.001 0.001 0.001 0.001 0.001 0.001 0.001 0.001 0.001 0.001 0.001 0.001 0.001 0.001 0.001 0.001 0.001 0.001 0.001 0.001 0.0001 0.0001 0.0001 0.0001 0.0001 0.0001 0.0001 0.0001 0.175 
Proportion of infected at cutoff : 0.0100
Proportion of susceptibles at cutoff : 0.9749
(49,0) : 22
(46,1) : 3
(2,0) : 106
(43,3) : 1
(49,1) : 17
(50,0) : 50
(16,0) : 13
(7,0) : 28
(48,1) : 11
(8,0) : 29
(13,0) : 19
(1,0) : 124
(4,0) : 29
(47,1) : 3
(47,0) : 5
(10,0) : 15
(11,1) : 1
(6,0) : 37
(46,2) : 1
(32,0) : 1
(7,1) : 2
(48,2) : 3
(6,1) : 3
(11,0) : 12
(48,0) : 5
(5,0) : 31
(36,0) : 2
(45,3) : 1
(34,0) : 2
(39,0) : 1
(47,2) : 3
(12,0) : 12
(15,0) : 4
(29,1) : 2
(40,0) : 2
(3,0) : 60
(27,0) : 1
(15,1) : 2
(10,1) : 1
(9,0) : 14
(8,2) : 1
(45,2) : 2
(44,2) : 1
(26,0) : 3
(24,0) : 1
(14,0) : 9
(13,1) : 3
(44,0) : 1
(43,4) : 1
(3,2) : 1
(33,0) : 1
(2,1) : 2
(35,5) : 1
(26,1) : 1
(23,0) : 1
(20,0) : 1
(0,0) : 3
(9,3) : 1
(3,1) : 1
(9,1) : 1
(8,1) : 1
(0,1) : 3
(5,1) : 1
