pop size : 10000, betaG : 0.08500, lambdaH : 0.10000, lambdaW : 0.00100, gamma : 0.12500, Tmax : 150.00, threshold of infected : 0.010
0.37 0.32 0.13 0.12 0.04 0.02 
0.2192 0.12 0.08 0.06 0.05 0.045 0.04 0.035 0.03 0.02 0.02 0.02 0.015 0.015 0.015 0.015 0.001 0.001 0.001 0.001 0.001 0.001 0.001 0.001 0.001 0.001 0.001 0.001 0.001 0.001 0.001 0.001 0.001 0.001 0.001 0.001 0.001 0.001 0.001 0.001 0.001 0.0001 0.0001 0.0001 0.0001 0.0001 0.0001 0.0001 0.0001 0.175 
Proportion of infected at cutoff : 0.0100
Proportion of susceptibles at cutoff : 0.9736
(48,1) : 7
(49,1) : 17
(6,0) : 30
(13,0) : 11
(5,0) : 46
(50,0) : 42
(49,0) : 30
(48,2) : 4
(48,0) : 5
(7,0) : 31
(12,0) : 11
(10,0) : 14
(8,0) : 22
(33,0) : 2
(43,4) : 1
(46,1) : 1
(2,0) : 92
(4,0) : 32
(46,2) : 2
(45,4) : 1
(16,0) : 9
(47,2) : 3
(14,0) : 12
(30,0) : 1
(1,0) : 143
(47,3) : 4
(31,0) : 1
(47,0) : 4
(26,0) : 1
(11,0) : 14
(47,1) : 5
(9,0) : 23
(21,0) : 2
(46,3) : 2
(24,0) : 2
(3,0) : 52
(25,0) : 1
(39,0) : 2
(43,3) : 1
(18,0) : 1
(15,1) : 2
(34,1) : 1
(15,0) : 11
(13,1) : 2
(22,0) : 1
(10,1) : 2
(32,0) : 1
(41,1) : 1
(6,1) : 3
(46,0) : 1
(45,2) : 1
(40,0) : 1
(45,3) : 1
(1,1) : 1
(14,2) : 1
(4,1) : 1
(0,0) : 3
(3,1) : 1
(0,1) : 2
