pop size : 10000, betaG : 0.08500, lambdaH : 0.10000, lambdaW : 0.00100, gamma : 0.12500, Tmax : 150.00, threshold of infected : 0.010
0.37 0.32 0.13 0.12 0.04 0.02 
0.2192 0.12 0.08 0.06 0.05 0.045 0.04 0.035 0.03 0.02 0.02 0.02 0.015 0.015 0.015 0.015 0.001 0.001 0.001 0.001 0.001 0.001 0.001 0.001 0.001 0.001 0.001 0.001 0.001 0.001 0.001 0.001 0.001 0.001 0.001 0.001 0.001 0.001 0.001 0.001 0.001 0.0001 0.0001 0.0001 0.0001 0.0001 0.0001 0.0001 0.0001 0.175 
Proportion of infected at cutoff : 0.0100
Proportion of susceptibles at cutoff : 0.9778
(48,1) : 10
(49,0) : 26
(24,0) : 1
(16,0) : 6
(50,0) : 50
(38,3) : 1
(47,2) : 5
(30,1) : 1
(49,1) : 18
(48,0) : 7
(15,0) : 11
(5,0) : 41
(14,0) : 18
(47,3) : 1
(8,1) : 3
(7,0) : 32
(47,1) : 6
(13,0) : 7
(48,2) : 4
(10,1) : 4
(6,0) : 32
(9,0) : 20
(12,0) : 11
(11,0) : 15
(10,0) : 12
(46,4) : 1
(1,0) : 144
(46,2) : 3
(46,0) : 2
(13,1) : 3
(8,0) : 19
(3,0) : 49
(26,0) : 1
(47,0) : 1
(34,0) : 1
(46,3) : 2
(4,0) : 39
(32,0) : 1
(44,0) : 1
(27,0) : 1
(21,0) : 1
(36,2) : 1
(2,0) : 87
(5,1) : 3
(11,1) : 2
(19,0) : 2
(7,1) : 2
(9,1) : 1
(23,0) : 1
(1,1) : 4
(0,0) : 1
(0,1) : 1
