pop size : 10000, betaG : 0.08500, lambdaH : 0.10000, lambdaW : 0.00100, gamma : 0.12500, Tmax : 150.00, threshold of infected : 0.010
0.37 0.32 0.13 0.12 0.04 0.02 
0.2192 0.12 0.08 0.06 0.05 0.045 0.04 0.035 0.03 0.02 0.02 0.02 0.015 0.015 0.015 0.015 0.001 0.001 0.001 0.001 0.001 0.001 0.001 0.001 0.001 0.001 0.001 0.001 0.001 0.001 0.001 0.001 0.001 0.001 0.001 0.001 0.001 0.001 0.001 0.001 0.001 0.0001 0.0001 0.0001 0.0001 0.0001 0.0001 0.0001 0.0001 0.175 
Proportion of infected at cutoff : 0.0100
Proportion of susceptibles at cutoff : 0.9806
(49,1) : 24
(1,0) : 176
(48,2) : 5
(50,0) : 54
(49,0) : 22
(48,1) : 7
(46,2) : 1
(47,1) : 2
(5,0) : 48
(14,0) : 14
(8,0) : 22
(37,0) : 2
(48,0) : 4
(6,0) : 31
(47,2) : 4
(7,0) : 32
(10,0) : 15
(12,1) : 4
(4,0) : 39
(9,0) : 14
(11,0) : 9
(47,0) : 1
(46,4) : 2
(7,1) : 2
(13,0) : 2
(15,0) : 6
(44,3) : 1
(38,0) : 3
(46,1) : 1
(45,2) : 2
(20,0) : 1
(3,0) : 63
(2,0) : 84
(16,0) : 11
(22,0) : 2
(27,0) : 1
(35,0) : 1
(12,0) : 11
(31,0) : 2
(25,1) : 1
(19,0) : 2
(40,1) : 1
(11,1) : 2
(39,7) : 1
(4,1) : 1
(40,0) : 1
(24,0) : 1
(23,0) : 2
(10,1) : 1
(39,0) : 1
(17,0) : 2
(25,0) : 1
(9,1) : 2
(8,1) : 1
(20,1) : 1
(6,1) : 2
(15,1) : 1
(21,0) : 1
(5,1) : 1
(1,1) : 1
(3,1) : 1
(0,1) : 2
(0,0) : 2
