pop size : 10000, betaG : 0.08500, lambdaH : 0.10000, lambdaW : 0.00100, gamma : 0.12500, Tmax : 150.00, threshold of infected : 0.010
0.37 0.32 0.13 0.12 0.04 0.02 
0.2192 0.12 0.08 0.06 0.05 0.045 0.04 0.035 0.03 0.02 0.02 0.02 0.015 0.015 0.015 0.015 0.001 0.001 0.001 0.001 0.001 0.001 0.001 0.001 0.001 0.001 0.001 0.001 0.001 0.001 0.001 0.001 0.001 0.001 0.001 0.001 0.001 0.001 0.001 0.001 0.001 0.0001 0.0001 0.0001 0.0001 0.0001 0.0001 0.0001 0.0001 0.175 
Proportion of infected at cutoff : 0.0100
Proportion of susceptibles at cutoff : 0.9774
(15,0) : 8
(47,3) : 1
(48,0) : 10
(50,0) : 44
(7,0) : 28
(49,0) : 26
(48,1) : 7
(17,0) : 1
(11,0) : 17
(10,1) : 4
(45,5) : 1
(49,1) : 17
(6,0) : 26
(47,2) : 6
(13,0) : 10
(5,0) : 47
(12,0) : 20
(31,0) : 1
(45,2) : 1
(3,0) : 64
(48,2) : 4
(10,0) : 18
(14,0) : 9
(16,0) : 5
(46,4) : 1
(45,3) : 2
(4,1) : 1
(47,0) : 2
(4,0) : 35
(47,1) : 3
(29,0) : 2
(46,3) : 1
(9,0) : 16
(6,1) : 1
(1,0) : 179
(2,0) : 104
(27,0) : 2
(11,1) : 2
(42,1) : 1
(18,0) : 2
(8,0) : 30
(34,0) : 1
(26,1) : 1
(45,4) : 1
(44,2) : 1
(36,0) : 3
(21,0) : 1
(28,0) : 2
(20,0) : 1
(13,1) : 1
(10,2) : 2
(19,0) : 1
(8,1) : 1
(35,0) : 1
(14,1) : 1
(18,2) : 1
(22,0) : 2
(2,1) : 1
(23,0) : 1
(6,2) : 1
(1,1) : 1
(3,1) : 1
(0,0) : 1
