pop size : 10000, betaG : 0.08500, lambdaH : 0.10000, lambdaW : 0.00100, gamma : 0.12500, Tmax : 150.00, threshold of infected : 0.010
0.37 0.32 0.13 0.12 0.04 0.02 
0.2192 0.12 0.08 0.06 0.05 0.045 0.04 0.035 0.03 0.02 0.02 0.02 0.015 0.015 0.015 0.015 0.001 0.001 0.001 0.001 0.001 0.001 0.001 0.001 0.001 0.001 0.001 0.001 0.001 0.001 0.001 0.001 0.001 0.001 0.001 0.001 0.001 0.001 0.001 0.001 0.001 0.0001 0.0001 0.0001 0.0001 0.0001 0.0001 0.0001 0.0001 0.175 
Proportion of infected at cutoff : 0.0100
Proportion of susceptibles at cutoff : 0.9784
(15,0) : 10
(8,1) : 2
(50,0) : 62
(4,0) : 48
(49,1) : 17
(12,0) : 11
(3,0) : 62
(16,0) : 10
(10,0) : 16
(9,0) : 17
(5,0) : 41
(49,0) : 20
(13,0) : 10
(6,1) : 4
(48,1) : 9
(24,0) : 2
(11,0) : 16
(8,0) : 24
(39,1) : 1
(6,0) : 32
(48,2) : 3
(7,1) : 3
(1,0) : 178
(17,0) : 1
(13,1) : 1
(48,0) : 6
(46,1) : 5
(7,0) : 24
(2,0) : 92
(47,1) : 1
(45,5) : 1
(14,0) : 7
(46,2) : 3
(1,1) : 3
(27,1) : 1
(47,3) : 2
(47,0) : 2
(31,0) : 1
(45,2) : 1
(9,2) : 2
(9,1) : 2
(47,2) : 2
(20,0) : 1
(35,2) : 1
(42,0) : 1
(19,1) : 1
(28,0) : 1
(23,0) : 2
(4,1) : 5
(3,1) : 2
(38,1) : 1
(7,3) : 1
(11,1) : 1
(0,0) : 4
(12,1) : 1
(5,1) : 1
(0,1) : 1
