pop size : 10000, betaG : 0.08500, lambdaH : 0.10000, lambdaW : 0.00100, gamma : 0.12500, Tmax : 150.00, threshold of infected : 0.010
0.37 0.32 0.13 0.12 0.04 0.02 
0.2192 0.12 0.08 0.06 0.05 0.045 0.04 0.035 0.03 0.02 0.02 0.02 0.015 0.015 0.015 0.015 0.001 0.001 0.001 0.001 0.001 0.001 0.001 0.001 0.001 0.001 0.001 0.001 0.001 0.001 0.001 0.001 0.001 0.001 0.001 0.001 0.001 0.001 0.001 0.001 0.001 0.0001 0.0001 0.0001 0.0001 0.0001 0.0001 0.0001 0.0001 0.175 
Proportion of infected at cutoff : 0.0100
Proportion of susceptibles at cutoff : 0.9804
(5,0) : 30
(47,2) : 2
(50,0) : 59
(10,0) : 9
(49,0) : 24
(13,0) : 9
(15,1) : 1
(48,2) : 7
(2,0) : 93
(3,0) : 75
(7,0) : 29
(49,1) : 22
(16,0) : 6
(7,1) : 3
(5,1) : 2
(46,4) : 1
(15,0) : 11
(48,0) : 7
(1,0) : 152
(48,1) : 5
(14,0) : 10
(14,1) : 4
(23,0) : 1
(6,0) : 40
(9,0) : 21
(46,2) : 1
(4,0) : 35
(8,0) : 24
(35,1) : 1
(38,1) : 1
(46,1) : 1
(12,0) : 16
(7,2) : 1
(43,5) : 1
(11,0) : 9
(13,1) : 2
(44,3) : 1
(44,0) : 1
(36,1) : 1
(45,1) : 1
(47,3) : 1
(26,0) : 1
(45,2) : 1
(29,0) : 2
(47,0) : 1
(29,2) : 1
(0,1) : 1
(21,1) : 1
(11,1) : 1
(3,1) : 3
(6,1) : 2
(4,1) : 1
(17,0) : 1
(17,1) : 1
(10,1) : 1
(38,0) : 1
(8,1) : 2
(19,0) : 1
(9,1) : 1
(2,1) : 1
(0,0) : 1
