pop size : 10000, betaG : 0.08500, lambdaH : 0.10000, lambdaW : 0.00100, gamma : 0.12500, Tmax : 150.00, threshold of infected : 0.010
0.37 0.32 0.13 0.12 0.04 0.02 
0.2192 0.12 0.08 0.06 0.05 0.045 0.04 0.035 0.03 0.02 0.02 0.02 0.015 0.015 0.015 0.015 0.001 0.001 0.001 0.001 0.001 0.001 0.001 0.001 0.001 0.001 0.001 0.001 0.001 0.001 0.001 0.001 0.001 0.001 0.001 0.001 0.001 0.001 0.001 0.001 0.001 0.0001 0.0001 0.0001 0.0001 0.0001 0.0001 0.0001 0.0001 0.175 
Proportion of infected at cutoff : 0.0100
Proportion of susceptibles at cutoff : 0.9744
(50,0) : 50
(48,1) : 11
(14,0) : 7
(3,0) : 65
(5,0) : 36
(26,0) : 2
(15,0) : 9
(29,0) : 1
(46,0) : 3
(46,2) : 2
(49,0) : 25
(49,1) : 13
(48,2) : 2
(4,0) : 41
(48,0) : 11
(47,3) : 2
(6,0) : 37
(10,0) : 14
(44,4) : 2
(11,1) : 3
(1,0) : 157
(47,0) : 2
(13,0) : 5
(11,0) : 14
(16,0) : 5
(45,2) : 1
(47,2) : 2
(7,0) : 29
(46,1) : 2
(21,1) : 2
(15,1) : 3
(47,1) : 3
(7,1) : 5
(12,0) : 15
(8,0) : 18
(2,0) : 88
(46,3) : 1
(44,0) : 1
(9,0) : 14
(46,4) : 1
(22,0) : 1
(30,0) : 1
(31,0) : 2
(6,1) : 3
(2,1) : 2
(10,1) : 2
(27,0) : 1
(35,0) : 2
(8,1) : 1
(39,0) : 1
(40,3) : 1
(12,1) : 2
(32,0) : 1
(13,1) : 1
(5,1) : 1
(19,0) : 1
(28,0) : 1
(45,3) : 1
(9,1) : 2
(0,1) : 2
(23,0) : 1
(14,1) : 1
(0,0) : 2
