pop size : 10000, betaG : 0.08500, lambdaH : 0.10000, lambdaW : 0.00100, gamma : 0.12500, Tmax : 150.00, threshold of infected : 0.010
0.37 0.32 0.13 0.12 0.04 0.02 
0.2192 0.12 0.08 0.06 0.05 0.045 0.04 0.035 0.03 0.02 0.02 0.02 0.015 0.015 0.015 0.015 0.001 0.001 0.001 0.001 0.001 0.001 0.001 0.001 0.001 0.001 0.001 0.001 0.001 0.001 0.001 0.001 0.001 0.001 0.001 0.001 0.001 0.001 0.001 0.001 0.001 0.0001 0.0001 0.0001 0.0001 0.0001 0.0001 0.0001 0.0001 0.175 
Proportion of infected at cutoff : 0.0100
Proportion of susceptibles at cutoff : 0.9765
(49,1) : 19
(11,0) : 9
(50,0) : 54
(3,0) : 59
(13,0) : 10
(39,0) : 1
(9,0) : 21
(49,0) : 27
(6,0) : 26
(15,0) : 8
(12,1) : 3
(40,1) : 1
(47,2) : 4
(3,1) : 3
(48,1) : 11
(46,2) : 4
(26,0) : 1
(1,0) : 168
(7,0) : 32
(12,0) : 10
(7,1) : 2
(2,0) : 97
(47,0) : 3
(26,1) : 1
(5,0) : 33
(47,3) : 1
(8,0) : 26
(48,0) : 2
(4,0) : 48
(46,3) : 1
(45,0) : 1
(14,0) : 9
(28,0) : 1
(40,0) : 1
(48,2) : 2
(8,1) : 1
(42,5) : 1
(13,1) : 3
(16,0) : 9
(10,0) : 17
(45,1) : 1
(45,3) : 1
(6,1) : 3
(14,1) : 2
(31,2) : 1
(25,2) : 1
(32,0) : 1
(42,2) : 1
(41,0) : 1
(37,0) : 1
(30,0) : 1
(43,3) : 1
(10,1) : 2
(46,0) : 1
(12,2) : 1
(4,1) : 1
(1,1) : 1
(11,1) : 1
(0,0) : 1
