pop size : 10000, betaG : 0.08500, lambdaH : 0.10000, lambdaW : 0.00100, gamma : 0.12500, Tmax : 150.00, threshold of infected : 0.010
0.37 0.32 0.13 0.12 0.04 0.02 
0.2192 0.12 0.08 0.06 0.05 0.045 0.04 0.035 0.03 0.02 0.02 0.02 0.015 0.015 0.015 0.015 0.001 0.001 0.001 0.001 0.001 0.001 0.001 0.001 0.001 0.001 0.001 0.001 0.001 0.001 0.001 0.001 0.001 0.001 0.001 0.001 0.001 0.001 0.001 0.001 0.001 0.0001 0.0001 0.0001 0.0001 0.0001 0.0001 0.0001 0.0001 0.175 
Proportion of infected at cutoff : 0.0100
Proportion of susceptibles at cutoff : 0.9707
(48,1) : 12
(7,0) : 23
(12,0) : 10
(49,0) : 21
(33,0) : 1
(48,0) : 14
(8,0) : 22
(25,1) : 1
(50,0) : 42
(14,0) : 13
(13,0) : 11
(5,0) : 35
(49,1) : 17
(47,1) : 2
(48,2) : 4
(10,0) : 14
(15,0) : 9
(9,0) : 19
(30,0) : 1
(2,0) : 105
(14,1) : 2
(16,0) : 7
(1,0) : 173
(9,1) : 2
(45,2) : 3
(3,0) : 62
(11,0) : 12
(45,4) : 1
(4,0) : 52
(47,0) : 4
(13,1) : 4
(42,3) : 1
(46,1) : 2
(47,2) : 2
(20,0) : 1
(19,0) : 1
(46,0) : 2
(44,3) : 1
(32,2) : 1
(6,0) : 42
(46,2) : 2
(26,0) : 1
(31,0) : 1
(38,0) : 1
(44,0) : 1
(39,0) : 1
(45,0) : 1
(24,0) : 1
(17,0) : 1
(5,1) : 1
(21,0) : 1
(47,3) : 1
(23,0) : 1
(11,1) : 2
(7,1) : 1
(8,2) : 1
(6,1) : 2
(0,1) : 1
(4,1) : 2
(8,1) : 1
(13,2) : 1
(2,1) : 3
(6,2) : 1
(3,1) : 1
(1,1) : 1
(0,0) : 1
