pop size : 10000, betaG : 0.08500, lambdaH : 0.10000, lambdaW : 0.00100, gamma : 0.12500, Tmax : 150.00, threshold of infected : 0.010
0.37 0.32 0.13 0.12 0.04 0.02 
0.2192 0.12 0.08 0.06 0.05 0.045 0.04 0.035 0.03 0.02 0.02 0.02 0.015 0.015 0.015 0.015 0.001 0.001 0.001 0.001 0.001 0.001 0.001 0.001 0.001 0.001 0.001 0.001 0.001 0.001 0.001 0.001 0.001 0.001 0.001 0.001 0.001 0.001 0.001 0.001 0.001 0.0001 0.0001 0.0001 0.0001 0.0001 0.0001 0.0001 0.0001 0.175 
Proportion of infected at cutoff : 0.0100
Proportion of susceptibles at cutoff : 0.9737
(49,0) : 26
(15,0) : 8
(2,0) : 98
(50,0) : 44
(46,3) : 3
(10,0) : 23
(7,0) : 33
(47,2) : 7
(48,2) : 4
(8,0) : 20
(6,0) : 25
(49,1) : 15
(11,1) : 4
(14,0) : 11
(48,1) : 9
(13,0) : 11
(16,0) : 9
(1,1) : 4
(9,0) : 10
(48,0) : 10
(29,0) : 1
(44,2) : 1
(3,0) : 77
(45,0) : 1
(47,0) : 3
(41,0) : 1
(47,1) : 3
(46,0) : 1
(27,0) : 2
(1,0) : 180
(11,0) : 17
(0,0) : 3
(46,1) : 2
(4,0) : 46
(5,0) : 44
(32,0) : 1
(12,0) : 12
(22,0) : 1
(39,0) : 1
(26,0) : 2
(9,1) : 3
(4,1) : 5
(45,1) : 1
(33,1) : 1
(45,3) : 1
(34,1) : 1
(44,3) : 1
(7,2) : 1
(6,1) : 2
(36,1) : 1
(31,1) : 1
(8,1) : 1
(12,1) : 1
(3,1) : 2
(5,1) : 1
(2,1) : 1
(0,1) : 1
