pop size : 10000, betaG : 0.08500, lambdaH : 0.10000, lambdaW : 0.00100, gamma : 0.12500, Tmax : 150.00, threshold of infected : 0.010
0.37 0.32 0.13 0.12 0.04 0.02 
0.2192 0.12 0.08 0.06 0.05 0.045 0.04 0.035 0.03 0.02 0.02 0.02 0.015 0.015 0.015 0.015 0.001 0.001 0.001 0.001 0.001 0.001 0.001 0.001 0.001 0.001 0.001 0.001 0.001 0.001 0.001 0.001 0.001 0.001 0.001 0.001 0.001 0.001 0.001 0.001 0.001 0.0001 0.0001 0.0001 0.0001 0.0001 0.0001 0.0001 0.0001 0.175 
Proportion of infected at cutoff : 0.0100
Proportion of susceptibles at cutoff : 0.9693
(48,2) : 7
(5,0) : 41
(16,0) : 5
(9,0) : 21
(49,0) : 28
(48,0) : 7
(49,1) : 15
(11,0) : 10
(50,0) : 36
(8,0) : 37
(29,0) : 1
(14,0) : 11
(33,0) : 1
(47,0) : 5
(27,0) : 2
(44,2) : 1
(46,0) : 3
(0,0) : 2
(28,1) : 1
(41,4) : 1
(24,0) : 1
(12,0) : 11
(7,0) : 35
(46,3) : 1
(48,1) : 8
(1,0) : 164
(19,1) : 1
(4,0) : 36
(6,0) : 41
(46,2) : 6
(47,1) : 8
(21,0) : 2
(45,0) : 2
(44,0) : 2
(46,1) : 2
(12,1) : 3
(2,0) : 90
(30,0) : 1
(3,0) : 47
(32,0) : 1
(44,1) : 1
(45,2) : 1
(10,0) : 10
(15,0) : 6
(4,1) : 2
(43,2) : 2
(31,0) : 1
(9,1) : 1
(45,3) : 1
(35,0) : 1
(5,1) : 1
(40,0) : 1
(22,0) : 1
(13,0) : 3
(7,1) : 2
(8,1) : 2
(2,1) : 1
(13,1) : 1
(6,1) : 1
(13,2) : 1
(10,1) : 1
(15,1) : 1
(3,1) : 1
(0,1) : 1
