pop size : 10000, betaG : 0.08500, lambdaH : 0.10000, lambdaW : 0.00100, gamma : 0.12500, Tmax : 150.00, threshold of infected : 0.010
0.37 0.32 0.13 0.12 0.04 0.02 
0.2192 0.12 0.08 0.06 0.05 0.045 0.04 0.035 0.03 0.02 0.02 0.02 0.015 0.015 0.015 0.015 0.001 0.001 0.001 0.001 0.001 0.001 0.001 0.001 0.001 0.001 0.001 0.001 0.001 0.001 0.001 0.001 0.001 0.001 0.001 0.001 0.001 0.001 0.001 0.001 0.001 0.0001 0.0001 0.0001 0.0001 0.0001 0.0001 0.0001 0.0001 0.175 
Proportion of infected at cutoff : 0.0100
Proportion of susceptibles at cutoff : 0.9710
(49,1) : 19
(47,2) : 2
(48,0) : 15
(50,0) : 38
(26,0) : 3
(3,0) : 57
(9,0) : 21
(5,0) : 44
(39,0) : 2
(4,0) : 54
(48,1) : 10
(15,0) : 10
(48,2) : 9
(46,0) : 1
(46,1) : 4
(14,1) : 1
(14,0) : 12
(42,0) : 1
(8,0) : 23
(1,0) : 189
(30,0) : 1
(5,1) : 2
(47,3) : 1
(6,0) : 29
(47,0) : 3
(41,0) : 2
(49,0) : 13
(47,1) : 4
(36,0) : 1
(2,0) : 97
(12,0) : 19
(29,0) : 2
(11,0) : 15
(24,0) : 1
(44,1) : 1
(13,0) : 7
(18,0) : 1
(27,0) : 1
(7,0) : 34
(6,1) : 2
(44,0) : 1
(19,0) : 2
(7,1) : 2
(10,0) : 14
(9,2) : 1
(16,0) : 3
(34,0) : 1
(21,0) : 2
(34,1) : 1
(27,2) : 1
(45,1) : 1
(31,0) : 1
(44,3) : 1
(25,0) : 1
(24,1) : 1
(28,0) : 1
(37,0) : 1
(13,1) : 1
(13,2) : 1
(1,1) : 5
(18,1) : 1
(8,1) : 2
(0,0) : 1
(9,1) : 2
(20,2) : 1
(4,1) : 2
(0,1) : 1
(3,1) : 1
(2,1) : 1
