pop size : 10000, betaG : 0.08500, lambdaH : 0.10000, lambdaW : 0.00100, gamma : 0.12500, Tmax : 150.00, threshold of infected : 0.010
0.37 0.32 0.13 0.12 0.04 0.02 
0.2192 0.12 0.08 0.06 0.05 0.045 0.04 0.035 0.03 0.02 0.02 0.02 0.015 0.015 0.015 0.015 0.001 0.001 0.001 0.001 0.001 0.001 0.001 0.001 0.001 0.001 0.001 0.001 0.001 0.001 0.001 0.001 0.001 0.001 0.001 0.001 0.001 0.001 0.001 0.001 0.001 0.0001 0.0001 0.0001 0.0001 0.0001 0.0001 0.0001 0.0001 0.175 
Proportion of infected at cutoff : 0.0100
Proportion of susceptibles at cutoff : 0.9750
(49,0) : 22
(47,2) : 4
(8,0) : 33
(49,1) : 17
(4,0) : 48
(50,0) : 47
(8,1) : 3
(2,0) : 81
(11,0) : 18
(1,0) : 159
(36,1) : 1
(9,1) : 3
(15,0) : 8
(35,0) : 1
(46,2) : 2
(48,2) : 6
(3,0) : 58
(48,1) : 9
(7,0) : 27
(10,0) : 14
(25,0) : 2
(3,1) : 6
(6,0) : 27
(5,0) : 35
(48,0) : 8
(14,0) : 15
(15,1) : 1
(13,0) : 7
(44,3) : 1
(47,0) : 4
(16,0) : 5
(47,1) : 4
(24,0) : 2
(10,1) : 1
(12,0) : 14
(46,0) : 3
(26,0) : 1
(44,1) : 1
(19,0) : 1
(46,3) : 1
(7,1) : 2
(18,1) : 2
(11,1) : 5
(37,0) : 1
(18,0) : 1
(9,0) : 21
(45,0) : 1
(0,0) : 5
(34,1) : 1
(4,1) : 1
(27,0) : 1
(23,0) : 1
(23,1) : 1
(13,1) : 3
(31,0) : 1
(45,3) : 1
(6,1) : 1
(22,0) : 1
(12,1) : 1
(1,1) : 3
(2,1) : 1
