pop size : 10000, betaG : 0.08500, lambdaH : 0.10000, lambdaW : 0.00100, gamma : 0.12500, Tmax : 150.00, threshold of infected : 0.010
0.37 0.32 0.13 0.12 0.04 0.02 
0.2192 0.12 0.08 0.06 0.05 0.045 0.04 0.035 0.03 0.02 0.02 0.02 0.015 0.015 0.015 0.015 0.001 0.001 0.001 0.001 0.001 0.001 0.001 0.001 0.001 0.001 0.001 0.001 0.001 0.001 0.001 0.001 0.001 0.001 0.001 0.001 0.001 0.001 0.001 0.001 0.001 0.0001 0.0001 0.0001 0.0001 0.0001 0.0001 0.0001 0.0001 0.175 
Proportion of infected at cutoff : 0.0100
Proportion of susceptibles at cutoff : 0.9780
(14,0) : 13
(49,0) : 19
(50,0) : 52
(48,1) : 9
(46,3) : 2
(7,0) : 25
(48,0) : 12
(11,0) : 16
(43,4) : 1
(15,0) : 5
(47,2) : 3
(4,0) : 29
(49,1) : 13
(10,0) : 13
(2,0) : 86
(12,1) : 1
(46,2) : 4
(13,0) : 9
(3,0) : 52
(6,0) : 35
(9,0) : 17
(47,3) : 1
(47,1) : 5
(8,0) : 32
(5,0) : 36
(27,0) : 2
(12,0) : 13
(24,1) : 1
(16,0) : 10
(21,0) : 2
(13,1) : 1
(16,1) : 1
(40,0) : 3
(24,0) : 2
(48,2) : 8
(28,1) : 1
(33,0) : 1
(32,0) : 3
(46,1) : 1
(23,0) : 1
(38,0) : 3
(46,0) : 1
(23,2) : 1
(1,0) : 153
(35,0) : 1
(8,1) : 1
(5,1) : 3
(15,1) : 2
(20,0) : 1
(14,1) : 1
(10,1) : 1
(11,1) : 1
(12,2) : 1
(3,1) : 3
(2,2) : 1
(0,0) : 3
(6,1) : 1
(1,1) : 1
(0,1) : 4
