pop size : 10000, betaG : 0.08500, lambdaH : 0.10000, lambdaW : 0.00100, gamma : 0.12500, Tmax : 150.00, threshold of infected : 0.010
0.37 0.32 0.13 0.12 0.04 0.02 
0.2192 0.12 0.08 0.06 0.05 0.045 0.04 0.035 0.03 0.02 0.02 0.02 0.015 0.015 0.015 0.015 0.001 0.001 0.001 0.001 0.001 0.001 0.001 0.001 0.001 0.001 0.001 0.001 0.001 0.001 0.001 0.001 0.001 0.001 0.001 0.001 0.001 0.001 0.001 0.001 0.001 0.0001 0.0001 0.0001 0.0001 0.0001 0.0001 0.0001 0.0001 0.175 
Proportion of infected at cutoff : 0.0100
Proportion of susceptibles at cutoff : 0.9769
(15,1) : 4
(45,3) : 1
(2,0) : 87
(27,0) : 1
(9,0) : 16
(10,0) : 16
(47,0) : 7
(14,0) : 19
(49,0) : 21
(4,1) : 2
(50,0) : 48
(48,2) : 3
(45,0) : 1
(47,2) : 7
(48,0) : 4
(4,0) : 42
(15,0) : 14
(6,0) : 45
(45,1) : 1
(46,2) : 1
(48,1) : 8
(30,0) : 3
(5,0) : 40
(8,1) : 2
(16,0) : 9
(37,1) : 1
(49,1) : 15
(47,1) : 2
(47,3) : 1
(11,0) : 14
(19,1) : 1
(3,0) : 65
(8,0) : 32
(1,0) : 176
(46,3) : 1
(13,0) : 13
(7,0) : 32
(32,0) : 1
(46,1) : 1
(46,0) : 1
(12,0) : 10
(11,1) : 1
(46,4) : 1
(12,1) : 3
(35,0) : 1
(39,0) : 1
(34,0) : 1
(22,0) : 1
(5,1) : 4
(25,1) : 1
(7,1) : 2
(44,2) : 1
(10,1) : 2
(12,2) : 1
(6,1) : 2
(21,0) : 1
(9,1) : 2
(18,0) : 1
(13,2) : 1
(5,2) : 1
(0,1) : 2
(3,1) : 1
(0,0) : 1
