pop size : 10000, betaG : 0.08500, lambdaH : 0.10000, lambdaW : 0.00100, gamma : 0.12500, Tmax : 150.00, threshold of infected : 0.010
0.37 0.32 0.13 0.12 0.04 0.02 
0.2192 0.12 0.08 0.06 0.05 0.045 0.04 0.035 0.03 0.02 0.02 0.02 0.015 0.015 0.015 0.015 0.001 0.001 0.001 0.001 0.001 0.001 0.001 0.001 0.001 0.001 0.001 0.001 0.001 0.001 0.001 0.001 0.001 0.001 0.001 0.001 0.001 0.001 0.001 0.001 0.001 0.0001 0.0001 0.0001 0.0001 0.0001 0.0001 0.0001 0.0001 0.175 
Proportion of infected at cutoff : 0.0100
Proportion of susceptibles at cutoff : 0.9762
(7,0) : 30
(49,1) : 19
(49,0) : 28
(39,0) : 1
(50,0) : 33
(5,0) : 37
(48,2) : 10
(3,0) : 50
(46,0) : 1
(47,0) : 4
(2,0) : 73
(41,0) : 2
(13,0) : 13
(10,0) : 15
(45,0) : 2
(22,0) : 3
(1,0) : 160
(12,0) : 11
(40,0) : 3
(11,0) : 14
(5,1) : 2
(47,1) : 1
(8,0) : 24
(14,0) : 13
(16,0) : 6
(46,3) : 3
(48,0) : 7
(28,0) : 1
(6,0) : 26
(29,2) : 1
(46,1) : 2
(47,2) : 3
(39,1) : 1
(9,0) : 30
(43,4) : 1
(48,1) : 6
(15,0) : 8
(33,1) : 1
(35,0) : 4
(33,0) : 2
(46,2) : 1
(23,0) : 2
(25,0) : 1
(18,0) : 1
(38,0) : 2
(34,0) : 2
(25,1) : 1
(31,0) : 1
(4,0) : 31
(13,1) : 2
(17,0) : 2
(19,1) : 1
(12,1) : 1
(8,1) : 5
(6,1) : 1
(26,0) : 1
(39,2) : 1
(27,0) : 1
(10,1) : 2
(47,3) : 1
(15,1) : 1
(2,1) : 1
(9,1) : 1
(4,1) : 1
(7,1) : 1
(3,1) : 1
(1,1) : 1
(0,0) : 2
