pop size : 10000, betaG : 0.08500, lambdaH : 0.10000, lambdaW : 0.00100, gamma : 0.12500, Tmax : 150.00, threshold of infected : 0.010
0.37 0.32 0.13 0.12 0.04 0.02 
0.2192 0.12 0.08 0.06 0.05 0.045 0.04 0.035 0.03 0.02 0.02 0.02 0.015 0.015 0.015 0.015 0.001 0.001 0.001 0.001 0.001 0.001 0.001 0.001 0.001 0.001 0.001 0.001 0.001 0.001 0.001 0.001 0.001 0.001 0.001 0.001 0.001 0.001 0.001 0.001 0.001 0.0001 0.0001 0.0001 0.0001 0.0001 0.0001 0.0001 0.0001 0.175 
Proportion of infected at cutoff : 0.0100
Proportion of susceptibles at cutoff : 0.9766
(47,2) : 1
(10,0) : 13
(48,1) : 7
(50,0) : 48
(48,0) : 8
(11,0) : 15
(47,1) : 6
(12,0) : 18
(49,0) : 26
(3,0) : 55
(47,3) : 2
(11,1) : 2
(49,1) : 13
(24,0) : 1
(8,0) : 31
(1,0) : 155
(30,1) : 1
(40,0) : 1
(14,1) : 3
(9,0) : 25
(45,0) : 1
(15,0) : 6
(6,0) : 39
(42,5) : 1
(48,2) : 7
(38,0) : 1
(5,0) : 23
(4,0) : 49
(13,0) : 10
(2,0) : 86
(5,1) : 5
(27,0) : 1
(9,1) : 3
(44,3) : 1
(14,0) : 11
(8,1) : 2
(33,1) : 1
(29,0) : 3
(13,1) : 2
(7,0) : 30
(46,0) : 1
(35,1) : 1
(25,0) : 1
(35,0) : 3
(47,0) : 1
(46,1) : 1
(16,0) : 7
(16,1) : 1
(46,3) : 1
(46,2) : 1
(7,1) : 2
(43,0) : 1
(23,1) : 1
(34,2) : 1
(39,0) : 1
(30,0) : 1
(44,4) : 1
(15,1) : 2
(0,0) : 3
(2,1) : 1
(3,1) : 2
(10,1) : 1
(4,1) : 1
(0,1) : 1
