pop size : 10000, betaG : 0.08500, lambdaH : 0.10000, lambdaW : 0.00100, gamma : 0.12500, Tmax : 150.00, threshold of infected : 0.010
0.37 0.32 0.13 0.12 0.04 0.02 
0.2192 0.12 0.08 0.06 0.05 0.045 0.04 0.035 0.03 0.02 0.02 0.02 0.015 0.015 0.015 0.015 0.001 0.001 0.001 0.001 0.001 0.001 0.001 0.001 0.001 0.001 0.001 0.001 0.001 0.001 0.001 0.001 0.001 0.001 0.001 0.001 0.001 0.001 0.001 0.001 0.001 0.0001 0.0001 0.0001 0.0001 0.0001 0.0001 0.0001 0.0001 0.175 
Proportion of infected at cutoff : 0.0100
Proportion of susceptibles at cutoff : 0.9802
(50,0) : 60
(49,0) : 18
(30,0) : 1
(5,0) : 38
(49,1) : 23
(2,0) : 77
(3,0) : 62
(45,3) : 2
(46,2) : 3
(4,0) : 53
(46,1) : 2
(8,0) : 23
(48,2) : 6
(7,0) : 29
(18,0) : 1
(48,1) : 9
(9,0) : 19
(47,2) : 2
(1,0) : 172
(13,0) : 14
(46,0) : 3
(48,0) : 4
(6,0) : 34
(12,0) : 8
(16,0) : 6
(15,0) : 10
(11,0) : 14
(14,0) : 7
(13,1) : 1
(29,0) : 1
(47,0) : 2
(31,0) : 1
(10,0) : 12
(12,1) : 2
(15,1) : 2
(47,1) : 1
(45,2) : 1
(30,1) : 1
(32,0) : 1
(6,1) : 1
(14,1) : 2
(46,3) : 1
(10,1) : 2
(4,1) : 3
(28,0) : 1
(8,1) : 3
(3,1) : 1
(9,1) : 4
(33,0) : 1
(0,1) : 3
(41,0) : 1
(27,0) : 1
(13,2) : 1
(5,1) : 1
(9,2) : 1
(2,1) : 1
(1,1) : 1
