pop size : 10000, betaG : 0.08500, lambdaH : 0.10000, lambdaW : 0.00100, gamma : 0.12500, Tmax : 150.00, threshold of infected : 0.010
0.37 0.32 0.13 0.12 0.04 0.02 
0.2192 0.12 0.08 0.06 0.05 0.045 0.04 0.035 0.03 0.02 0.02 0.02 0.015 0.015 0.015 0.015 0.001 0.001 0.001 0.001 0.001 0.001 0.001 0.001 0.001 0.001 0.001 0.001 0.001 0.001 0.001 0.001 0.001 0.001 0.001 0.001 0.001 0.001 0.001 0.001 0.001 0.0001 0.0001 0.0001 0.0001 0.0001 0.0001 0.0001 0.0001 0.175 
Proportion of infected at cutoff : 0.0100
Proportion of susceptibles at cutoff : 0.9797
(49,1) : 27
(50,0) : 41
(49,0) : 27
(14,0) : 13
(29,0) : 3
(13,0) : 7
(7,0) : 30
(48,0) : 7
(2,0) : 99
(38,0) : 2
(10,0) : 15
(5,0) : 38
(44,2) : 2
(48,1) : 9
(4,0) : 50
(31,0) : 3
(47,2) : 4
(11,0) : 16
(48,2) : 2
(15,1) : 3
(12,0) : 11
(3,0) : 51
(8,0) : 26
(35,0) : 2
(9,0) : 21
(26,0) : 1
(17,0) : 2
(9,1) : 3
(2,1) : 2
(36,0) : 1
(34,1) : 1
(1,0) : 174
(31,1) : 1
(6,0) : 31
(47,1) : 1
(8,1) : 5
(15,0) : 8
(20,0) : 1
(44,1) : 1
(44,4) : 1
(47,3) : 3
(20,1) : 1
(16,0) : 7
(39,0) : 1
(46,3) : 1
(47,0) : 1
(25,0) : 2
(7,1) : 3
(33,1) : 1
(39,2) : 1
(9,2) : 1
(34,0) : 1
(3,1) : 1
(11,1) : 1
(30,0) : 1
(5,2) : 1
(0,1) : 1
(4,1) : 1
(0,0) : 2
