pop size : 10000, betaG : 0.08500, lambdaH : 0.10000, lambdaW : 0.00100, gamma : 0.12500, Tmax : 150.00, threshold of infected : 0.010
0.37 0.32 0.13 0.12 0.04 0.02 
0.2192 0.12 0.08 0.06 0.05 0.045 0.04 0.035 0.03 0.02 0.02 0.02 0.015 0.015 0.015 0.015 0.001 0.001 0.001 0.001 0.001 0.001 0.001 0.001 0.001 0.001 0.001 0.001 0.001 0.001 0.001 0.001 0.001 0.001 0.001 0.001 0.001 0.001 0.001 0.001 0.001 0.0001 0.0001 0.0001 0.0001 0.0001 0.0001 0.0001 0.0001 0.175 
Proportion of infected at cutoff : 0.0100
Proportion of susceptibles at cutoff : 0.9800
(50,0) : 53
(49,0) : 19
(49,1) : 23
(8,0) : 13
(13,0) : 10
(10,0) : 17
(7,0) : 23
(15,0) : 13
(14,0) : 10
(48,1) : 6
(16,0) : 17
(35,0) : 1
(1,0) : 174
(47,2) : 9
(2,0) : 90
(6,0) : 27
(48,2) : 3
(37,0) : 2
(9,0) : 21
(46,3) : 2
(42,0) : 1
(31,2) : 1
(4,0) : 39
(11,0) : 21
(46,1) : 2
(12,0) : 13
(31,0) : 1
(3,0) : 48
(48,0) : 7
(45,0) : 1
(19,1) : 1
(8,1) : 1
(5,0) : 33
(24,0) : 1
(28,1) : 1
(28,0) : 1
(13,1) : 1
(47,3) : 2
(40,0) : 1
(44,1) : 1
(47,0) : 1
(9,1) : 2
(34,0) : 2
(27,0) : 1
(19,0) : 1
(29,0) : 1
(1,1) : 3
(30,0) : 1
(45,2) : 1
(0,0) : 3
(7,1) : 2
(5,1) : 3
(6,1) : 1
(39,0) : 1
(11,1) : 2
(3,1) : 1
(20,0) : 1
(4,1) : 2
(15,1) : 1
(2,1) : 2
(0,1) : 5
