pop size : 10000, betaG : 0.08500, lambdaH : 0.10000, lambdaW : 0.00100, gamma : 0.12500, Tmax : 150.00, threshold of infected : 0.010
0.37 0.32 0.13 0.12 0.04 0.02 
0.2192 0.12 0.08 0.06 0.05 0.045 0.04 0.035 0.03 0.02 0.02 0.02 0.015 0.015 0.015 0.015 0.001 0.001 0.001 0.001 0.001 0.001 0.001 0.001 0.001 0.001 0.001 0.001 0.001 0.001 0.001 0.001 0.001 0.001 0.001 0.001 0.001 0.001 0.001 0.001 0.001 0.0001 0.0001 0.0001 0.0001 0.0001 0.0001 0.0001 0.0001 0.175 
Proportion of infected at cutoff : 0.0100
Proportion of susceptibles at cutoff : 0.9789
(13,0) : 12
(50,0) : 62
(49,1) : 20
(49,0) : 22
(1,0) : 135
(48,1) : 8
(42,2) : 2
(9,0) : 18
(47,0) : 1
(8,0) : 26
(6,0) : 31
(43,1) : 1
(48,0) : 5
(11,0) : 14
(45,3) : 2
(15,0) : 9
(7,0) : 23
(3,0) : 52
(2,0) : 96
(47,3) : 1
(12,0) : 10
(4,0) : 39
(22,1) : 1
(48,2) : 7
(34,0) : 1
(46,1) : 1
(5,0) : 32
(7,2) : 1
(10,0) : 9
(35,1) : 1
(45,1) : 1
(27,0) : 2
(20,0) : 1
(47,1) : 2
(45,0) : 1
(46,3) : 1
(36,0) : 3
(16,0) : 2
(29,0) : 1
(46,4) : 1
(37,0) : 2
(47,2) : 2
(9,1) : 3
(14,0) : 5
(7,1) : 2
(28,1) : 1
(16,1) : 1
(10,1) : 2
(18,0) : 1
(5,1) : 1
(3,1) : 1
(6,1) : 1
(1,1) : 5
(22,0) : 1
(17,0) : 1
(46,2) : 1
(12,1) : 1
(18,1) : 1
(11,1) : 2
(9,2) : 1
(0,0) : 1
