pop size : 10000, betaG : 0.08500, lambdaH : 0.10000, lambdaW : 0.00100, gamma : 0.12500, Tmax : 150.00, threshold of infected : 0.010
0.37 0.32 0.13 0.12 0.04 0.02 
0.2192 0.12 0.08 0.06 0.05 0.045 0.04 0.035 0.03 0.02 0.02 0.02 0.015 0.015 0.015 0.015 0.001 0.001 0.001 0.001 0.001 0.001 0.001 0.001 0.001 0.001 0.001 0.001 0.001 0.001 0.001 0.001 0.001 0.001 0.001 0.001 0.001 0.001 0.001 0.001 0.001 0.0001 0.0001 0.0001 0.0001 0.0001 0.0001 0.0001 0.0001 0.175 
Proportion of infected at cutoff : 0.0100
Proportion of susceptibles at cutoff : 0.9850
(50,0) : 72
(48,1) : 6
(47,1) : 2
(4,1) : 3
(48,2) : 12
(49,1) : 22
(5,0) : 33
(9,0) : 24
(6,1) : 2
(49,0) : 10
(44,4) : 1
(16,0) : 9
(45,4) : 2
(8,0) : 25
(24,0) : 1
(3,0) : 57
(2,0) : 81
(47,3) : 1
(4,0) : 49
(15,0) : 8
(13,0) : 10
(11,0) : 9
(10,0) : 16
(48,0) : 4
(12,0) : 12
(7,0) : 25
(14,0) : 10
(1,0) : 179
(26,0) : 2
(31,0) : 1
(47,2) : 3
(27,0) : 2
(15,1) : 2
(6,0) : 23
(9,1) : 1
(39,0) : 1
(16,1) : 2
(46,1) : 1
(30,0) : 1
(14,1) : 1
(5,1) : 2
(25,0) : 1
(22,0) : 1
(3,1) : 1
(21,0) : 1
(13,1) : 3
(20,0) : 1
(10,1) : 1
(7,1) : 1
(41,0) : 1
(36,0) : 1
(8,1) : 1
(11,1) : 1
(12,1) : 1
(19,0) : 1
(2,1) : 1
(0,1) : 1
