pop size : 10000, betaG : 0.08500, lambdaH : 0.10000, lambdaW : 0.00100, gamma : 0.12500, Tmax : 150.00, threshold of infected : 0.010
0.37 0.32 0.13 0.12 0.04 0.02 
0.2192 0.12 0.08 0.06 0.05 0.045 0.04 0.035 0.03 0.02 0.02 0.02 0.015 0.015 0.015 0.015 0.001 0.001 0.001 0.001 0.001 0.001 0.001 0.001 0.001 0.001 0.001 0.001 0.001 0.001 0.001 0.001 0.001 0.001 0.001 0.001 0.001 0.001 0.001 0.001 0.001 0.0001 0.0001 0.0001 0.0001 0.0001 0.0001 0.0001 0.0001 0.175 
Proportion of infected at cutoff : 0.0100
Proportion of susceptibles at cutoff : 0.9784
(50,0) : 56
(10,0) : 14
(1,0) : 127
(45,2) : 2
(48,2) : 5
(47,1) : 3
(9,0) : 21
(49,0) : 23
(8,0) : 28
(39,1) : 1
(4,0) : 45
(24,0) : 1
(5,0) : 29
(46,1) : 2
(49,1) : 22
(47,2) : 3
(48,1) : 10
(43,3) : 1
(48,0) : 5
(45,4) : 1
(16,0) : 8
(43,0) : 1
(41,1) : 1
(15,0) : 5
(12,0) : 7
(7,0) : 28
(2,0) : 89
(31,0) : 1
(3,0) : 52
(11,0) : 16
(38,1) : 1
(14,0) : 12
(12,1) : 2
(6,0) : 28
(19,0) : 1
(13,0) : 9
(0,1) : 2
(28,0) : 1
(21,0) : 1
(39,0) : 1
(5,1) : 1
(47,3) : 1
(8,1) : 3
(2,1) : 3
(30,0) : 1
(46,2) : 1
(27,0) : 2
(40,0) : 1
(4,1) : 4
(20,0) : 1
(46,0) : 1
(9,1) : 3
(41,0) : 1
(13,1) : 1
(1,1) : 4
(15,1) : 1
(7,1) : 1
(6,1) : 1
(22,2) : 1
(0,0) : 1
