pop size : 10000, betaG : 0.08500, lambdaH : 0.10000, lambdaW : 0.00100, gamma : 0.12500, Tmax : 150.00, threshold of infected : 0.010
0.37 0.32 0.13 0.12 0.04 0.02 
0.2192 0.12 0.08 0.06 0.05 0.045 0.04 0.035 0.03 0.02 0.02 0.02 0.015 0.015 0.015 0.015 0.001 0.001 0.001 0.001 0.001 0.001 0.001 0.001 0.001 0.001 0.001 0.001 0.001 0.001 0.001 0.001 0.001 0.001 0.001 0.001 0.001 0.001 0.001 0.001 0.001 0.0001 0.0001 0.0001 0.0001 0.0001 0.0001 0.0001 0.0001 0.175 
Proportion of infected at cutoff : 0.0100
Proportion of susceptibles at cutoff : 0.9763
(49,0) : 29
(19,0) : 1
(49,1) : 20
(8,0) : 18
(12,0) : 16
(4,0) : 40
(48,2) : 7
(46,1) : 1
(48,0) : 8
(16,0) : 13
(47,2) : 2
(50,0) : 50
(47,1) : 1
(45,2) : 1
(48,1) : 8
(1,0) : 144
(3,0) : 61
(5,0) : 34
(15,0) : 12
(14,0) : 17
(39,0) : 1
(10,2) : 1
(2,0) : 75
(39,4) : 1
(9,0) : 22
(18,0) : 1
(13,0) : 10
(7,0) : 17
(9,1) : 1
(47,0) : 2
(45,3) : 1
(46,2) : 1
(22,0) : 2
(44,5) : 1
(12,1) : 1
(42,3) : 1
(45,1) : 1
(38,0) : 1
(6,0) : 24
(46,3) : 1
(10,0) : 9
(8,1) : 3
(25,0) : 1
(47,3) : 1
(33,0) : 1
(45,5) : 1
(11,0) : 8
(7,1) : 2
(37,1) : 1
(36,0) : 1
(0,0) : 4
(5,1) : 3
(46,0) : 1
(15,1) : 2
(17,0) : 2
(3,2) : 1
(4,1) : 1
(3,1) : 1
(2,1) : 1
(0,1) : 1
