pop size : 10000, betaG : 0.08500, lambdaH : 0.10000, lambdaW : 0.00100, gamma : 0.12500, Tmax : 150.00, threshold of infected : 0.010
0.37 0.32 0.13 0.12 0.04 0.02 
0.2192 0.12 0.08 0.06 0.05 0.045 0.04 0.035 0.03 0.02 0.02 0.02 0.015 0.015 0.015 0.015 0.001 0.001 0.001 0.001 0.001 0.001 0.001 0.001 0.001 0.001 0.001 0.001 0.001 0.001 0.001 0.001 0.001 0.001 0.001 0.001 0.001 0.001 0.001 0.001 0.001 0.0001 0.0001 0.0001 0.0001 0.0001 0.0001 0.0001 0.0001 0.175 
Proportion of infected at cutoff : 0.0100
Proportion of susceptibles at cutoff : 0.9766
(49,0) : 19
(50,0) : 57
(9,0) : 21
(49,1) : 10
(48,0) : 8
(46,2) : 3
(10,0) : 18
(37,4) : 1
(48,2) : 5
(28,0) : 1
(2,0) : 77
(1,0) : 192
(47,1) : 5
(25,0) : 1
(15,0) : 14
(48,1) : 16
(13,0) : 11
(16,0) : 5
(4,0) : 42
(12,0) : 13
(47,2) : 3
(19,1) : 1
(8,0) : 28
(5,0) : 30
(7,0) : 38
(14,0) : 10
(31,1) : 1
(8,1) : 2
(38,0) : 1
(46,3) : 1
(37,1) : 1
(46,4) : 1
(6,0) : 27
(45,0) : 1
(3,0) : 55
(11,1) : 1
(35,0) : 1
(44,6) : 1
(11,0) : 12
(44,2) : 1
(45,1) : 1
(26,0) : 2
(4,1) : 3
(41,0) : 1
(7,1) : 2
(17,0) : 1
(14,1) : 1
(36,1) : 1
(15,1) : 1
(12,1) : 2
(19,0) : 1
(1,1) : 1
(5,1) : 2
(9,1) : 1
(21,0) : 1
(10,1) : 1
(2,1) : 2
(29,0) : 1
(0,1) : 3
(0,0) : 3
(3,1) : 1
