pop size : 10000, betaG : 0.08500, lambdaH : 0.10000, lambdaW : 0.00100, gamma : 0.12500, Tmax : 150.00, threshold of infected : 0.010
0.37 0.32 0.13 0.12 0.04 0.02 
0.2192 0.12 0.08 0.06 0.05 0.045 0.04 0.035 0.03 0.02 0.02 0.02 0.015 0.015 0.015 0.015 0.001 0.001 0.001 0.001 0.001 0.001 0.001 0.001 0.001 0.001 0.001 0.001 0.001 0.001 0.001 0.001 0.001 0.001 0.001 0.001 0.001 0.001 0.001 0.001 0.001 0.0001 0.0001 0.0001 0.0001 0.0001 0.0001 0.0001 0.0001 0.175 
Proportion of infected at cutoff : 0.0100
Proportion of susceptibles at cutoff : 0.9812
(7,0) : 30
(50,0) : 58
(47,3) : 4
(2,0) : 83
(47,1) : 2
(49,0) : 21
(5,0) : 25
(49,1) : 18
(47,0) : 2
(13,0) : 16
(47,2) : 2
(8,0) : 30
(37,2) : 1
(46,0) : 1
(48,0) : 2
(24,0) : 2
(48,1) : 12
(12,0) : 14
(9,0) : 16
(37,0) : 1
(11,0) : 10
(3,0) : 50
(19,0) : 2
(6,0) : 36
(45,2) : 1
(26,1) : 1
(48,2) : 5
(4,0) : 36
(9,1) : 1
(38,0) : 2
(20,0) : 1
(46,2) : 1
(16,0) : 11
(33,0) : 3
(15,1) : 2
(21,0) : 2
(10,0) : 13
(14,0) : 9
(5,1) : 2
(1,0) : 168
(36,0) : 1
(45,5) : 1
(13,1) : 1
(15,0) : 10
(7,1) : 3
(44,0) : 1
(27,2) : 1
(11,1) : 4
(24,1) : 1
(6,1) : 4
(1,1) : 1
(12,1) : 1
(3,1) : 1
(12,2) : 1
(23,0) : 1
(8,1) : 1
(14,1) : 1
(22,0) : 1
(2,1) : 1
(0,0) : 1
(4,1) : 1
(0,1) : 1
