pop size : 10000, betaG : 0.08500, lambdaH : 0.10000, lambdaW : 0.00100, gamma : 0.12500, Tmax : 150.00, threshold of infected : 0.010
0.37 0.32 0.13 0.12 0.04 0.02 
0.2192 0.12 0.08 0.06 0.05 0.045 0.04 0.035 0.03 0.02 0.02 0.02 0.015 0.015 0.015 0.015 0.001 0.001 0.001 0.001 0.001 0.001 0.001 0.001 0.001 0.001 0.001 0.001 0.001 0.001 0.001 0.001 0.001 0.001 0.001 0.001 0.001 0.001 0.001 0.001 0.001 0.0001 0.0001 0.0001 0.0001 0.0001 0.0001 0.0001 0.0001 0.175 
Proportion of infected at cutoff : 0.0100
Proportion of susceptibles at cutoff : 0.9672
(29,1) : 3
(50,0) : 33
(49,1) : 10
(8,0) : 24
(27,0) : 1
(47,0) : 4
(49,0) : 26
(48,1) : 11
(46,1) : 2
(48,0) : 15
(7,0) : 42
(13,0) : 12
(3,0) : 71
(48,2) : 4
(12,1) : 3
(35,0) : 1
(12,0) : 19
(45,3) : 2
(26,0) : 1
(5,0) : 37
(20,0) : 1
(6,0) : 48
(11,0) : 13
(36,0) : 3
(8,1) : 3
(47,1) : 4
(1,0) : 205
(4,0) : 52
(4,1) : 1
(5,1) : 3
(14,0) : 14
(10,0) : 15
(2,0) : 104
(9,0) : 14
(15,1) : 1
(16,0) : 7
(39,0) : 2
(15,0) : 7
(14,1) : 1
(43,3) : 1
(43,2) : 1
(46,4) : 2
(45,0) : 1
(46,2) : 2
(18,0) : 2
(44,1) : 1
(39,3) : 1
(46,0) : 1
(19,0) : 1
(34,2) : 1
(47,2) : 1
(6,1) : 2
(41,1) : 1
(22,0) : 1
(21,1) : 1
(2,1) : 3
(0,1) : 1
(10,1) : 3
(17,0) : 1
(9,1) : 2
(1,1) : 3
(9,2) : 1
(3,1) : 1
(0,0) : 2
