pop size : 10000, betaG : 0.08500, lambdaH : 0.10000, lambdaW : 0.00100, gamma : 0.12500, Tmax : 150.00, threshold of infected : 0.010
0.37 0.32 0.13 0.12 0.04 0.02 
0.2192 0.12 0.08 0.06 0.05 0.045 0.04 0.035 0.03 0.02 0.02 0.02 0.015 0.015 0.015 0.015 0.001 0.001 0.001 0.001 0.001 0.001 0.001 0.001 0.001 0.001 0.001 0.001 0.001 0.001 0.001 0.001 0.001 0.001 0.001 0.001 0.001 0.001 0.001 0.001 0.001 0.0001 0.0001 0.0001 0.0001 0.0001 0.0001 0.0001 0.0001 0.175 
Proportion of infected at cutoff : 0.0100
Proportion of susceptibles at cutoff : 0.9771
(50,0) : 46
(49,1) : 16
(48,0) : 11
(47,3) : 2
(4,0) : 56
(13,0) : 11
(9,0) : 22
(45,4) : 2
(15,0) : 10
(2,0) : 94
(49,0) : 22
(16,0) : 13
(47,0) : 4
(36,0) : 2
(14,0) : 6
(48,1) : 7
(47,1) : 3
(7,0) : 27
(11,0) : 16
(48,2) : 7
(1,0) : 175
(5,0) : 48
(10,2) : 2
(8,0) : 24
(28,0) : 2
(33,0) : 1
(47,2) : 3
(46,3) : 2
(38,0) : 1
(6,0) : 31
(12,0) : 10
(45,1) : 1
(10,0) : 12
(3,0) : 57
(46,2) : 1
(46,1) : 1
(39,0) : 1
(13,1) : 2
(12,1) : 1
(11,1) : 1
(30,1) : 2
(6,1) : 2
(14,1) : 1
(5,1) : 2
(19,0) : 2
(31,0) : 1
(8,1) : 4
(23,1) : 1
(35,0) : 1
(18,0) : 1
(25,1) : 1
(24,0) : 1
(32,1) : 1
(25,0) : 1
(34,0) : 1
(15,1) : 2
(1,1) : 2
(0,0) : 3
(4,1) : 2
(0,1) : 1
(2,1) : 1
