pop size : 10000, betaG : 0.08500, lambdaH : 0.10000, lambdaW : 0.00100, gamma : 0.12500, Tmax : 150.00, threshold of infected : 0.010
0.37 0.32 0.13 0.12 0.04 0.02 
0.2192 0.12 0.08 0.06 0.05 0.045 0.04 0.035 0.03 0.02 0.02 0.02 0.015 0.015 0.015 0.015 0.001 0.001 0.001 0.001 0.001 0.001 0.001 0.001 0.001 0.001 0.001 0.001 0.001 0.001 0.001 0.001 0.001 0.001 0.001 0.001 0.001 0.001 0.001 0.001 0.001 0.0001 0.0001 0.0001 0.0001 0.0001 0.0001 0.0001 0.0001 0.175 
Proportion of infected at cutoff : 0.0100
Proportion of susceptibles at cutoff : 0.9808
(50,0) : 61
(48,0) : 5
(48,1) : 6
(6,0) : 36
(49,0) : 24
(9,0) : 25
(15,0) : 13
(7,0) : 28
(1,0) : 188
(49,1) : 15
(12,0) : 16
(47,3) : 2
(13,0) : 10
(48,2) : 10
(11,0) : 10
(8,0) : 25
(29,0) : 1
(47,2) : 3
(16,0) : 6
(4,1) : 3
(14,0) : 8
(15,1) : 3
(46,2) : 2
(35,0) : 1
(2,0) : 85
(4,0) : 44
(3,0) : 62
(46,3) : 2
(20,0) : 1
(5,0) : 37
(13,3) : 1
(28,0) : 2
(10,0) : 12
(36,0) : 1
(38,1) : 1
(11,1) : 1
(46,1) : 3
(5,1) : 1
(45,0) : 1
(24,1) : 1
(9,1) : 1
(13,1) : 1
(7,1) : 2
(25,0) : 1
(12,1) : 2
(14,1) : 2
(23,0) : 1
(6,1) : 2
(1,1) : 2
(22,0) : 1
(30,3) : 1
(3,1) : 2
(8,1) : 1
(0,0) : 3
(0,1) : 3
