pop size : 10000, betaG : 0.08500, lambdaH : 0.10000, lambdaW : 0.00100, gamma : 0.12500, Tmax : 150.00, threshold of infected : 0.010
0.37 0.32 0.13 0.12 0.04 0.02 
0.2192 0.12 0.08 0.06 0.05 0.045 0.04 0.035 0.03 0.02 0.02 0.02 0.015 0.015 0.015 0.015 0.001 0.001 0.001 0.001 0.001 0.001 0.001 0.001 0.001 0.001 0.001 0.001 0.001 0.001 0.001 0.001 0.001 0.001 0.001 0.001 0.001 0.001 0.001 0.001 0.001 0.0001 0.0001 0.0001 0.0001 0.0001 0.0001 0.0001 0.0001 0.175 
Proportion of infected at cutoff : 0.0100
Proportion of susceptibles at cutoff : 0.9788
(50,0) : 53
(48,1) : 8
(2,0) : 101
(49,1) : 20
(6,0) : 40
(12,0) : 20
(16,0) : 9
(49,0) : 15
(11,0) : 17
(44,3) : 1
(13,0) : 12
(25,0) : 1
(37,0) : 1
(15,0) : 5
(46,2) : 2
(46,0) : 1
(10,0) : 11
(4,0) : 45
(1,0) : 176
(9,0) : 21
(45,2) : 1
(28,1) : 2
(48,2) : 6
(47,1) : 5
(8,1) : 2
(28,2) : 1
(39,0) : 1
(14,0) : 12
(47,2) : 2
(7,0) : 26
(3,0) : 72
(47,0) : 2
(9,2) : 1
(43,2) : 1
(5,0) : 40
(38,0) : 1
(44,0) : 2
(33,0) : 3
(33,1) : 1
(34,0) : 1
(5,1) : 4
(48,0) : 4
(15,1) : 1
(6,1) : 2
(20,0) : 1
(17,1) : 2
(28,0) : 1
(46,3) : 1
(9,1) : 1
(27,0) : 1
(3,1) : 2
(12,1) : 4
(25,1) : 1
(31,0) : 1
(8,0) : 19
(36,0) : 1
(26,0) : 1
(30,1) : 1
(18,1) : 1
(13,1) : 1
(24,0) : 1
(22,0) : 1
(19,0) : 1
(0,1) : 3
(17,0) : 1
(14,2) : 1
(4,1) : 1
(0,0) : 4
(2,1) : 1
(1,1) : 1
