pop size : 10000, betaG : 0.08500, lambdaH : 0.10000, lambdaW : 0.00100, gamma : 0.12500, Tmax : 150.00, threshold of infected : 0.010
0.37 0.32 0.13 0.12 0.04 0.02 
0.2192 0.12 0.08 0.06 0.05 0.045 0.04 0.035 0.03 0.02 0.02 0.02 0.015 0.015 0.015 0.015 0.001 0.001 0.001 0.001 0.001 0.001 0.001 0.001 0.001 0.001 0.001 0.001 0.001 0.001 0.001 0.001 0.001 0.001 0.001 0.001 0.001 0.001 0.001 0.001 0.001 0.0001 0.0001 0.0001 0.0001 0.0001 0.0001 0.0001 0.0001 0.175 
Proportion of infected at cutoff : 0.0100
Proportion of susceptibles at cutoff : 0.9736
(45,2) : 2
(47,1) : 8
(49,0) : 26
(21,0) : 3
(50,0) : 47
(14,0) : 13
(42,2) : 1
(12,1) : 1
(8,0) : 29
(33,0) : 3
(48,1) : 5
(46,0) : 2
(43,5) : 1
(12,0) : 10
(15,0) : 9
(6,0) : 31
(49,1) : 12
(16,0) : 10
(24,0) : 1
(11,0) : 12
(48,0) : 11
(46,1) : 1
(3,0) : 58
(10,1) : 2
(45,0) : 1
(36,0) : 1
(13,0) : 3
(37,1) : 1
(48,2) : 6
(47,3) : 1
(9,0) : 17
(30,0) : 1
(2,0) : 79
(31,0) : 1
(10,0) : 22
(13,1) : 1
(46,2) : 3
(44,2) : 1
(18,0) : 1
(1,0) : 162
(4,0) : 45
(7,0) : 19
(38,0) : 1
(45,4) : 1
(20,0) : 1
(5,0) : 38
(7,1) : 3
(47,0) : 2
(47,2) : 3
(37,0) : 2
(3,1) : 1
(26,0) : 1
(10,3) : 1
(4,1) : 4
(19,0) : 1
(6,1) : 1
(27,0) : 1
(2,1) : 4
(5,1) : 3
(0,1) : 3
(1,1) : 3
(0,0) : 1
