pop size : 10000, betaG : 0.08500, lambdaH : 0.10000, lambdaW : 0.00100, gamma : 0.12500, Tmax : 150.00, threshold of infected : 0.010
0.37 0.32 0.13 0.12 0.04 0.02 
0.2192 0.12 0.08 0.06 0.05 0.045 0.04 0.035 0.03 0.02 0.02 0.02 0.015 0.015 0.015 0.015 0.001 0.001 0.001 0.001 0.001 0.001 0.001 0.001 0.001 0.001 0.001 0.001 0.001 0.001 0.001 0.001 0.001 0.001 0.001 0.001 0.001 0.001 0.001 0.001 0.001 0.0001 0.0001 0.0001 0.0001 0.0001 0.0001 0.0001 0.0001 0.175 
Proportion of infected at cutoff : 0.0100
Proportion of susceptibles at cutoff : 0.9807
(10,0) : 12
(49,1) : 21
(48,1) : 8
(14,0) : 5
(5,0) : 37
(48,0) : 8
(47,3) : 2
(47,0) : 2
(50,0) : 61
(48,2) : 5
(13,0) : 11
(49,0) : 19
(11,0) : 16
(8,0) : 21
(1,0) : 138
(45,1) : 2
(9,1) : 6
(3,0) : 47
(46,2) : 1
(9,0) : 23
(34,0) : 1
(4,0) : 37
(16,0) : 6
(40,0) : 2
(7,0) : 29
(46,3) : 2
(2,0) : 81
(39,0) : 2
(12,0) : 16
(6,0) : 30
(47,1) : 1
(15,1) : 3
(15,0) : 8
(24,1) : 1
(47,2) : 2
(30,0) : 2
(22,3) : 1
(6,1) : 5
(29,0) : 1
(11,1) : 2
(10,1) : 3
(13,1) : 1
(26,0) : 1
(23,0) : 1
(32,1) : 1
(13,2) : 1
(7,1) : 2
(27,1) : 1
(37,1) : 1
(46,1) : 1
(25,0) : 1
(3,1) : 2
(5,1) : 2
(1,1) : 3
(0,1) : 1
