pop size : 10000, betaG : 0.08500, lambdaH : 0.10000, lambdaW : 0.00100, gamma : 0.12500, Tmax : 150.00, threshold of infected : 0.010
0.37 0.32 0.13 0.12 0.04 0.02 
0.2192 0.12 0.08 0.06 0.05 0.045 0.04 0.035 0.03 0.02 0.02 0.02 0.015 0.015 0.015 0.015 0.001 0.001 0.001 0.001 0.001 0.001 0.001 0.001 0.001 0.001 0.001 0.001 0.001 0.001 0.001 0.001 0.001 0.001 0.001 0.001 0.001 0.001 0.001 0.001 0.001 0.0001 0.0001 0.0001 0.0001 0.0001 0.0001 0.0001 0.0001 0.175 
Proportion of infected at cutoff : 0.0100
Proportion of susceptibles at cutoff : 0.9798
(47,2) : 4
(7,0) : 27
(49,1) : 21
(48,0) : 10
(50,0) : 52
(49,0) : 20
(46,3) : 1
(13,0) : 10
(15,0) : 11
(5,0) : 37
(2,0) : 85
(14,0) : 13
(9,0) : 17
(3,0) : 51
(1,0) : 159
(16,0) : 10
(48,1) : 6
(11,0) : 14
(8,0) : 27
(47,0) : 2
(18,0) : 1
(30,1) : 1
(4,2) : 1
(36,0) : 1
(10,0) : 7
(46,1) : 2
(12,0) : 14
(15,1) : 2
(48,2) : 8
(6,0) : 32
(31,0) : 2
(32,0) : 2
(4,0) : 30
(25,1) : 1
(22,0) : 2
(45,3) : 1
(30,0) : 1
(44,1) : 1
(10,1) : 2
(47,1) : 1
(38,1) : 1
(47,3) : 1
(17,0) : 1
(2,1) : 4
(34,0) : 1
(13,1) : 2
(11,1) : 4
(27,1) : 1
(35,0) : 1
(12,1) : 1
(7,1) : 1
(31,1) : 1
(9,1) : 2
(22,1) : 1
(26,0) : 1
(35,1) : 1
(40,0) : 1
(20,0) : 1
(8,1) : 1
(4,1) : 3
(0,0) : 1
(19,0) : 1
(3,1) : 4
(14,1) : 1
