pop size : 10000, betaG : 0.08500, lambdaH : 0.10000, lambdaW : 0.00100, gamma : 0.12500, Tmax : 150.00, threshold of infected : 0.010
0.37 0.32 0.13 0.12 0.04 0.02 
0.2192 0.12 0.08 0.06 0.05 0.045 0.04 0.035 0.03 0.02 0.02 0.02 0.015 0.015 0.015 0.015 0.001 0.001 0.001 0.001 0.001 0.001 0.001 0.001 0.001 0.001 0.001 0.001 0.001 0.001 0.001 0.001 0.001 0.001 0.001 0.001 0.001 0.001 0.001 0.001 0.001 0.0001 0.0001 0.0001 0.0001 0.0001 0.0001 0.0001 0.0001 0.175 
Proportion of infected at cutoff : 0.0100
Proportion of susceptibles at cutoff : 0.9827
(41,0) : 2
(49,0) : 12
(7,0) : 28
(8,0) : 27
(49,1) : 17
(50,0) : 71
(43,2) : 1
(48,1) : 9
(48,2) : 9
(34,1) : 1
(16,0) : 6
(3,0) : 50
(12,0) : 21
(48,0) : 1
(39,1) : 1
(13,0) : 16
(14,0) : 12
(2,0) : 103
(47,3) : 2
(9,0) : 12
(29,0) : 1
(21,0) : 1
(5,0) : 33
(4,1) : 4
(1,0) : 175
(47,0) : 1
(15,0) : 7
(18,0) : 2
(25,0) : 2
(6,0) : 31
(44,4) : 1
(46,1) : 1
(4,0) : 48
(14,1) : 3
(45,1) : 1
(11,0) : 19
(8,1) : 1
(44,5) : 1
(47,1) : 2
(9,1) : 2
(30,0) : 1
(27,1) : 1
(25,1) : 1
(10,0) : 9
(7,1) : 1
(35,0) : 1
(6,1) : 2
(47,2) : 2
(30,1) : 1
(27,0) : 1
(46,2) : 1
(9,2) : 1
(28,1) : 1
(0,1) : 4
(11,1) : 1
(3,1) : 3
(0,0) : 2
