pop size : 10000, betaG : 0.08500, lambdaH : 0.10000, lambdaW : 0.00100, gamma : 0.12500, Tmax : 150.00, threshold of infected : 0.010
0.37 0.32 0.13 0.12 0.04 0.02 
0.2192 0.12 0.08 0.06 0.05 0.045 0.04 0.035 0.03 0.02 0.02 0.02 0.015 0.015 0.015 0.015 0.001 0.001 0.001 0.001 0.001 0.001 0.001 0.001 0.001 0.001 0.001 0.001 0.001 0.001 0.001 0.001 0.001 0.001 0.001 0.001 0.001 0.001 0.001 0.001 0.001 0.0001 0.0001 0.0001 0.0001 0.0001 0.0001 0.0001 0.0001 0.175 
Proportion of infected at cutoff : 0.0100
Proportion of susceptibles at cutoff : 0.9822
(46,0) : 1
(22,0) : 2
(50,0) : 64
(6,0) : 43
(46,2) : 1
(4,0) : 46
(49,1) : 24
(7,0) : 22
(49,0) : 14
(9,0) : 24
(2,0) : 97
(25,0) : 2
(12,1) : 2
(47,0) : 2
(48,1) : 8
(3,0) : 69
(45,3) : 2
(47,2) : 1
(10,0) : 12
(45,2) : 1
(11,0) : 15
(13,1) : 1
(47,1) : 1
(8,0) : 20
(48,0) : 5
(1,0) : 169
(16,0) : 7
(44,4) : 1
(6,1) : 3
(15,0) : 7
(8,1) : 1
(22,1) : 1
(47,3) : 1
(35,0) : 1
(10,1) : 1
(13,0) : 10
(46,1) : 1
(12,0) : 24
(5,0) : 33
(48,2) : 3
(40,0) : 1
(17,0) : 3
(3,1) : 1
(11,1) : 4
(30,0) : 2
(46,3) : 1
(5,1) : 1
(15,1) : 2
(4,1) : 3
(9,1) : 2
(14,0) : 5
(19,0) : 1
(45,5) : 2
(27,1) : 1
(34,1) : 1
(37,1) : 1
(2,1) : 1
(1,1) : 1
(0,1) : 1
(0,0) : 1
