pop size : 10000, betaG : 0.08500, lambdaH : 0.10000, lambdaW : 0.00100, gamma : 0.12500, Tmax : 150.00, threshold of infected : 0.010
0.37 0.32 0.13 0.12 0.04 0.02 
0.2192 0.12 0.08 0.06 0.05 0.045 0.04 0.035 0.03 0.02 0.02 0.02 0.015 0.015 0.015 0.015 0.001 0.001 0.001 0.001 0.001 0.001 0.001 0.001 0.001 0.001 0.001 0.001 0.001 0.001 0.001 0.001 0.001 0.001 0.001 0.001 0.001 0.001 0.001 0.001 0.001 0.0001 0.0001 0.0001 0.0001 0.0001 0.0001 0.0001 0.0001 0.175 
Proportion of infected at cutoff : 0.0100
Proportion of susceptibles at cutoff : 0.9739
(1,0) : 152
(49,1) : 13
(28,0) : 1
(50,0) : 39
(6,0) : 37
(49,0) : 15
(47,1) : 9
(5,0) : 42
(48,1) : 11
(2,0) : 104
(4,0) : 39
(46,0) : 1
(48,0) : 14
(9,1) : 1
(8,0) : 32
(7,0) : 27
(13,0) : 5
(14,0) : 17
(12,0) : 14
(4,1) : 2
(25,0) : 2
(47,3) : 1
(29,0) : 2
(9,0) : 13
(3,0) : 60
(37,0) : 1
(47,0) : 4
(46,3) : 1
(11,0) : 15
(46,2) : 2
(37,1) : 1
(45,4) : 1
(11,1) : 1
(48,2) : 8
(15,0) : 11
(36,0) : 3
(34,0) : 1
(30,0) : 1
(16,0) : 10
(21,0) : 1
(10,0) : 13
(30,1) : 2
(45,1) : 2
(5,1) : 4
(18,0) : 1
(24,0) : 1
(14,1) : 1
(34,1) : 1
(41,0) : 1
(23,1) : 1
(28,2) : 1
(44,1) : 1
(47,2) : 2
(40,0) : 1
(19,0) : 1
(32,0) : 1
(7,2) : 2
(23,0) : 1
(15,1) : 2
(12,1) : 1
(7,1) : 1
(10,1) : 1
(6,1) : 1
(39,0) : 1
(2,1) : 2
(8,1) : 1
(0,1) : 1
(0,0) : 1
