pop size : 10000, betaG : 0.08500, lambdaH : 0.10000, lambdaW : 0.00100, gamma : 0.12500, Tmax : 150.00, threshold of infected : 0.010
0.37 0.32 0.13 0.12 0.04 0.02 
0.2192 0.12 0.08 0.06 0.05 0.045 0.04 0.035 0.03 0.02 0.02 0.02 0.015 0.015 0.015 0.015 0.001 0.001 0.001 0.001 0.001 0.001 0.001 0.001 0.001 0.001 0.001 0.001 0.001 0.001 0.001 0.001 0.001 0.001 0.001 0.001 0.001 0.001 0.001 0.001 0.001 0.0001 0.0001 0.0001 0.0001 0.0001 0.0001 0.0001 0.0001 0.175 
Proportion of infected at cutoff : 0.0100
Proportion of susceptibles at cutoff : 0.9823
(50,0) : 62
(49,0) : 20
(6,0) : 32
(49,1) : 24
(46,3) : 3
(48,1) : 9
(7,0) : 29
(11,0) : 15
(8,0) : 29
(2,0) : 74
(40,1) : 1
(40,0) : 1
(47,0) : 2
(14,0) : 10
(37,0) : 2
(48,0) : 3
(16,0) : 9
(46,1) : 1
(47,1) : 1
(47,2) : 4
(2,1) : 2
(13,0) : 11
(23,1) : 1
(9,0) : 22
(24,0) : 2
(3,0) : 56
(48,2) : 4
(5,1) : 3
(10,1) : 2
(47,3) : 2
(5,0) : 27
(12,0) : 8
(14,1) : 2
(1,0) : 155
(38,0) : 1
(31,0) : 1
(35,0) : 1
(4,0) : 26
(15,0) : 6
(10,0) : 11
(15,1) : 2
(27,0) : 1
(8,1) : 1
(29,0) : 2
(39,2) : 1
(45,3) : 1
(19,0) : 1
(11,1) : 1
(32,0) : 1
(22,1) : 1
(30,1) : 1
(11,3) : 1
(13,1) : 2
(0,1) : 2
(3,1) : 1
(1,1) : 2
(6,1) : 1
(4,1) : 1
