pop size : 10000, betaG : 0.08500, lambdaH : 0.10000, lambdaW : 0.00100, gamma : 0.12500, Tmax : 150.00, threshold of infected : 0.010
0.37 0.32 0.13 0.12 0.04 0.02 
0.2192 0.12 0.08 0.06 0.05 0.045 0.04 0.035 0.03 0.02 0.02 0.02 0.015 0.015 0.015 0.015 0.001 0.001 0.001 0.001 0.001 0.001 0.001 0.001 0.001 0.001 0.001 0.001 0.001 0.001 0.001 0.001 0.001 0.001 0.001 0.001 0.001 0.001 0.001 0.001 0.001 0.0001 0.0001 0.0001 0.0001 0.0001 0.0001 0.0001 0.0001 0.175 
Proportion of infected at cutoff : 0.0100
Proportion of susceptibles at cutoff : 0.9816
(9,0) : 16
(1,0) : 136
(8,0) : 36
(47,2) : 5
(50,0) : 69
(48,2) : 9
(13,0) : 10
(14,0) : 7
(4,0) : 40
(47,1) : 1
(47,0) : 4
(6,0) : 29
(49,1) : 14
(5,0) : 38
(48,1) : 14
(49,0) : 13
(48,0) : 4
(3,0) : 57
(16,0) : 9
(46,3) : 2
(47,3) : 3
(22,1) : 1
(7,0) : 31
(13,2) : 1
(15,0) : 8
(39,0) : 1
(11,1) : 1
(24,0) : 2
(2,0) : 81
(11,0) : 9
(10,0) : 9
(23,0) : 1
(40,0) : 1
(28,0) : 1
(12,0) : 9
(46,1) : 2
(30,0) : 2
(46,2) : 1
(22,2) : 1
(14,1) : 1
(4,1) : 1
(1,1) : 2
(25,0) : 1
(3,1) : 3
(46,4) : 1
(13,1) : 1
(19,0) : 1
(6,1) : 1
(9,1) : 2
(8,1) : 1
(0,0) : 2
(5,1) : 1
(0,1) : 1
