pop size : 10000, betaG : 0.08500, lambdaH : 0.10000, lambdaW : 0.00100, gamma : 0.12500, Tmax : 150.00, threshold of infected : 0.010
0.37 0.32 0.13 0.12 0.04 0.02 
0.2192 0.12 0.08 0.06 0.05 0.045 0.04 0.035 0.03 0.02 0.02 0.02 0.015 0.015 0.015 0.015 0.001 0.001 0.001 0.001 0.001 0.001 0.001 0.001 0.001 0.001 0.001 0.001 0.001 0.001 0.001 0.001 0.001 0.001 0.001 0.001 0.001 0.001 0.001 0.001 0.001 0.0001 0.0001 0.0001 0.0001 0.0001 0.0001 0.0001 0.0001 0.175 
Proportion of infected at cutoff : 0.0100
Proportion of susceptibles at cutoff : 0.9815
(50,0) : 56
(11,0) : 13
(4,0) : 45
(16,0) : 5
(48,2) : 7
(49,1) : 20
(41,0) : 1
(6,0) : 28
(46,4) : 2
(2,0) : 91
(45,3) : 2
(49,0) : 27
(46,1) : 1
(48,1) : 5
(47,2) : 4
(15,0) : 8
(5,0) : 30
(9,0) : 20
(8,0) : 21
(14,0) : 13
(3,0) : 59
(1,0) : 174
(10,0) : 14
(40,0) : 2
(5,1) : 1
(36,1) : 1
(44,0) : 1
(7,1) : 4
(31,0) : 1
(48,0) : 3
(28,0) : 2
(12,0) : 13
(23,0) : 1
(13,0) : 8
(38,0) : 1
(7,0) : 24
(27,0) : 2
(47,3) : 2
(11,2) : 1
(17,0) : 1
(30,0) : 1
(22,0) : 1
(24,0) : 1
(14,1) : 1
(46,0) : 1
(33,1) : 2
(36,0) : 1
(47,1) : 1
(18,0) : 1
(39,0) : 1
(20,0) : 1
(13,1) : 2
(23,1) : 1
(21,0) : 1
(1,1) : 4
(37,0) : 1
(9,1) : 2
(3,1) : 2
(3,2) : 1
(0,0) : 5
(4,1) : 1
(5,2) : 1
(29,1) : 1
(0,1) : 2
(8,1) : 1
