pop size : 10000, betaG : 0.08500, lambdaH : 0.10000, lambdaW : 0.00100, gamma : 0.12500, Tmax : 150.00, threshold of infected : 0.010
0.37 0.32 0.13 0.12 0.04 0.02 
0.2192 0.12 0.08 0.06 0.05 0.045 0.04 0.035 0.03 0.02 0.02 0.02 0.015 0.015 0.015 0.015 0.001 0.001 0.001 0.001 0.001 0.001 0.001 0.001 0.001 0.001 0.001 0.001 0.001 0.001 0.001 0.001 0.001 0.001 0.001 0.001 0.001 0.001 0.001 0.001 0.001 0.0001 0.0001 0.0001 0.0001 0.0001 0.0001 0.0001 0.0001 0.175 
Proportion of infected at cutoff : 0.0100
Proportion of susceptibles at cutoff : 0.9722
(48,1) : 8
(5,0) : 39
(3,0) : 51
(50,0) : 38
(48,2) : 3
(6,0) : 31
(49,1) : 18
(15,0) : 7
(47,0) : 4
(49,0) : 27
(1,0) : 149
(3,1) : 2
(10,0) : 18
(4,0) : 49
(2,0) : 81
(45,1) : 1
(48,0) : 11
(38,0) : 1
(46,2) : 3
(7,0) : 29
(41,4) : 1
(41,3) : 1
(14,0) : 10
(11,0) : 18
(46,3) : 1
(1,1) : 2
(37,0) : 1
(24,0) : 1
(11,1) : 2
(12,0) : 16
(9,0) : 27
(30,0) : 1
(8,0) : 28
(18,0) : 2
(12,1) : 1
(47,2) : 3
(45,3) : 2
(47,1) : 4
(16,0) : 9
(15,1) : 2
(44,1) : 1
(46,0) : 1
(36,0) : 1
(10,1) : 1
(46,4) : 1
(13,1) : 3
(26,1) : 1
(28,0) : 1
(29,0) : 2
(40,0) : 1
(9,1) : 1
(17,0) : 1
(20,0) : 1
(44,4) : 1
(46,1) : 1
(13,0) : 7
(8,1) : 3
(26,0) : 2
(4,2) : 1
(19,0) : 1
(7,1) : 1
(17,1) : 1
(5,1) : 1
(4,1) : 2
(0,0) : 2
