pop size : 10000, betaG : 0.08500, lambdaH : 0.10000, lambdaW : 0.00100, gamma : 0.12500, Tmax : 150.00, threshold of infected : 0.010
0.37 0.32 0.13 0.12 0.04 0.02 
0.2192 0.12 0.08 0.06 0.05 0.045 0.04 0.035 0.03 0.02 0.02 0.02 0.015 0.015 0.015 0.015 0.001 0.001 0.001 0.001 0.001 0.001 0.001 0.001 0.001 0.001 0.001 0.001 0.001 0.001 0.001 0.001 0.001 0.001 0.001 0.001 0.001 0.001 0.001 0.001 0.001 0.0001 0.0001 0.0001 0.0001 0.0001 0.0001 0.0001 0.0001 0.175 
Proportion of infected at cutoff : 0.0100
Proportion of susceptibles at cutoff : 0.9796
(14,0) : 13
(4,0) : 48
(50,0) : 56
(49,0) : 16
(49,1) : 19
(48,0) : 4
(21,1) : 1
(9,0) : 25
(3,0) : 70
(48,1) : 10
(5,0) : 34
(20,0) : 1
(6,0) : 38
(15,0) : 9
(13,0) : 10
(1,0) : 180
(8,0) : 36
(46,1) : 3
(47,0) : 4
(7,0) : 40
(48,2) : 5
(47,1) : 5
(12,0) : 10
(2,0) : 82
(47,3) : 2
(2,1) : 1
(45,2) : 1
(11,0) : 7
(10,1) : 2
(18,0) : 1
(44,2) : 1
(28,0) : 1
(44,3) : 1
(16,0) : 7
(10,0) : 17
(47,2) : 2
(35,0) : 1
(32,0) : 1
(46,3) : 1
(31,0) : 1
(45,3) : 1
(19,0) : 1
(15,1) : 4
(41,0) : 1
(0,1) : 1
(9,1) : 1
(12,1) : 5
(6,1) : 2
(8,1) : 1
(4,1) : 1
(39,1) : 1
(9,2) : 1
(14,1) : 1
(26,0) : 1
(7,1) : 1
(11,3) : 1
(1,1) : 2
(5,1) : 1
(0,0) : 1
