pop size : 10000, betaG : 0.08500, lambdaH : 0.10000, lambdaW : 0.00100, gamma : 0.12500, Tmax : 150.00, threshold of infected : 0.010
0.37 0.32 0.13 0.12 0.04 0.02 
0.2192 0.12 0.08 0.06 0.05 0.045 0.04 0.035 0.03 0.02 0.02 0.02 0.015 0.015 0.015 0.015 0.001 0.001 0.001 0.001 0.001 0.001 0.001 0.001 0.001 0.001 0.001 0.001 0.001 0.001 0.001 0.001 0.001 0.001 0.001 0.001 0.001 0.001 0.001 0.001 0.001 0.0001 0.0001 0.0001 0.0001 0.0001 0.0001 0.0001 0.0001 0.175 
Proportion of infected at cutoff : 0.0100
Proportion of susceptibles at cutoff : 0.9799
(8,0) : 21
(48,0) : 5
(13,0) : 10
(49,0) : 17
(46,3) : 2
(48,1) : 12
(21,0) : 2
(48,2) : 4
(46,1) : 2
(9,0) : 26
(50,0) : 61
(47,2) : 5
(5,0) : 33
(4,0) : 34
(49,1) : 12
(10,0) : 13
(3,0) : 50
(40,0) : 3
(8,1) : 2
(26,1) : 1
(7,0) : 33
(10,2) : 1
(2,0) : 91
(6,0) : 37
(18,0) : 2
(12,0) : 18
(35,1) : 2
(7,1) : 3
(11,0) : 9
(15,0) : 4
(44,2) : 1
(9,1) : 1
(36,0) : 1
(16,0) : 7
(1,0) : 171
(14,0) : 14
(43,0) : 1
(47,0) : 1
(0,1) : 2
(11,1) : 6
(47,3) : 2
(45,0) : 1
(24,0) : 1
(46,2) : 1
(30,0) : 1
(29,0) : 1
(34,0) : 1
(37,1) : 1
(12,1) : 3
(37,0) : 1
(24,1) : 1
(31,0) : 1
(47,1) : 1
(28,0) : 1
(5,1) : 1
(13,1) : 2
(27,0) : 1
(26,2) : 1
(3,1) : 2
(10,1) : 3
(27,1) : 1
(4,1) : 1
(16,1) : 1
(0,0) : 1
(2,1) : 2
