pop size : 10000, betaG : 0.08500, lambdaH : 0.10000, lambdaW : 0.00100, gamma : 0.12500, Tmax : 150.00, threshold of infected : 0.010
0.37 0.32 0.13 0.12 0.04 0.02 
0.2192 0.12 0.08 0.06 0.05 0.045 0.04 0.035 0.03 0.02 0.02 0.02 0.015 0.015 0.015 0.015 0.001 0.001 0.001 0.001 0.001 0.001 0.001 0.001 0.001 0.001 0.001 0.001 0.001 0.001 0.001 0.001 0.001 0.001 0.001 0.001 0.001 0.001 0.001 0.001 0.001 0.0001 0.0001 0.0001 0.0001 0.0001 0.0001 0.0001 0.0001 0.175 
Proportion of infected at cutoff : 0.0100
Proportion of susceptibles at cutoff : 0.9743
(48,2) : 3
(50,0) : 47
(7,0) : 28
(49,0) : 26
(47,3) : 3
(49,1) : 17
(10,0) : 17
(3,0) : 72
(13,0) : 9
(48,0) : 7
(4,0) : 43
(47,1) : 5
(1,0) : 166
(2,0) : 94
(23,0) : 1
(47,0) : 2
(39,1) : 3
(5,0) : 31
(9,0) : 18
(48,1) : 6
(8,0) : 25
(11,0) : 23
(6,0) : 30
(14,0) : 9
(12,0) : 15
(44,0) : 1
(15,0) : 14
(45,3) : 1
(13,1) : 1
(37,1) : 1
(46,2) : 1
(32,2) : 1
(45,4) : 3
(46,0) : 3
(47,2) : 3
(7,1) : 2
(46,1) : 2
(16,0) : 8
(14,1) : 2
(8,1) : 1
(32,1) : 1
(43,2) : 1
(25,0) : 2
(1,1) : 1
(46,3) : 1
(11,1) : 1
(15,1) : 2
(6,1) : 2
(41,0) : 1
(10,1) : 1
(4,1) : 1
(5,1) : 3
(9,1) : 2
(3,1) : 1
(0,0) : 2
