pop size : 10000, betaG : 0.08500, lambdaH : 0.10000, lambdaW : 0.00100, gamma : 0.12500, Tmax : 150.00, threshold of infected : 0.010
0.37 0.32 0.13 0.12 0.04 0.02 
0.2192 0.12 0.08 0.06 0.05 0.045 0.04 0.035 0.03 0.02 0.02 0.02 0.015 0.015 0.015 0.015 0.001 0.001 0.001 0.001 0.001 0.001 0.001 0.001 0.001 0.001 0.001 0.001 0.001 0.001 0.001 0.001 0.001 0.001 0.001 0.001 0.001 0.001 0.001 0.001 0.001 0.0001 0.0001 0.0001 0.0001 0.0001 0.0001 0.0001 0.0001 0.175 
Proportion of infected at cutoff : 0.0100
Proportion of susceptibles at cutoff : 0.9841
(50,0) : 64
(23,0) : 3
(10,0) : 18
(12,0) : 10
(49,0) : 13
(48,0) : 4
(9,0) : 20
(14,0) : 9
(48,1) : 6
(15,0) : 9
(8,0) : 37
(41,0) : 2
(48,2) : 7
(47,3) : 2
(44,2) : 1
(13,0) : 10
(32,0) : 3
(2,0) : 101
(49,1) : 20
(39,1) : 1
(3,0) : 49
(7,0) : 31
(1,0) : 172
(33,0) : 1
(38,0) : 2
(6,0) : 34
(4,0) : 35
(26,0) : 2
(34,1) : 2
(47,1) : 1
(8,1) : 4
(46,4) : 1
(18,0) : 1
(16,0) : 9
(14,1) : 1
(11,0) : 17
(47,2) : 2
(1,1) : 1
(5,0) : 40
(15,1) : 2
(36,0) : 1
(28,0) : 1
(7,1) : 1
(46,2) : 1
(10,1) : 1
(24,0) : 1
(31,0) : 1
(42,6) : 1
(27,0) : 1
(46,3) : 1
(6,1) : 2
(13,1) : 1
(22,0) : 2
(9,1) : 1
(11,1) : 2
(44,0) : 1
(16,2) : 1
(4,1) : 1
(5,1) : 3
(2,1) : 4
(6,2) : 1
(3,1) : 1
