pop size : 10000, betaG : 0.08500, lambdaH : 0.10000, lambdaW : 0.00100, gamma : 0.12500, Tmax : 150.00, threshold of infected : 0.010
0.37 0.32 0.13 0.12 0.04 0.02 
0.2192 0.12 0.08 0.06 0.05 0.045 0.04 0.035 0.03 0.02 0.02 0.02 0.015 0.015 0.015 0.015 0.001 0.001 0.001 0.001 0.001 0.001 0.001 0.001 0.001 0.001 0.001 0.001 0.001 0.001 0.001 0.001 0.001 0.001 0.001 0.001 0.001 0.001 0.001 0.001 0.001 0.0001 0.0001 0.0001 0.0001 0.0001 0.0001 0.0001 0.0001 0.175 
Proportion of infected at cutoff : 0.0100
Proportion of susceptibles at cutoff : 0.9721
(15,1) : 4
(48,0) : 8
(2,0) : 69
(50,0) : 47
(45,0) : 2
(8,0) : 29
(40,0) : 1
(49,1) : 11
(6,0) : 26
(49,0) : 25
(7,0) : 39
(38,0) : 1
(48,1) : 11
(47,1) : 10
(48,2) : 4
(47,2) : 4
(3,0) : 50
(5,0) : 38
(39,0) : 1
(3,1) : 5
(10,0) : 11
(44,5) : 1
(1,0) : 167
(15,0) : 9
(47,0) : 5
(37,0) : 1
(4,0) : 40
(12,0) : 19
(36,0) : 1
(13,0) : 5
(27,0) : 2
(45,2) : 1
(9,0) : 22
(14,0) : 3
(11,0) : 11
(9,1) : 1
(34,0) : 1
(43,4) : 1
(33,0) : 1
(46,0) : 1
(16,0) : 9
(47,3) : 2
(46,2) : 1
(12,1) : 1
(44,1) : 1
(20,0) : 1
(2,1) : 4
(13,1) : 1
(8,1) : 1
(7,1) : 3
(24,0) : 1
(22,0) : 1
(14,1) : 1
(44,2) : 1
(18,1) : 1
(4,1) : 1
(29,0) : 1
(3,2) : 2
(6,1) : 1
(5,1) : 1
(0,1) : 1
