pop size : 10000, betaG : 0.08500, lambdaH : 0.10000, lambdaW : 0.00100, gamma : 0.12500, Tmax : 150.00, threshold of infected : 0.010
0.37 0.32 0.13 0.12 0.04 0.02 
0.2192 0.12 0.08 0.06 0.05 0.045 0.04 0.035 0.03 0.02 0.02 0.02 0.015 0.015 0.015 0.015 0.001 0.001 0.001 0.001 0.001 0.001 0.001 0.001 0.001 0.001 0.001 0.001 0.001 0.001 0.001 0.001 0.001 0.001 0.001 0.001 0.001 0.001 0.001 0.001 0.001 0.0001 0.0001 0.0001 0.0001 0.0001 0.0001 0.0001 0.0001 0.175 
Proportion of infected at cutoff : 0.0100
Proportion of susceptibles at cutoff : 0.9770
(6,0) : 28
(47,1) : 3
(4,0) : 46
(50,0) : 46
(10,0) : 12
(47,2) : 5
(15,0) : 15
(8,0) : 17
(7,0) : 25
(38,1) : 1
(14,0) : 18
(48,2) : 4
(49,1) : 17
(5,0) : 37
(49,0) : 27
(46,3) : 2
(2,0) : 109
(20,0) : 4
(12,0) : 12
(24,0) : 1
(47,0) : 3
(48,0) : 9
(1,0) : 148
(25,0) : 2
(48,1) : 9
(13,0) : 12
(45,0) : 1
(47,3) : 2
(28,0) : 1
(36,1) : 1
(3,0) : 57
(46,1) : 1
(37,0) : 1
(16,0) : 7
(9,0) : 21
(46,4) : 1
(30,0) : 1
(45,5) : 1
(27,2) : 1
(9,1) : 2
(8,1) : 1
(42,5) : 1
(46,2) : 2
(26,0) : 1
(13,1) : 1
(22,0) : 1
(28,1) : 1
(11,0) : 9
(15,1) : 2
(14,1) : 1
(7,2) : 1
(4,1) : 2
(0,1) : 2
(19,0) : 1
(3,1) : 2
(7,1) : 1
(0,0) : 1
(1,1) : 1
