pop size : 10000, betaG : 0.08500, lambdaH : 0.10000, lambdaW : 0.00100, gamma : 0.12500, Tmax : 150.00, threshold of infected : 0.010
0.37 0.32 0.13 0.12 0.04 0.02 
0.2192 0.12 0.08 0.06 0.05 0.045 0.04 0.035 0.03 0.02 0.02 0.02 0.015 0.015 0.015 0.015 0.001 0.001 0.001 0.001 0.001 0.001 0.001 0.001 0.001 0.001 0.001 0.001 0.001 0.001 0.001 0.001 0.001 0.001 0.001 0.001 0.001 0.001 0.001 0.001 0.001 0.0001 0.0001 0.0001 0.0001 0.0001 0.0001 0.0001 0.0001 0.175 
Proportion of infected at cutoff : 0.0100
Proportion of susceptibles at cutoff : 0.9739
(50,0) : 43
(49,0) : 28
(15,0) : 13
(5,0) : 39
(14,0) : 10
(42,6) : 1
(7,0) : 28
(47,0) : 2
(8,0) : 22
(47,2) : 4
(49,1) : 17
(1,0) : 173
(2,0) : 100
(48,1) : 13
(37,5) : 1
(46,0) : 4
(4,0) : 50
(17,0) : 2
(3,0) : 68
(10,0) : 10
(16,0) : 11
(11,0) : 16
(12,0) : 14
(48,0) : 9
(48,2) : 5
(38,0) : 1
(6,0) : 32
(44,3) : 1
(27,0) : 1
(13,0) : 7
(19,0) : 1
(9,0) : 15
(46,3) : 1
(44,1) : 1
(44,2) : 1
(43,2) : 1
(12,1) : 3
(15,1) : 1
(11,1) : 1
(35,0) : 3
(7,2) : 1
(34,1) : 2
(7,1) : 2
(3,1) : 3
(32,1) : 1
(29,0) : 1
(8,1) : 2
(22,0) : 1
(4,1) : 2
(47,1) : 1
(34,0) : 1
(2,1) : 5
(6,1) : 1
(5,1) : 1
(13,1) : 1
(0,1) : 2
(0,0) : 1
