pop size : 10000, betaG : 0.08500, lambdaH : 0.10000, lambdaW : 0.00100, gamma : 0.12500, Tmax : 150.00, threshold of infected : 0.010
0.37 0.32 0.13 0.12 0.04 0.02 
0.2192 0.12 0.08 0.06 0.05 0.045 0.04 0.035 0.03 0.02 0.02 0.02 0.015 0.015 0.015 0.015 0.001 0.001 0.001 0.001 0.001 0.001 0.001 0.001 0.001 0.001 0.001 0.001 0.001 0.001 0.001 0.001 0.001 0.001 0.001 0.001 0.001 0.001 0.001 0.001 0.001 0.0001 0.0001 0.0001 0.0001 0.0001 0.0001 0.0001 0.0001 0.175 
Proportion of infected at cutoff : 0.0100
Proportion of susceptibles at cutoff : 0.9802
(49,0) : 17
(50,0) : 69
(8,0) : 22
(49,1) : 14
(4,0) : 45
(15,0) : 7
(28,0) : 2
(48,1) : 7
(7,0) : 30
(1,0) : 141
(16,0) : 16
(48,0) : 6
(11,0) : 16
(30,0) : 2
(19,0) : 1
(17,0) : 2
(48,2) : 8
(43,2) : 1
(5,0) : 41
(6,0) : 27
(41,5) : 1
(47,2) : 1
(42,8) : 1
(47,3) : 2
(3,0) : 48
(14,0) : 10
(12,0) : 13
(33,0) : 1
(44,2) : 1
(10,0) : 8
(13,0) : 6
(8,1) : 5
(47,1) : 1
(46,2) : 1
(47,0) : 3
(2,0) : 97
(20,0) : 3
(4,1) : 2
(18,0) : 2
(14,1) : 2
(45,2) : 1
(46,3) : 1
(5,1) : 3
(32,0) : 1
(27,1) : 1
(13,1) : 2
(9,0) : 13
(11,1) : 2
(23,0) : 2
(7,1) : 2
(32,1) : 1
(9,1) : 1
(46,0) : 1
(3,1) : 2
(6,1) : 2
(2,1) : 3
(0,0) : 2
(1,1) : 2
