pop size : 10000, betaG : 0.08500, lambdaH : 0.10000, lambdaW : 0.00100, gamma : 0.12500, Tmax : 150.00, threshold of infected : 0.010
0.37 0.32 0.13 0.12 0.04 0.02 
0.2192 0.12 0.08 0.06 0.05 0.045 0.04 0.035 0.03 0.02 0.02 0.02 0.015 0.015 0.015 0.015 0.001 0.001 0.001 0.001 0.001 0.001 0.001 0.001 0.001 0.001 0.001 0.001 0.001 0.001 0.001 0.001 0.001 0.001 0.001 0.001 0.001 0.001 0.001 0.001 0.001 0.0001 0.0001 0.0001 0.0001 0.0001 0.0001 0.0001 0.0001 0.175 
Proportion of infected at cutoff : 0.0100
Proportion of susceptibles at cutoff : 0.9727
(48,2) : 5
(9,0) : 20
(49,0) : 28
(50,0) : 37
(47,1) : 4
(16,0) : 9
(45,1) : 4
(48,0) : 13
(6,0) : 36
(5,0) : 47
(1,0) : 145
(47,2) : 7
(4,0) : 50
(49,1) : 16
(10,0) : 18
(2,0) : 99
(48,1) : 5
(15,0) : 6
(47,3) : 1
(11,0) : 23
(8,0) : 37
(18,1) : 1
(13,0) : 13
(30,3) : 1
(25,0) : 1
(14,0) : 7
(12,0) : 12
(36,0) : 3
(3,0) : 56
(8,1) : 1
(47,0) : 2
(5,1) : 2
(44,4) : 1
(7,0) : 22
(46,3) : 3
(46,0) : 1
(29,0) : 2
(4,2) : 1
(20,0) : 1
(34,0) : 1
(26,0) : 1
(9,1) : 1
(28,1) : 1
(30,0) : 1
(7,1) : 3
(23,0) : 2
(10,1) : 2
(11,2) : 1
(11,1) : 2
(6,1) : 2
(12,1) : 2
(28,0) : 1
(23,1) : 1
(21,0) : 1
(14,1) : 1
(17,0) : 1
(4,1) : 2
(3,1) : 1
(1,1) : 1
(2,1) : 1
