pop size : 10000, betaG : 0.08500, lambdaH : 0.10000, lambdaW : 0.00100, gamma : 0.12500, Tmax : 150.00, threshold of infected : 0.010
0.37 0.32 0.13 0.12 0.04 0.02 
0.2192 0.12 0.08 0.06 0.05 0.045 0.04 0.035 0.03 0.02 0.02 0.02 0.015 0.015 0.015 0.015 0.001 0.001 0.001 0.001 0.001 0.001 0.001 0.001 0.001 0.001 0.001 0.001 0.001 0.001 0.001 0.001 0.001 0.001 0.001 0.001 0.001 0.001 0.001 0.001 0.001 0.0001 0.0001 0.0001 0.0001 0.0001 0.0001 0.0001 0.0001 0.175 
Proportion of infected at cutoff : 0.0100
Proportion of susceptibles at cutoff : 0.9712
(49,0) : 21
(48,0) : 9
(47,3) : 1
(47,0) : 5
(10,0) : 12
(50,0) : 40
(9,0) : 25
(48,1) : 8
(13,0) : 12
(11,0) : 23
(6,0) : 35
(43,0) : 1
(45,2) : 1
(46,3) : 3
(10,1) : 2
(3,0) : 67
(2,0) : 87
(48,2) : 4
(5,0) : 40
(15,0) : 11
(16,0) : 6
(38,0) : 1
(49,1) : 8
(47,2) : 3
(5,1) : 2
(8,0) : 30
(1,0) : 184
(11,1) : 3
(21,0) : 1
(35,2) : 1
(32,0) : 2
(18,0) : 1
(4,0) : 35
(13,1) : 3
(7,0) : 33
(47,1) : 5
(23,0) : 2
(22,0) : 3
(37,0) : 1
(14,0) : 10
(27,0) : 1
(40,0) : 1
(46,0) : 2
(46,1) : 1
(24,1) : 1
(27,2) : 1
(45,4) : 1
(39,2) : 1
(43,3) : 1
(31,1) : 1
(25,1) : 1
(26,1) : 1
(15,2) : 1
(33,0) : 1
(12,0) : 17
(30,0) : 1
(4,1) : 3
(19,0) : 2
(24,0) : 1
(45,0) : 1
(42,0) : 1
(44,2) : 1
(29,3) : 1
(35,0) : 1
(7,1) : 1
(28,0) : 3
(14,1) : 1
(15,1) : 1
(29,0) : 1
(17,1) : 1
(17,0) : 1
(12,1) : 1
(6,1) : 2
(2,1) : 3
(0,0) : 2
(8,1) : 1
(0,1) : 2
