pop size : 10000, betaG : 0.08500, lambdaH : 0.10000, lambdaW : 0.00100, gamma : 0.12500, Tmax : 150.00, threshold of infected : 0.010
0.37 0.32 0.13 0.12 0.04 0.02 
0.2192 0.12 0.08 0.06 0.05 0.045 0.04 0.035 0.03 0.02 0.02 0.02 0.015 0.015 0.015 0.015 0.001 0.001 0.001 0.001 0.001 0.001 0.001 0.001 0.001 0.001 0.001 0.001 0.001 0.001 0.001 0.001 0.001 0.001 0.001 0.001 0.001 0.001 0.001 0.001 0.001 0.0001 0.0001 0.0001 0.0001 0.0001 0.0001 0.0001 0.0001 0.175 
Proportion of infected at cutoff : 0.0100
Proportion of susceptibles at cutoff : 0.9780
(48,1) : 10
(3,0) : 55
(2,0) : 86
(6,0) : 29
(14,1) : 5
(5,0) : 39
(4,0) : 44
(15,1) : 1
(50,0) : 58
(1,0) : 150
(14,0) : 11
(8,0) : 24
(15,0) : 10
(49,0) : 21
(49,1) : 16
(10,0) : 10
(48,0) : 5
(7,0) : 28
(48,2) : 5
(12,0) : 17
(16,0) : 9
(38,1) : 1
(13,0) : 11
(46,2) : 2
(43,4) : 1
(11,0) : 14
(45,1) : 1
(47,0) : 2
(9,0) : 23
(46,3) : 2
(31,0) : 2
(47,1) : 2
(10,1) : 1
(21,0) : 1
(44,0) : 1
(9,1) : 1
(14,2) : 1
(47,3) : 1
(7,1) : 4
(18,0) : 1
(46,4) : 1
(19,0) : 1
(44,1) : 1
(32,1) : 1
(26,0) : 1
(33,0) : 1
(45,0) : 1
(46,0) : 1
(25,0) : 1
(46,1) : 2
(13,1) : 1
(11,2) : 1
(28,0) : 1
(19,1) : 1
(12,2) : 1
(29,0) : 1
(1,1) : 1
(3,1) : 1
(0,1) : 1
(11,1) : 3
(5,1) : 3
(4,1) : 2
(5,2) : 1
(8,1) : 1
(2,1) : 1
(0,0) : 1
