pop size : 10000, betaG : 0.08500, lambdaH : 0.10000, lambdaW : 0.00100, gamma : 0.12500, Tmax : 150.00, threshold of infected : 0.010
0.37 0.32 0.13 0.12 0.04 0.02 
0.2192 0.12 0.08 0.06 0.05 0.045 0.04 0.035 0.03 0.02 0.02 0.02 0.015 0.015 0.015 0.015 0.001 0.001 0.001 0.001 0.001 0.001 0.001 0.001 0.001 0.001 0.001 0.001 0.001 0.001 0.001 0.001 0.001 0.001 0.001 0.001 0.001 0.001 0.001 0.001 0.001 0.0001 0.0001 0.0001 0.0001 0.0001 0.0001 0.0001 0.0001 0.175 
Proportion of infected at cutoff : 0.0100
Proportion of susceptibles at cutoff : 0.9729
(50,0) : 40
(47,3) : 2
(47,1) : 10
(49,0) : 30
(49,1) : 14
(48,0) : 7
(6,0) : 26
(48,1) : 14
(8,0) : 22
(11,0) : 20
(7,0) : 34
(46,0) : 2
(4,0) : 44
(16,0) : 8
(2,0) : 90
(3,0) : 58
(1,0) : 153
(47,0) : 3
(12,0) : 11
(9,0) : 27
(43,3) : 1
(14,1) : 1
(48,2) : 2
(45,2) : 1
(47,2) : 3
(15,0) : 4
(5,0) : 32
(2,1) : 2
(46,1) : 2
(14,0) : 9
(26,0) : 3
(42,4) : 1
(13,0) : 11
(7,1) : 4
(46,2) : 3
(35,2) : 2
(33,1) : 1
(28,0) : 1
(46,3) : 1
(12,1) : 2
(22,0) : 1
(34,0) : 1
(20,0) : 1
(28,1) : 1
(35,0) : 1
(18,0) : 1
(10,0) : 9
(8,1) : 1
(15,1) : 1
(32,0) : 1
(13,1) : 1
(6,1) : 1
(29,0) : 1
(19,0) : 1
(9,1) : 1
(0,0) : 1
(0,1) : 3
(1,1) : 3
