pop size : 10000, betaG : 0.08500, lambdaH : 0.10000, lambdaW : 0.00100, gamma : 0.12500, Tmax : 150.00, threshold of infected : 0.010
0.37 0.32 0.13 0.12 0.04 0.02 
0.2192 0.12 0.08 0.06 0.05 0.045 0.04 0.035 0.03 0.02 0.02 0.02 0.015 0.015 0.015 0.015 0.001 0.001 0.001 0.001 0.001 0.001 0.001 0.001 0.001 0.001 0.001 0.001 0.001 0.001 0.001 0.001 0.001 0.001 0.001 0.001 0.001 0.001 0.001 0.001 0.001 0.0001 0.0001 0.0001 0.0001 0.0001 0.0001 0.0001 0.0001 0.175 
Proportion of infected at cutoff : 0.0100
Proportion of susceptibles at cutoff : 0.9799
(50,0) : 52
(12,0) : 12
(49,1) : 22
(46,1) : 2
(5,1) : 3
(8,1) : 4
(47,3) : 4
(11,0) : 22
(48,0) : 7
(7,0) : 23
(6,0) : 29
(49,0) : 14
(48,2) : 3
(48,1) : 14
(15,0) : 10
(8,0) : 27
(40,0) : 2
(10,0) : 15
(5,0) : 32
(3,0) : 61
(35,0) : 2
(16,0) : 11
(47,2) : 4
(9,0) : 21
(4,0) : 38
(13,0) : 13
(1,0) : 185
(34,0) : 2
(43,4) : 1
(20,0) : 2
(2,0) : 84
(36,0) : 1
(11,1) : 1
(30,1) : 1
(28,0) : 2
(14,0) : 10
(46,0) : 1
(23,0) : 2
(10,1) : 2
(22,0) : 3
(17,0) : 3
(12,1) : 2
(34,2) : 1
(22,3) : 1
(25,0) : 1
(6,1) : 2
(9,1) : 4
(7,1) : 1
(39,0) : 1
(18,0) : 1
(2,1) : 3
(45,0) : 1
(4,1) : 1
(19,1) : 1
(3,1) : 1
(30,0) : 1
(21,0) : 1
(1,1) : 1
(0,0) : 1
