pop size : 10000, betaG : 0.08500, lambdaH : 0.10000, lambdaW : 0.00100, gamma : 0.12500, Tmax : 150.00, threshold of infected : 0.010
0.37 0.32 0.13 0.12 0.04 0.02 
0.2192 0.12 0.08 0.06 0.05 0.045 0.04 0.035 0.03 0.02 0.02 0.02 0.015 0.015 0.015 0.015 0.001 0.001 0.001 0.001 0.001 0.001 0.001 0.001 0.001 0.001 0.001 0.001 0.001 0.001 0.001 0.001 0.001 0.001 0.001 0.001 0.001 0.001 0.001 0.001 0.001 0.0001 0.0001 0.0001 0.0001 0.0001 0.0001 0.0001 0.0001 0.175 
Proportion of infected at cutoff : 0.0100
Proportion of susceptibles at cutoff : 0.9811
(49,0) : 18
(35,0) : 1
(48,1) : 8
(50,0) : 51
(49,1) : 26
(47,0) : 4
(16,0) : 9
(14,0) : 18
(1,0) : 155
(48,2) : 2
(11,0) : 17
(38,0) : 2
(20,0) : 1
(36,0) : 2
(24,0) : 2
(26,0) : 2
(12,0) : 10
(45,3) : 1
(10,0) : 8
(9,0) : 15
(8,0) : 27
(4,0) : 51
(43,5) : 1
(36,1) : 1
(48,0) : 7
(22,0) : 1
(34,1) : 1
(46,3) : 4
(23,2) : 1
(2,0) : 101
(31,0) : 2
(33,0) : 1
(6,0) : 32
(30,1) : 1
(46,1) : 1
(42,5) : 1
(3,0) : 47
(37,2) : 1
(7,0) : 32
(27,0) : 2
(28,1) : 1
(20,1) : 1
(40,0) : 1
(47,1) : 3
(5,0) : 32
(13,0) : 9
(44,6) : 1
(5,1) : 3
(15,0) : 7
(6,1) : 1
(19,0) : 2
(15,1) : 1
(4,1) : 3
(14,1) : 1
(13,1) : 3
(18,0) : 1
(9,1) : 1
(8,1) : 1
(3,1) : 2
(17,0) : 1
(2,1) : 1
(0,0) : 1
(1,1) : 1
