pop size : 10000, betaG : 0.08500, lambdaH : 0.10000, lambdaW : 0.00100, gamma : 0.12500, Tmax : 150.00, threshold of infected : 0.010
0.37 0.32 0.13 0.12 0.04 0.02 
0.2192 0.12 0.08 0.06 0.05 0.045 0.04 0.035 0.03 0.02 0.02 0.02 0.015 0.015 0.015 0.015 0.001 0.001 0.001 0.001 0.001 0.001 0.001 0.001 0.001 0.001 0.001 0.001 0.001 0.001 0.001 0.001 0.001 0.001 0.001 0.001 0.001 0.001 0.001 0.001 0.001 0.0001 0.0001 0.0001 0.0001 0.0001 0.0001 0.0001 0.0001 0.175 
Proportion of infected at cutoff : 0.0100
Proportion of susceptibles at cutoff : 0.9807
(50,0) : 57
(48,2) : 6
(7,0) : 26
(47,3) : 2
(16,0) : 11
(49,0) : 19
(48,1) : 11
(3,0) : 76
(12,0) : 13
(5,0) : 45
(48,0) : 5
(15,1) : 1
(10,0) : 18
(9,0) : 24
(1,0) : 160
(49,1) : 18
(6,1) : 4
(2,0) : 92
(14,0) : 12
(15,0) : 13
(43,2) : 1
(12,1) : 3
(8,0) : 30
(12,2) : 1
(2,1) : 2
(4,0) : 46
(5,1) : 1
(33,0) : 2
(47,1) : 3
(46,2) : 1
(32,1) : 1
(14,1) : 1
(46,4) : 1
(32,0) : 1
(45,3) : 1
(38,0) : 1
(13,0) : 6
(6,0) : 27
(9,1) : 5
(17,0) : 1
(11,0) : 11
(25,0) : 1
(47,2) : 2
(34,1) : 1
(45,2) : 1
(26,1) : 1
(39,0) : 1
(13,1) : 1
(27,0) : 2
(0,1) : 2
(30,0) : 2
(20,0) : 1
(10,3) : 1
(19,0) : 1
(28,1) : 1
(8,1) : 1
(1,1) : 3
(0,0) : 2
