pop size : 10000, betaG : 0.08500, lambdaH : 0.10000, lambdaW : 0.00100, gamma : 0.12500, Tmax : 150.00, threshold of infected : 0.010
0.37 0.32 0.13 0.12 0.04 0.02 
0.2192 0.12 0.08 0.06 0.05 0.045 0.04 0.035 0.03 0.02 0.02 0.02 0.015 0.015 0.015 0.015 0.001 0.001 0.001 0.001 0.001 0.001 0.001 0.001 0.001 0.001 0.001 0.001 0.001 0.001 0.001 0.001 0.001 0.001 0.001 0.001 0.001 0.001 0.001 0.001 0.001 0.0001 0.0001 0.0001 0.0001 0.0001 0.0001 0.0001 0.0001 0.175 
Proportion of infected at cutoff : 0.0100
Proportion of susceptibles at cutoff : 0.9756
(49,1) : 21
(50,0) : 44
(49,0) : 20
(34,0) : 2
(2,0) : 77
(36,0) : 2
(6,0) : 42
(46,0) : 3
(47,0) : 4
(16,0) : 8
(48,0) : 8
(9,0) : 17
(48,1) : 6
(8,0) : 26
(47,1) : 8
(47,2) : 4
(1,0) : 165
(15,0) : 6
(13,0) : 13
(46,1) : 3
(10,0) : 13
(12,0) : 10
(47,3) : 2
(46,2) : 3
(3,0) : 72
(4,0) : 55
(46,4) : 1
(7,0) : 22
(14,0) : 11
(22,0) : 1
(5,0) : 38
(38,0) : 2
(48,2) : 4
(24,0) : 1
(45,3) : 1
(11,0) : 16
(3,1) : 3
(19,0) : 1
(18,0) : 1
(4,1) : 3
(22,1) : 1
(13,1) : 2
(5,1) : 2
(37,1) : 1
(10,1) : 1
(20,0) : 1
(25,0) : 1
(41,1) : 1
(8,1) : 2
(11,1) : 1
(27,0) : 2
(6,1) : 2
(1,1) : 3
(17,0) : 1
(15,1) : 1
(7,1) : 2
(0,0) : 2
(0,1) : 2
