pop size : 10000, betaG : 0.08500, lambdaH : 0.10000, lambdaW : 0.00100, gamma : 0.12500, Tmax : 150.00, threshold of infected : 0.010
0.37 0.32 0.13 0.12 0.04 0.02 
0.2192 0.12 0.08 0.06 0.05 0.045 0.04 0.035 0.03 0.02 0.02 0.02 0.015 0.015 0.015 0.015 0.001 0.001 0.001 0.001 0.001 0.001 0.001 0.001 0.001 0.001 0.001 0.001 0.001 0.001 0.001 0.001 0.001 0.001 0.001 0.001 0.001 0.001 0.001 0.001 0.001 0.0001 0.0001 0.0001 0.0001 0.0001 0.0001 0.0001 0.0001 0.175 
Proportion of infected at cutoff : 0.0100
Proportion of susceptibles at cutoff : 0.9770
(48,0) : 10
(49,0) : 20
(1,0) : 168
(10,0) : 17
(13,0) : 8
(7,0) : 37
(15,0) : 13
(8,0) : 28
(6,0) : 34
(50,0) : 46
(2,0) : 104
(35,0) : 1
(11,0) : 15
(45,2) : 2
(49,1) : 15
(16,0) : 8
(3,0) : 70
(48,1) : 9
(44,2) : 1
(12,0) : 16
(17,0) : 1
(7,1) : 1
(6,1) : 5
(47,2) : 3
(44,4) : 1
(5,0) : 55
(14,0) : 19
(32,0) : 1
(45,4) : 1
(47,1) : 3
(9,0) : 23
(22,0) : 3
(30,0) : 1
(4,0) : 54
(36,1) : 1
(28,0) : 1
(48,2) : 2
(18,1) : 2
(39,0) : 1
(45,1) : 1
(23,0) : 1
(31,0) : 1
(20,0) : 1
(29,1) : 1
(44,3) : 1
(10,1) : 2
(14,1) : 4
(47,3) : 1
(15,1) : 2
(19,0) : 1
(38,1) : 1
(4,1) : 1
(35,1) : 1
(18,0) : 1
(26,1) : 1
(33,0) : 1
(47,0) : 1
(27,1) : 1
(13,1) : 1
(28,1) : 1
(8,1) : 1
(5,1) : 5
(1,1) : 3
(2,1) : 3
(14,2) : 1
(3,1) : 1
(3,2) : 1
(0,0) : 1
