pop size : 10000, betaG : 0.08500, lambdaH : 0.10000, lambdaW : 0.00100, gamma : 0.12500, Tmax : 150.00, threshold of infected : 0.010
0.37 0.32 0.13 0.12 0.04 0.02 
0.2192 0.12 0.08 0.06 0.05 0.045 0.04 0.035 0.03 0.02 0.02 0.02 0.015 0.015 0.015 0.015 0.001 0.001 0.001 0.001 0.001 0.001 0.001 0.001 0.001 0.001 0.001 0.001 0.001 0.001 0.001 0.001 0.001 0.001 0.001 0.001 0.001 0.001 0.001 0.001 0.001 0.0001 0.0001 0.0001 0.0001 0.0001 0.0001 0.0001 0.0001 0.175 
Proportion of infected at cutoff : 0.0100
Proportion of susceptibles at cutoff : 0.9753
(48,2) : 2
(47,1) : 4
(49,0) : 29
(50,0) : 49
(3,0) : 55
(43,3) : 2
(9,0) : 16
(15,0) : 7
(6,0) : 34
(11,0) : 12
(34,0) : 2
(10,0) : 13
(48,0) : 4
(49,1) : 19
(43,1) : 1
(4,0) : 33
(48,1) : 9
(31,0) : 1
(1,0) : 161
(12,0) : 14
(2,0) : 101
(45,0) : 1
(24,0) : 1
(46,2) : 4
(16,0) : 5
(20,0) : 2
(30,0) : 2
(8,0) : 27
(28,0) : 1
(13,0) : 6
(45,4) : 1
(47,2) : 2
(5,0) : 45
(38,0) : 1
(14,0) : 12
(19,0) : 1
(35,0) : 1
(47,0) : 2
(46,1) : 3
(7,1) : 3
(17,0) : 1
(7,0) : 26
(11,2) : 1
(27,1) : 1
(47,3) : 2
(9,1) : 2
(11,1) : 4
(15,1) : 1
(43,0) : 1
(43,6) : 1
(14,1) : 1
(22,0) : 2
(12,1) : 2
(18,0) : 1
(3,1) : 1
(8,1) : 1
(5,1) : 2
(6,1) : 1
(0,1) : 2
(4,1) : 1
(13,1) : 1
(0,0) : 3
(2,1) : 1
