pop size : 10000, betaG : 0.08500, lambdaH : 0.10000, lambdaW : 0.00100, gamma : 0.12500, Tmax : 150.00, threshold of infected : 0.010
0.37 0.32 0.13 0.12 0.04 0.02 
0.2192 0.12 0.08 0.06 0.05 0.045 0.04 0.035 0.03 0.02 0.02 0.02 0.015 0.015 0.015 0.015 0.001 0.001 0.001 0.001 0.001 0.001 0.001 0.001 0.001 0.001 0.001 0.001 0.001 0.001 0.001 0.001 0.001 0.001 0.001 0.001 0.001 0.001 0.001 0.001 0.001 0.0001 0.0001 0.0001 0.0001 0.0001 0.0001 0.0001 0.0001 0.175 
Proportion of infected at cutoff : 0.0100
Proportion of susceptibles at cutoff : 0.9809
(50,0) : 60
(49,0) : 20
(3,0) : 63
(13,1) : 1
(5,0) : 46
(14,0) : 12
(49,1) : 20
(37,0) : 2
(9,0) : 30
(4,0) : 38
(16,0) : 12
(8,0) : 23
(46,3) : 2
(12,0) : 14
(2,0) : 85
(48,1) : 9
(22,0) : 1
(47,3) : 1
(1,0) : 181
(47,1) : 2
(7,0) : 30
(47,2) : 4
(48,2) : 2
(10,0) : 12
(6,0) : 25
(11,0) : 14
(23,0) : 1
(13,0) : 5
(45,2) : 1
(15,0) : 8
(46,0) : 1
(31,0) : 4
(48,0) : 4
(26,0) : 1
(45,0) : 1
(36,0) : 1
(8,1) : 2
(46,2) : 2
(12,1) : 3
(5,1) : 2
(41,7) : 1
(17,0) : 2
(14,1) : 2
(9,1) : 2
(3,1) : 3
(44,3) : 1
(6,1) : 3
(14,2) : 1
(15,1) : 1
(11,1) : 2
(16,1) : 1
(0,0) : 2
(24,0) : 1
(25,0) : 1
(19,0) : 1
(20,0) : 1
(7,1) : 1
(4,2) : 1
(10,1) : 1
(1,1) : 1
(4,1) : 2
(0,1) : 1
