pop size : 10000, betaG : 0.08500, lambdaH : 0.10000, lambdaW : 0.00100, gamma : 0.12500, Tmax : 150.00, threshold of infected : 0.010
0.37 0.32 0.13 0.12 0.04 0.02 
0.2192 0.12 0.08 0.06 0.05 0.045 0.04 0.035 0.03 0.02 0.02 0.02 0.015 0.015 0.015 0.015 0.001 0.001 0.001 0.001 0.001 0.001 0.001 0.001 0.001 0.001 0.001 0.001 0.001 0.001 0.001 0.001 0.001 0.001 0.001 0.001 0.001 0.001 0.001 0.001 0.001 0.0001 0.0001 0.0001 0.0001 0.0001 0.0001 0.0001 0.0001 0.175 
Proportion of infected at cutoff : 0.0100
Proportion of susceptibles at cutoff : 0.9785
(50,0) : 54
(28,0) : 1
(48,1) : 6
(13,0) : 13
(8,1) : 3
(47,2) : 7
(15,0) : 12
(49,0) : 24
(29,0) : 1
(9,0) : 17
(12,0) : 18
(49,1) : 13
(8,0) : 26
(16,0) : 8
(10,0) : 12
(3,0) : 57
(20,0) : 1
(5,1) : 2
(48,2) : 6
(6,0) : 31
(47,0) : 3
(44,1) : 2
(2,0) : 80
(34,2) : 1
(23,1) : 2
(45,4) : 1
(4,0) : 31
(27,0) : 3
(5,0) : 33
(15,1) : 2
(48,0) : 6
(21,0) : 1
(14,0) : 9
(7,0) : 25
(11,0) : 16
(1,0) : 158
(14,1) : 2
(40,0) : 1
(19,1) : 1
(45,3) : 1
(47,1) : 4
(22,1) : 1
(20,1) : 1
(46,3) : 1
(6,1) : 2
(36,0) : 1
(46,2) : 2
(46,0) : 1
(13,1) : 1
(37,2) : 1
(42,0) : 1
(39,1) : 1
(7,1) : 2
(6,2) : 1
(12,1) : 1
(47,3) : 1
(17,0) : 1
(32,0) : 1
(9,1) : 1
(0,1) : 2
(3,1) : 1
(0,0) : 3
(2,1) : 1
