pop size : 10000, betaG : 0.08500, lambdaH : 0.10000, lambdaW : 0.00100, gamma : 0.12500, Tmax : 150.00, threshold of infected : 0.010
0.37 0.32 0.13 0.12 0.04 0.02 
0.2192 0.12 0.08 0.06 0.05 0.045 0.04 0.035 0.03 0.02 0.02 0.02 0.015 0.015 0.015 0.015 0.001 0.001 0.001 0.001 0.001 0.001 0.001 0.001 0.001 0.001 0.001 0.001 0.001 0.001 0.001 0.001 0.001 0.001 0.001 0.001 0.001 0.001 0.001 0.001 0.001 0.0001 0.0001 0.0001 0.0001 0.0001 0.0001 0.0001 0.0001 0.175 
Proportion of infected at cutoff : 0.0100
Proportion of susceptibles at cutoff : 0.9770
(13,0) : 10
(7,0) : 28
(49,1) : 16
(14,0) : 9
(50,0) : 53
(49,0) : 21
(47,1) : 3
(15,0) : 10
(38,1) : 2
(48,0) : 9
(4,0) : 59
(9,0) : 24
(48,1) : 11
(2,0) : 89
(7,1) : 6
(46,1) : 1
(47,2) : 3
(6,0) : 31
(46,2) : 2
(47,0) : 1
(21,0) : 1
(48,2) : 4
(5,0) : 42
(37,0) : 1
(8,0) : 26
(10,0) : 24
(8,1) : 3
(3,0) : 72
(13,1) : 1
(11,0) : 12
(1,1) : 2
(46,0) : 2
(12,0) : 11
(1,0) : 155
(47,3) : 1
(39,2) : 1
(16,0) : 2
(42,4) : 1
(17,0) : 1
(4,1) : 4
(46,3) : 1
(20,1) : 1
(39,1) : 1
(28,0) : 2
(15,1) : 4
(9,1) : 1
(25,0) : 1
(38,0) : 1
(6,1) : 5
(35,1) : 1
(36,0) : 1
(30,0) : 1
(11,1) : 1
(22,1) : 1
(0,1) : 3
(3,1) : 2
(14,1) : 1
