pop size : 10000, betaG : 0.08500, lambdaH : 0.10000, lambdaW : 0.00100, gamma : 0.12500, Tmax : 150.00, threshold of infected : 0.010
0.37 0.32 0.13 0.12 0.04 0.02 
0.2192 0.12 0.08 0.06 0.05 0.045 0.04 0.035 0.03 0.02 0.02 0.02 0.015 0.015 0.015 0.015 0.001 0.001 0.001 0.001 0.001 0.001 0.001 0.001 0.001 0.001 0.001 0.001 0.001 0.001 0.001 0.001 0.001 0.001 0.001 0.001 0.001 0.001 0.001 0.001 0.001 0.0001 0.0001 0.0001 0.0001 0.0001 0.0001 0.0001 0.0001 0.175 
Proportion of infected at cutoff : 0.0100
Proportion of susceptibles at cutoff : 0.9817
(50,0) : 64
(47,3) : 2
(49,1) : 16
(48,1) : 8
(49,0) : 15
(14,0) : 9
(46,3) : 2
(4,0) : 65
(45,4) : 1
(48,2) : 5
(16,0) : 10
(13,0) : 12
(11,1) : 3
(47,2) : 1
(2,0) : 101
(9,0) : 19
(46,2) : 3
(5,0) : 36
(11,0) : 16
(15,0) : 7
(1,0) : 172
(7,0) : 31
(46,1) : 1
(48,0) : 1
(3,0) : 60
(47,0) : 2
(10,0) : 13
(8,0) : 22
(33,0) : 1
(41,0) : 1
(6,0) : 32
(20,1) : 1
(34,0) : 2
(46,4) : 1
(31,2) : 1
(21,0) : 1
(27,1) : 1
(46,0) : 1
(39,0) : 1
(45,1) : 1
(36,0) : 1
(47,1) : 2
(22,0) : 1
(45,2) : 2
(12,0) : 16
(12,1) : 1
(32,1) : 1
(45,3) : 1
(6,1) : 2
(26,0) : 1
(28,0) : 1
(17,0) : 1
(5,1) : 1
(36,1) : 1
(13,1) : 1
(19,0) : 2
(31,0) : 1
(18,0) : 1
(5,2) : 1
(34,1) : 1
(2,1) : 3
(3,1) : 2
(7,1) : 1
(0,0) : 2
(1,1) : 2
(10,1) : 1
(0,1) : 1
