pop size : 10000, betaG : 0.08500, lambdaH : 0.10000, lambdaW : 0.00100, gamma : 0.12500, Tmax : 150.00, threshold of infected : 0.010
0.37 0.32 0.13 0.12 0.04 0.02 
0.2192 0.12 0.08 0.06 0.05 0.045 0.04 0.035 0.03 0.02 0.02 0.02 0.015 0.015 0.015 0.015 0.001 0.001 0.001 0.001 0.001 0.001 0.001 0.001 0.001 0.001 0.001 0.001 0.001 0.001 0.001 0.001 0.001 0.001 0.001 0.001 0.001 0.001 0.001 0.001 0.001 0.0001 0.0001 0.0001 0.0001 0.0001 0.0001 0.0001 0.0001 0.175 
Proportion of infected at cutoff : 0.0100
Proportion of susceptibles at cutoff : 0.9769
(19,0) : 1
(47,1) : 3
(32,0) : 1
(49,0) : 18
(47,3) : 1
(38,0) : 1
(49,1) : 28
(47,2) : 5
(48,0) : 8
(1,0) : 166
(50,0) : 42
(44,0) : 2
(48,1) : 8
(46,2) : 1
(5,0) : 38
(9,0) : 33
(45,0) : 1
(47,0) : 3
(10,0) : 16
(6,0) : 43
(14,0) : 6
(12,0) : 10
(11,0) : 17
(3,0) : 60
(6,1) : 3
(29,0) : 1
(46,0) : 1
(4,0) : 57
(46,1) : 4
(35,0) : 2
(8,0) : 28
(16,0) : 3
(13,1) : 3
(15,0) : 10
(48,2) : 4
(7,0) : 32
(34,0) : 1
(5,1) : 2
(2,0) : 90
(24,0) : 1
(13,0) : 6
(37,0) : 1
(7,1) : 1
(45,3) : 1
(10,1) : 1
(28,0) : 1
(20,0) : 1
(6,3) : 1
(35,1) : 1
(46,3) : 1
(30,1) : 1
(26,0) : 1
(8,1) : 2
(24,1) : 1
(7,2) : 1
(11,1) : 1
(14,1) : 1
(4,1) : 2
(12,1) : 1
(9,1) : 1
(1,1) : 1
(3,1) : 1
(0,0) : 1
