pop size : 10000, betaG : 0.08500, lambdaH : 0.10000, lambdaW : 0.00100, gamma : 0.12500, Tmax : 150.00, threshold of infected : 0.010
0.37 0.32 0.13 0.12 0.04 0.02 
0.2192 0.12 0.08 0.06 0.05 0.045 0.04 0.035 0.03 0.02 0.02 0.02 0.015 0.015 0.015 0.015 0.001 0.001 0.001 0.001 0.001 0.001 0.001 0.001 0.001 0.001 0.001 0.001 0.001 0.001 0.001 0.001 0.001 0.001 0.001 0.001 0.001 0.001 0.001 0.001 0.001 0.0001 0.0001 0.0001 0.0001 0.0001 0.0001 0.0001 0.0001 0.175 
Proportion of infected at cutoff : 0.0100
Proportion of susceptibles at cutoff : 0.9774
(8,0) : 23
(48,1) : 12
(49,1) : 19
(1,0) : 161
(50,0) : 58
(2,0) : 92
(49,0) : 15
(46,2) : 1
(13,0) : 9
(47,2) : 3
(6,0) : 26
(46,1) : 6
(24,0) : 1
(23,0) : 1
(3,0) : 64
(14,0) : 13
(4,0) : 32
(13,1) : 3
(6,1) : 5
(16,0) : 6
(46,0) : 2
(48,0) : 8
(45,3) : 1
(12,0) : 13
(25,0) : 1
(47,1) : 4
(1,1) : 1
(46,3) : 1
(37,0) : 1
(15,0) : 10
(9,0) : 21
(29,0) : 1
(19,0) : 2
(10,0) : 15
(27,0) : 1
(5,0) : 30
(47,0) : 1
(45,0) : 1
(7,0) : 22
(11,0) : 12
(24,2) : 1
(35,1) : 1
(48,2) : 1
(45,1) : 1
(0,1) : 1
(23,1) : 1
(18,0) : 1
(22,0) : 2
(15,1) : 3
(43,3) : 1
(36,0) : 1
(12,1) : 1
(10,1) : 2
(28,1) : 1
(5,1) : 3
(39,0) : 1
(11,1) : 1
(25,1) : 1
(4,1) : 2
(8,1) : 1
(7,1) : 3
(2,1) : 2
(3,1) : 3
(7,2) : 1
(0,0) : 1
