pop size : 10000, betaG : 0.08500, lambdaH : 0.10000, lambdaW : 0.00100, gamma : 0.12500, Tmax : 150.00, threshold of infected : 0.010
0.37 0.32 0.13 0.12 0.04 0.02 
0.2192 0.12 0.08 0.06 0.05 0.045 0.04 0.035 0.03 0.02 0.02 0.02 0.015 0.015 0.015 0.015 0.001 0.001 0.001 0.001 0.001 0.001 0.001 0.001 0.001 0.001 0.001 0.001 0.001 0.001 0.001 0.001 0.001 0.001 0.001 0.001 0.001 0.001 0.001 0.001 0.001 0.0001 0.0001 0.0001 0.0001 0.0001 0.0001 0.0001 0.0001 0.175 
Proportion of infected at cutoff : 0.0100
Proportion of susceptibles at cutoff : 0.9780
(48,1) : 10
(8,0) : 36
(6,0) : 40
(36,1) : 1
(49,0) : 19
(50,0) : 61
(3,0) : 65
(47,3) : 1
(48,0) : 7
(9,0) : 24
(48,2) : 6
(13,2) : 1
(7,0) : 20
(49,1) : 12
(38,0) : 1
(1,0) : 173
(46,3) : 3
(10,0) : 11
(13,1) : 1
(12,0) : 15
(5,0) : 32
(39,1) : 1
(2,0) : 102
(47,0) : 2
(47,1) : 5
(28,0) : 3
(13,0) : 9
(5,1) : 2
(14,0) : 10
(8,1) : 1
(9,1) : 2
(31,7) : 1
(14,1) : 1
(15,0) : 10
(41,0) : 1
(46,1) : 2
(47,2) : 2
(4,0) : 45
(12,1) : 3
(11,0) : 14
(3,1) : 3
(16,0) : 5
(22,0) : 1
(11,1) : 2
(4,2) : 1
(10,1) : 1
(35,0) : 1
(6,1) : 4
(29,0) : 1
(18,1) : 1
(30,1) : 1
(10,2) : 1
(23,0) : 1
(21,0) : 1
(15,1) : 1
(16,1) : 1
(2,1) : 1
(1,1) : 2
(7,1) : 1
(0,0) : 1
