pop size : 10000, betaG : 0.08500, lambdaH : 0.10000, lambdaW : 0.00100, gamma : 0.12500, Tmax : 150.00, threshold of infected : 0.010
0.37 0.32 0.13 0.12 0.04 0.02 
0.2192 0.12 0.08 0.06 0.05 0.045 0.04 0.035 0.03 0.02 0.02 0.02 0.015 0.015 0.015 0.015 0.001 0.001 0.001 0.001 0.001 0.001 0.001 0.001 0.001 0.001 0.001 0.001 0.001 0.001 0.001 0.001 0.001 0.001 0.001 0.001 0.001 0.001 0.001 0.001 0.001 0.0001 0.0001 0.0001 0.0001 0.0001 0.0001 0.0001 0.0001 0.175 
Proportion of infected at cutoff : 0.0100
Proportion of susceptibles at cutoff : 0.9839
(47,1) : 2
(15,0) : 10
(4,0) : 36
(9,0) : 18
(7,0) : 23
(49,1) : 32
(49,0) : 13
(50,0) : 64
(28,0) : 2
(6,0) : 38
(21,0) : 1
(48,2) : 5
(11,1) : 3
(11,0) : 11
(48,0) : 5
(3,0) : 53
(46,3) : 2
(5,0) : 30
(2,0) : 81
(48,1) : 4
(1,0) : 142
(36,0) : 2
(10,1) : 1
(16,0) : 6
(13,0) : 11
(14,0) : 12
(8,0) : 15
(19,1) : 2
(38,0) : 1
(29,0) : 1
(25,0) : 2
(47,3) : 2
(46,1) : 1
(10,0) : 12
(29,1) : 1
(47,2) : 3
(33,1) : 1
(36,1) : 1
(38,2) : 1
(5,1) : 1
(43,6) : 1
(19,0) : 1
(31,2) : 1
(15,1) : 2
(30,0) : 2
(12,0) : 15
(27,0) : 1
(35,2) : 1
(2,1) : 1
(12,1) : 2
(13,1) : 2
(26,0) : 1
(4,1) : 1
(39,0) : 1
(8,1) : 1
(27,1) : 1
(0,1) : 1
