pop size : 10000, betaG : 0.08500, lambdaH : 0.10000, lambdaW : 0.00100, gamma : 0.12500, Tmax : 150.00, threshold of infected : 0.010
0.37 0.32 0.13 0.12 0.04 0.02 
0.2192 0.12 0.08 0.06 0.05 0.045 0.04 0.035 0.03 0.02 0.02 0.02 0.015 0.015 0.015 0.015 0.001 0.001 0.001 0.001 0.001 0.001 0.001 0.001 0.001 0.001 0.001 0.001 0.001 0.001 0.001 0.001 0.001 0.001 0.001 0.001 0.001 0.001 0.001 0.001 0.001 0.0001 0.0001 0.0001 0.0001 0.0001 0.0001 0.0001 0.0001 0.175 
Proportion of infected at cutoff : 0.0100
Proportion of susceptibles at cutoff : 0.9750
(48,2) : 1
(46,2) : 2
(50,0) : 47
(47,0) : 5
(49,1) : 17
(3,1) : 2
(12,0) : 11
(6,0) : 35
(45,4) : 2
(41,6) : 1
(30,0) : 1
(14,0) : 8
(48,1) : 13
(47,2) : 3
(7,0) : 28
(48,0) : 6
(49,0) : 22
(18,0) : 2
(1,0) : 146
(8,0) : 31
(46,3) : 1
(15,0) : 5
(9,0) : 19
(19,0) : 1
(5,0) : 35
(11,0) : 13
(16,0) : 12
(4,0) : 55
(13,0) : 11
(46,1) : 2
(3,0) : 61
(47,3) : 2
(28,0) : 2
(10,0) : 27
(15,1) : 1
(45,1) : 2
(2,0) : 94
(36,0) : 1
(35,0) : 1
(12,1) : 3
(23,0) : 1
(47,1) : 3
(30,1) : 1
(10,1) : 2
(8,1) : 1
(35,2) : 1
(13,1) : 1
(24,0) : 1
(25,1) : 1
(4,1) : 1
(21,0) : 1
(45,3) : 1
(7,1) : 1
(29,0) : 1
(14,2) : 1
(39,0) : 1
(11,1) : 2
(17,0) : 1
(2,1) : 1
(5,1) : 1
(9,1) : 1
(1,1) : 2
(0,0) : 2
