pop size : 10000, betaG : 0.08500, lambdaH : 0.10000, lambdaW : 0.00100, gamma : 0.12500, Tmax : 150.00, threshold of infected : 0.010
0.37 0.32 0.13 0.12 0.04 0.02 
0.2192 0.12 0.08 0.06 0.05 0.045 0.04 0.035 0.03 0.02 0.02 0.02 0.015 0.015 0.015 0.015 0.001 0.001 0.001 0.001 0.001 0.001 0.001 0.001 0.001 0.001 0.001 0.001 0.001 0.001 0.001 0.001 0.001 0.001 0.001 0.001 0.001 0.001 0.001 0.001 0.001 0.0001 0.0001 0.0001 0.0001 0.0001 0.0001 0.0001 0.0001 0.175 
Proportion of infected at cutoff : 0.0100
Proportion of susceptibles at cutoff : 0.9824
(47,2) : 5
(0,1) : 3
(50,0) : 69
(48,0) : 5
(7,0) : 28
(49,1) : 20
(6,0) : 21
(12,0) : 11
(49,0) : 16
(14,0) : 9
(2,0) : 112
(10,1) : 2
(1,0) : 210
(47,1) : 3
(13,0) : 10
(45,4) : 1
(9,0) : 15
(48,2) : 6
(3,0) : 54
(47,0) : 2
(11,0) : 18
(13,1) : 2
(46,0) : 2
(8,0) : 30
(5,0) : 43
(48,1) : 4
(5,1) : 2
(4,0) : 39
(33,0) : 1
(46,4) : 1
(10,0) : 15
(16,0) : 9
(6,1) : 5
(40,0) : 1
(19,0) : 3
(47,3) : 1
(30,1) : 1
(39,0) : 1
(41,0) : 2
(34,0) : 1
(46,3) : 1
(2,2) : 1
(8,1) : 2
(46,1) : 1
(9,1) : 1
(15,0) : 2
(14,2) : 1
(18,1) : 1
(14,1) : 1
(4,1) : 3
(11,1) : 1
(3,1) : 2
(2,1) : 3
(7,1) : 2
(1,1) : 1
(0,0) : 1
