pop size : 10000, betaG : 0.08500, lambdaH : 0.10000, lambdaW : 0.00100, gamma : 0.12500, Tmax : 150.00, threshold of infected : 0.010
0.37 0.32 0.13 0.12 0.04 0.02 
0.2192 0.12 0.08 0.06 0.05 0.045 0.04 0.035 0.03 0.02 0.02 0.02 0.015 0.015 0.015 0.015 0.001 0.001 0.001 0.001 0.001 0.001 0.001 0.001 0.001 0.001 0.001 0.001 0.001 0.001 0.001 0.001 0.001 0.001 0.001 0.001 0.001 0.001 0.001 0.001 0.001 0.0001 0.0001 0.0001 0.0001 0.0001 0.0001 0.0001 0.0001 0.175 
Proportion of infected at cutoff : 0.0100
Proportion of susceptibles at cutoff : 0.9737
(47,2) : 3
(44,2) : 3
(46,3) : 2
(49,0) : 24
(10,0) : 16
(48,1) : 13
(49,1) : 9
(50,0) : 46
(48,0) : 10
(46,1) : 4
(47,1) : 4
(47,0) : 2
(8,0) : 22
(45,4) : 1
(6,1) : 1
(13,1) : 3
(6,0) : 38
(7,0) : 23
(46,0) : 2
(39,0) : 1
(48,2) : 4
(4,0) : 36
(11,0) : 14
(14,0) : 9
(15,0) : 15
(5,0) : 30
(1,0) : 143
(12,0) : 10
(9,0) : 25
(13,0) : 12
(2,0) : 83
(34,0) : 1
(36,1) : 2
(16,0) : 7
(3,0) : 57
(25,0) : 1
(45,3) : 2
(45,0) : 2
(47,3) : 1
(41,0) : 1
(40,0) : 1
(15,1) : 2
(28,0) : 1
(45,1) : 1
(10,1) : 3
(44,1) : 1
(0,1) : 2
(17,0) : 2
(35,0) : 1
(1,1) : 4
(18,0) : 1
(4,1) : 2
(5,1) : 4
(23,1) : 1
(14,1) : 3
(36,0) : 1
(11,1) : 1
(8,1) : 1
(0,0) : 3
