pop size : 10000, betaG : 0.08500, lambdaH : 0.10000, lambdaW : 0.00100, gamma : 0.12500, Tmax : 150.00, threshold of infected : 0.010
0.37 0.32 0.13 0.12 0.04 0.02 
0.2192 0.12 0.08 0.06 0.05 0.045 0.04 0.035 0.03 0.02 0.02 0.02 0.015 0.015 0.015 0.015 0.001 0.001 0.001 0.001 0.001 0.001 0.001 0.001 0.001 0.001 0.001 0.001 0.001 0.001 0.001 0.001 0.001 0.001 0.001 0.001 0.001 0.001 0.001 0.001 0.001 0.0001 0.0001 0.0001 0.0001 0.0001 0.0001 0.0001 0.0001 0.175 
Proportion of infected at cutoff : 0.0100
Proportion of susceptibles at cutoff : 0.9784
(50,0) : 56
(9,0) : 25
(46,2) : 1
(32,0) : 1
(48,1) : 8
(49,0) : 13
(34,0) : 1
(6,0) : 42
(4,0) : 54
(49,1) : 21
(7,0) : 23
(2,0) : 82
(10,0) : 12
(48,0) : 7
(15,1) : 2
(2,1) : 2
(47,2) : 5
(41,5) : 1
(13,0) : 13
(11,0) : 17
(27,0) : 2
(35,0) : 3
(3,0) : 53
(1,0) : 138
(7,1) : 2
(12,0) : 10
(8,0) : 26
(46,3) : 1
(16,0) : 8
(48,2) : 6
(29,0) : 1
(14,0) : 6
(45,3) : 1
(5,0) : 39
(47,1) : 2
(27,1) : 1
(45,2) : 1
(47,0) : 2
(15,0) : 13
(3,3) : 1
(39,0) : 1
(21,1) : 1
(40,0) : 1
(1,1) : 3
(45,0) : 2
(44,1) : 1
(38,0) : 1
(47,3) : 1
(11,1) : 2
(22,0) : 2
(40,1) : 1
(24,1) : 2
(33,0) : 1
(18,1) : 1
(9,1) : 4
(24,0) : 1
(3,1) : 1
(16,1) : 1
(5,1) : 1
(0,1) : 1
(0,0) : 4
