pop size : 10000, betaG : 0.08500, lambdaH : 0.10000, lambdaW : 0.00100, gamma : 0.12500, Tmax : 150.00, threshold of infected : 0.010
0.37 0.32 0.13 0.12 0.04 0.02 
0.2192 0.12 0.08 0.06 0.05 0.045 0.04 0.035 0.03 0.02 0.02 0.02 0.015 0.015 0.015 0.015 0.001 0.001 0.001 0.001 0.001 0.001 0.001 0.001 0.001 0.001 0.001 0.001 0.001 0.001 0.001 0.001 0.001 0.001 0.001 0.001 0.001 0.001 0.001 0.001 0.001 0.0001 0.0001 0.0001 0.0001 0.0001 0.0001 0.0001 0.0001 0.175 
Proportion of infected at cutoff : 0.0100
Proportion of susceptibles at cutoff : 0.9801
(16,0) : 4
(13,0) : 10
(1,0) : 154
(47,2) : 5
(48,1) : 8
(3,0) : 59
(50,0) : 49
(9,0) : 20
(49,1) : 24
(8,0) : 30
(12,0) : 11
(49,0) : 26
(46,1) : 1
(6,0) : 34
(47,3) : 2
(18,0) : 1
(15,0) : 8
(40,0) : 1
(10,0) : 13
(29,0) : 2
(35,0) : 3
(48,0) : 6
(14,0) : 8
(4,0) : 41
(20,1) : 1
(12,1) : 3
(48,2) : 6
(7,0) : 23
(41,0) : 1
(11,1) : 2
(5,0) : 34
(47,0) : 1
(25,0) : 2
(44,1) : 1
(37,0) : 3
(4,1) : 3
(46,3) : 2
(11,0) : 10
(6,1) : 5
(30,2) : 1
(22,0) : 3
(30,0) : 2
(45,2) : 2
(31,0) : 1
(13,1) : 3
(20,0) : 1
(44,2) : 1
(2,0) : 66
(10,1) : 1
(28,1) : 1
(21,0) : 1
(8,1) : 1
(0,1) : 1
(3,1) : 2
(7,1) : 1
