pop size : 10000, betaG : 0.08500, lambdaH : 0.10000, lambdaW : 0.00100, gamma : 0.12500, Tmax : 150.00, threshold of infected : 0.010
0.37 0.32 0.13 0.12 0.04 0.02 
0.2192 0.12 0.08 0.06 0.05 0.045 0.04 0.035 0.03 0.02 0.02 0.02 0.015 0.015 0.015 0.015 0.001 0.001 0.001 0.001 0.001 0.001 0.001 0.001 0.001 0.001 0.001 0.001 0.001 0.001 0.001 0.001 0.001 0.001 0.001 0.001 0.001 0.001 0.001 0.001 0.001 0.0001 0.0001 0.0001 0.0001 0.0001 0.0001 0.0001 0.0001 0.175 
Proportion of infected at cutoff : 0.0100
Proportion of susceptibles at cutoff : 0.9774
(50,0) : 52
(7,1) : 6
(3,0) : 66
(29,0) : 1
(9,0) : 20
(5,0) : 39
(33,1) : 1
(11,0) : 16
(32,0) : 1
(27,0) : 2
(49,1) : 17
(49,0) : 17
(7,0) : 26
(30,0) : 1
(4,0) : 40
(46,2) : 2
(13,0) : 7
(47,1) : 3
(47,2) : 1
(38,1) : 1
(35,0) : 2
(15,0) : 15
(14,0) : 12
(8,0) : 24
(6,0) : 47
(28,0) : 2
(26,0) : 2
(12,0) : 17
(44,3) : 1
(1,0) : 163
(29,2) : 1
(14,1) : 2
(39,0) : 2
(34,0) : 1
(33,0) : 1
(10,0) : 13
(47,0) : 2
(21,0) : 1
(36,1) : 1
(16,0) : 13
(48,1) : 6
(23,1) : 1
(2,0) : 88
(48,2) : 3
(48,0) : 7
(46,3) : 1
(37,1) : 1
(31,0) : 1
(2,1) : 4
(46,0) : 2
(8,1) : 3
(42,1) : 1
(22,0) : 1
(47,3) : 1
(45,2) : 1
(45,4) : 1
(23,0) : 1
(11,2) : 1
(6,1) : 3
(4,1) : 5
(26,2) : 1
(19,0) : 1
(3,1) : 1
(12,1) : 1
(12,2) : 1
(19,1) : 1
(0,0) : 3
(11,1) : 2
(5,1) : 2
(13,1) : 1
(17,0) : 1
(9,1) : 1
(1,1) : 1
