pop size : 10000, betaG : 0.08500, lambdaH : 0.10000, lambdaW : 0.00100, gamma : 0.12500, Tmax : 150.00, threshold of infected : 0.010
0.37 0.32 0.13 0.12 0.04 0.02 
0.2192 0.12 0.08 0.06 0.05 0.045 0.04 0.035 0.03 0.02 0.02 0.02 0.015 0.015 0.015 0.015 0.001 0.001 0.001 0.001 0.001 0.001 0.001 0.001 0.001 0.001 0.001 0.001 0.001 0.001 0.001 0.001 0.001 0.001 0.001 0.001 0.001 0.001 0.001 0.001 0.001 0.0001 0.0001 0.0001 0.0001 0.0001 0.0001 0.0001 0.0001 0.175 
Proportion of infected at cutoff : 0.0100
Proportion of susceptibles at cutoff : 0.9791
(2,0) : 89
(49,0) : 13
(50,0) : 56
(47,1) : 6
(48,1) : 17
(49,1) : 19
(16,0) : 14
(13,0) : 12
(9,0) : 25
(47,3) : 2
(46,0) : 2
(47,0) : 2
(16,1) : 1
(7,0) : 27
(8,0) : 20
(47,2) : 3
(46,3) : 1
(48,2) : 3
(1,0) : 176
(14,0) : 8
(12,0) : 9
(6,0) : 31
(5,0) : 35
(3,0) : 59
(5,1) : 1
(15,0) : 10
(11,1) : 2
(12,3) : 1
(46,1) : 3
(33,1) : 1
(11,0) : 11
(48,0) : 6
(10,0) : 8
(32,0) : 2
(8,3) : 1
(29,0) : 1
(46,2) : 1
(45,3) : 2
(37,0) : 1
(19,0) : 1
(1,1) : 4
(4,0) : 39
(40,0) : 1
(38,0) : 1
(36,0) : 1
(30,0) : 1
(21,0) : 1
(25,0) : 1
(39,0) : 1
(28,0) : 1
(15,1) : 1
(8,1) : 2
(22,0) : 1
(8,2) : 1
(0,0) : 2
(6,1) : 1
(3,2) : 1
(1,2) : 1
(2,1) : 1
