pop size : 10000, betaG : 0.08500, lambdaH : 0.10000, lambdaW : 0.00100, gamma : 0.12500, Tmax : 150.00, threshold of infected : 0.010
0.37 0.32 0.13 0.12 0.04 0.02 
0.2192 0.12 0.08 0.06 0.05 0.045 0.04 0.035 0.03 0.02 0.02 0.02 0.015 0.015 0.015 0.015 0.001 0.001 0.001 0.001 0.001 0.001 0.001 0.001 0.001 0.001 0.001 0.001 0.001 0.001 0.001 0.001 0.001 0.001 0.001 0.001 0.001 0.001 0.001 0.001 0.001 0.0001 0.0001 0.0001 0.0001 0.0001 0.0001 0.0001 0.0001 0.175 
Proportion of infected at cutoff : 0.0100
Proportion of susceptibles at cutoff : 0.9751
(46,0) : 3
(40,0) : 1
(43,4) : 1
(47,1) : 4
(1,0) : 174
(49,1) : 11
(6,0) : 33
(3,0) : 79
(48,0) : 10
(5,0) : 43
(49,0) : 21
(48,1) : 9
(50,0) : 46
(4,0) : 48
(8,0) : 21
(16,0) : 6
(48,2) : 9
(7,0) : 29
(5,1) : 2
(44,2) : 1
(40,1) : 1
(39,0) : 1
(25,0) : 2
(14,0) : 9
(10,0) : 18
(37,1) : 1
(9,0) : 14
(47,0) : 4
(15,0) : 12
(28,0) : 1
(47,2) : 3
(12,0) : 12
(2,0) : 77
(11,0) : 15
(40,3) : 1
(24,0) : 1
(13,0) : 14
(13,1) : 1
(46,1) : 1
(33,0) : 1
(42,2) : 1
(11,1) : 5
(18,0) : 1
(46,3) : 2
(46,4) : 1
(45,4) : 1
(15,1) : 2
(34,1) : 1
(30,0) : 1
(22,0) : 2
(36,0) : 1
(21,0) : 1
(17,0) : 1
(25,1) : 1
(20,0) : 2
(6,1) : 2
(0,0) : 2
(7,1) : 3
(14,1) : 2
(2,1) : 1
(4,1) : 1
(12,1) : 1
(3,1) : 1
(0,1) : 1
