pop size : 10000, betaG : 0.08500, lambdaH : 0.10000, lambdaW : 0.00100, gamma : 0.12500, Tmax : 150.00, threshold of infected : 0.010
0.37 0.32 0.13 0.12 0.04 0.02 
0.2192 0.12 0.08 0.06 0.05 0.045 0.04 0.035 0.03 0.02 0.02 0.02 0.015 0.015 0.015 0.015 0.001 0.001 0.001 0.001 0.001 0.001 0.001 0.001 0.001 0.001 0.001 0.001 0.001 0.001 0.001 0.001 0.001 0.001 0.001 0.001 0.001 0.001 0.001 0.001 0.001 0.0001 0.0001 0.0001 0.0001 0.0001 0.0001 0.0001 0.0001 0.175 
Proportion of infected at cutoff : 0.0100
Proportion of susceptibles at cutoff : 0.9761
(50,0) : 54
(13,0) : 15
(12,0) : 17
(8,0) : 34
(1,0) : 173
(47,1) : 3
(48,1) : 13
(46,0) : 2
(49,0) : 23
(49,1) : 14
(48,0) : 5
(3,0) : 61
(11,0) : 17
(8,1) : 2
(15,1) : 2
(36,1) : 1
(11,1) : 2
(16,0) : 5
(2,0) : 83
(45,3) : 1
(43,3) : 2
(19,0) : 1
(48,2) : 6
(29,0) : 1
(5,0) : 37
(15,0) : 9
(46,1) : 2
(35,0) : 1
(47,0) : 1
(4,0) : 31
(9,0) : 26
(14,0) : 7
(12,1) : 3
(10,0) : 14
(6,0) : 32
(44,3) : 1
(45,4) : 1
(7,0) : 24
(2,1) : 1
(5,1) : 3
(21,0) : 3
(37,0) : 2
(47,2) : 2
(46,2) : 1
(28,0) : 1
(24,0) : 1
(4,1) : 4
(23,0) : 1
(12,2) : 2
(38,1) : 1
(14,1) : 1
(24,1) : 1
(6,1) : 2
(13,1) : 1
(1,1) : 1
(10,1) : 2
(7,1) : 2
(0,1) : 1
(0,0) : 1
