pop size : 10000, betaG : 0.08500, lambdaH : 0.10000, lambdaW : 0.00100, gamma : 0.12500, Tmax : 150.00, threshold of infected : 0.010
0.37 0.32 0.13 0.12 0.04 0.02 
0.2192 0.12 0.08 0.06 0.05 0.045 0.04 0.035 0.03 0.02 0.02 0.02 0.015 0.015 0.015 0.015 0.001 0.001 0.001 0.001 0.001 0.001 0.001 0.001 0.001 0.001 0.001 0.001 0.001 0.001 0.001 0.001 0.001 0.001 0.001 0.001 0.001 0.001 0.001 0.001 0.001 0.0001 0.0001 0.0001 0.0001 0.0001 0.0001 0.0001 0.0001 0.175 
Proportion of infected at cutoff : 0.0100
Proportion of susceptibles at cutoff : 0.9819
(48,1) : 10
(50,0) : 63
(26,2) : 1
(49,1) : 16
(8,0) : 32
(9,1) : 3
(46,3) : 1
(48,2) : 8
(21,0) : 1
(47,2) : 3
(41,0) : 2
(49,0) : 21
(6,0) : 29
(14,0) : 7
(37,0) : 1
(7,0) : 36
(47,0) : 1
(28,0) : 1
(48,0) : 2
(10,0) : 13
(35,0) : 1
(1,0) : 173
(40,0) : 1
(12,0) : 17
(13,0) : 13
(47,1) : 2
(12,1) : 1
(46,0) : 1
(46,2) : 3
(36,1) : 1
(5,0) : 33
(4,0) : 32
(19,0) : 1
(9,0) : 25
(25,1) : 1
(7,1) : 2
(15,0) : 9
(11,1) : 3
(2,0) : 80
(3,1) : 3
(45,1) : 1
(16,0) : 4
(11,0) : 10
(3,0) : 58
(47,3) : 1
(20,0) : 1
(45,4) : 1
(10,1) : 1
(36,0) : 1
(4,1) : 1
(8,1) : 3
(16,1) : 1
(29,2) : 1
(5,1) : 1
(1,1) : 2
(21,1) : 1
(13,1) : 1
(2,1) : 3
(0,0) : 1
(0,1) : 1
