pop size : 10000, betaG : 0.08500, lambdaH : 0.10000, lambdaW : 0.00100, gamma : 0.12500, Tmax : 150.00, threshold of infected : 0.010
0.37 0.32 0.13 0.12 0.04 0.02 
0.2192 0.12 0.08 0.06 0.05 0.045 0.04 0.035 0.03 0.02 0.02 0.02 0.015 0.015 0.015 0.015 0.001 0.001 0.001 0.001 0.001 0.001 0.001 0.001 0.001 0.001 0.001 0.001 0.001 0.001 0.001 0.001 0.001 0.001 0.001 0.001 0.001 0.001 0.001 0.001 0.001 0.0001 0.0001 0.0001 0.0001 0.0001 0.0001 0.0001 0.0001 0.175 
Proportion of infected at cutoff : 0.0100
Proportion of susceptibles at cutoff : 0.9797
(50,0) : 43
(49,1) : 22
(12,0) : 14
(27,1) : 2
(6,0) : 35
(48,2) : 7
(47,0) : 3
(5,0) : 42
(2,0) : 115
(48,0) : 6
(37,1) : 1
(47,2) : 4
(49,0) : 22
(4,0) : 42
(9,0) : 26
(15,1) : 2
(22,0) : 3
(47,1) : 3
(8,0) : 19
(7,0) : 34
(46,3) : 1
(28,0) : 2
(14,0) : 8
(11,0) : 19
(12,1) : 2
(15,0) : 14
(45,2) : 1
(13,0) : 15
(1,0) : 175
(21,0) : 1
(46,0) : 1
(10,0) : 20
(5,1) : 1
(3,0) : 42
(46,4) : 1
(8,1) : 2
(38,0) : 2
(18,0) : 1
(47,3) : 2
(14,1) : 2
(48,1) : 8
(6,1) : 3
(27,2) : 1
(40,0) : 1
(20,0) : 1
(18,1) : 1
(16,0) : 10
(10,1) : 1
(45,3) : 1
(26,0) : 1
(35,0) : 1
(30,0) : 1
(17,0) : 1
(11,1) : 1
(1,1) : 1
(0,0) : 2
(3,1) : 2
(0,1) : 3
(4,1) : 1
