pop size : 10000, betaG : 0.08500, lambdaH : 0.10000, lambdaW : 0.00100, gamma : 0.12500, Tmax : 150.00, threshold of infected : 0.010
0.37 0.32 0.13 0.12 0.04 0.02 
0.2192 0.12 0.08 0.06 0.05 0.045 0.04 0.035 0.03 0.02 0.02 0.02 0.015 0.015 0.015 0.015 0.001 0.001 0.001 0.001 0.001 0.001 0.001 0.001 0.001 0.001 0.001 0.001 0.001 0.001 0.001 0.001 0.001 0.001 0.001 0.001 0.001 0.001 0.001 0.001 0.001 0.0001 0.0001 0.0001 0.0001 0.0001 0.0001 0.0001 0.0001 0.175 
Proportion of infected at cutoff : 0.0100
Proportion of susceptibles at cutoff : 0.9795
(47,1) : 3
(1,0) : 193
(50,0) : 53
(48,1) : 7
(49,1) : 16
(5,0) : 30
(49,0) : 21
(2,0) : 114
(47,2) : 3
(43,0) : 1
(13,0) : 12
(11,0) : 15
(10,0) : 18
(41,1) : 2
(48,0) : 7
(48,2) : 7
(9,0) : 26
(6,0) : 33
(37,1) : 1
(4,0) : 52
(38,0) : 1
(7,0) : 25
(8,0) : 24
(46,1) : 1
(6,1) : 3
(10,1) : 3
(37,0) : 2
(29,1) : 2
(30,1) : 1
(14,0) : 7
(45,1) : 1
(3,0) : 67
(12,0) : 14
(23,1) : 1
(46,3) : 1
(15,0) : 8
(33,0) : 1
(45,3) : 1
(9,1) : 1
(17,0) : 1
(30,0) : 1
(32,0) : 1
(25,0) : 1
(23,0) : 2
(44,5) : 1
(12,1) : 1
(16,0) : 11
(47,0) : 1
(14,1) : 3
(5,1) : 1
(45,4) : 1
(8,1) : 1
(26,0) : 1
(40,1) : 1
(7,1) : 1
(11,1) : 2
(29,0) : 1
(28,0) : 1
(7,2) : 1
(2,1) : 2
(13,1) : 1
(1,1) : 3
(0,0) : 2
(4,1) : 2
(3,1) : 1
(0,1) : 2
