pop size : 10000, betaG : 0.08500, lambdaH : 0.10000, lambdaW : 0.00100, gamma : 0.12500, Tmax : 150.00, threshold of infected : 0.010
0.37 0.32 0.13 0.12 0.04 0.02 
0.2192 0.12 0.08 0.06 0.05 0.045 0.04 0.035 0.03 0.02 0.02 0.02 0.015 0.015 0.015 0.015 0.001 0.001 0.001 0.001 0.001 0.001 0.001 0.001 0.001 0.001 0.001 0.001 0.001 0.001 0.001 0.001 0.001 0.001 0.001 0.001 0.001 0.001 0.001 0.001 0.001 0.0001 0.0001 0.0001 0.0001 0.0001 0.0001 0.0001 0.0001 0.175 
Proportion of infected at cutoff : 0.0100
Proportion of susceptibles at cutoff : 0.9809
(49,1) : 25
(49,0) : 17
(48,0) : 9
(50,0) : 60
(14,0) : 8
(10,0) : 11
(14,1) : 2
(1,0) : 167
(17,0) : 1
(3,0) : 68
(9,0) : 15
(45,0) : 1
(47,2) : 6
(48,2) : 7
(48,1) : 5
(2,0) : 94
(16,0) : 8
(8,0) : 22
(7,1) : 3
(15,0) : 14
(39,0) : 1
(12,2) : 3
(11,1) : 2
(35,0) : 2
(33,1) : 1
(46,0) : 1
(47,1) : 3
(7,0) : 26
(5,0) : 22
(4,0) : 29
(26,0) : 1
(47,0) : 1
(13,0) : 10
(15,1) : 1
(19,1) : 1
(46,2) : 1
(42,4) : 1
(6,0) : 36
(11,0) : 13
(12,0) : 9
(6,1) : 2
(36,0) : 1
(46,3) : 2
(19,0) : 2
(28,0) : 1
(18,0) : 1
(8,1) : 1
(25,0) : 1
(4,1) : 1
(46,1) : 1
(5,1) : 3
(9,1) : 1
(0,1) : 2
(1,1) : 2
(0,0) : 1
