pop size : 10000, betaG : 0.08500, lambdaH : 0.10000, lambdaW : 0.00100, gamma : 0.12500, Tmax : 150.00, threshold of infected : 0.010
0.37 0.32 0.13 0.12 0.04 0.02 
0.2192 0.12 0.08 0.06 0.05 0.045 0.04 0.035 0.03 0.02 0.02 0.02 0.015 0.015 0.015 0.015 0.001 0.001 0.001 0.001 0.001 0.001 0.001 0.001 0.001 0.001 0.001 0.001 0.001 0.001 0.001 0.001 0.001 0.001 0.001 0.001 0.001 0.001 0.001 0.001 0.001 0.0001 0.0001 0.0001 0.0001 0.0001 0.0001 0.0001 0.0001 0.175 
Proportion of infected at cutoff : 0.0100
Proportion of susceptibles at cutoff : 0.9762
(8,0) : 24
(50,0) : 48
(3,0) : 57
(49,1) : 18
(46,1) : 5
(16,0) : 5
(15,0) : 11
(12,1) : 1
(5,0) : 34
(9,0) : 21
(46,3) : 3
(49,0) : 27
(47,1) : 3
(48,2) : 2
(1,0) : 176
(6,0) : 32
(12,0) : 18
(2,0) : 91
(46,4) : 1
(38,0) : 1
(4,0) : 32
(3,1) : 1
(10,0) : 9
(48,1) : 9
(33,0) : 1
(13,0) : 12
(45,1) : 1
(48,0) : 11
(26,0) : 1
(36,1) : 1
(47,0) : 3
(8,1) : 2
(36,0) : 1
(40,0) : 1
(11,0) : 13
(15,1) : 2
(7,0) : 25
(6,1) : 4
(47,2) : 4
(9,2) : 1
(45,4) : 1
(30,0) : 1
(47,3) : 1
(22,0) : 1
(23,0) : 1
(1,1) : 4
(11,2) : 1
(30,2) : 1
(14,0) : 5
(4,1) : 2
(2,1) : 2
(27,0) : 1
(39,0) : 1
(25,0) : 1
(20,0) : 1
(5,1) : 1
(17,0) : 1
(3,2) : 1
(7,1) : 1
(7,2) : 1
(0,1) : 1
(0,0) : 2
