pop size : 10000, betaG : 0.08500, lambdaH : 0.10000, lambdaW : 0.00100, gamma : 0.12500, Tmax : 150.00, threshold of infected : 0.010
0.37 0.32 0.13 0.12 0.04 0.02 
0.2192 0.12 0.08 0.06 0.05 0.045 0.04 0.035 0.03 0.02 0.02 0.02 0.015 0.015 0.015 0.015 0.001 0.001 0.001 0.001 0.001 0.001 0.001 0.001 0.001 0.001 0.001 0.001 0.001 0.001 0.001 0.001 0.001 0.001 0.001 0.001 0.001 0.001 0.001 0.001 0.001 0.0001 0.0001 0.0001 0.0001 0.0001 0.0001 0.0001 0.0001 0.175 
Proportion of infected at cutoff : 0.0100
Proportion of susceptibles at cutoff : 0.9817
(50,0) : 59
(12,0) : 10
(48,2) : 6
(49,0) : 21
(47,3) : 3
(9,0) : 16
(5,0) : 38
(47,2) : 3
(15,0) : 15
(10,0) : 11
(4,0) : 49
(48,1) : 2
(49,1) : 22
(21,0) : 1
(48,0) : 3
(13,0) : 8
(6,0) : 36
(7,0) : 35
(45,4) : 1
(1,0) : 164
(11,0) : 16
(3,0) : 54
(8,0) : 22
(36,0) : 1
(33,0) : 1
(45,2) : 1
(46,2) : 3
(47,1) : 4
(47,0) : 2
(2,0) : 103
(31,0) : 2
(22,1) : 1
(12,1) : 2
(13,1) : 2
(20,0) : 4
(14,0) : 7
(28,1) : 2
(25,0) : 2
(35,0) : 1
(7,1) : 2
(40,0) : 1
(37,0) : 1
(45,1) : 1
(24,0) : 1
(30,0) : 1
(4,1) : 1
(2,1) : 3
(11,1) : 2
(16,0) : 3
(28,0) : 1
(19,0) : 1
(15,1) : 2
(6,3) : 1
(22,0) : 1
(9,1) : 1
(14,1) : 1
(6,1) : 1
(26,2) : 1
(18,0) : 1
(0,1) : 3
(7,2) : 1
(0,0) : 3
(5,1) : 1
(3,1) : 1
