pop size : 10000, betaG : 0.08500, lambdaH : 0.10000, lambdaW : 0.00100, gamma : 0.12500, Tmax : 150.00, threshold of infected : 0.010
0.37 0.32 0.13 0.12 0.04 0.02 
0.2192 0.12 0.08 0.06 0.05 0.045 0.04 0.035 0.03 0.02 0.02 0.02 0.015 0.015 0.015 0.015 0.001 0.001 0.001 0.001 0.001 0.001 0.001 0.001 0.001 0.001 0.001 0.001 0.001 0.001 0.001 0.001 0.001 0.001 0.001 0.001 0.001 0.001 0.001 0.001 0.001 0.0001 0.0001 0.0001 0.0001 0.0001 0.0001 0.0001 0.0001 0.175 
Proportion of infected at cutoff : 0.0100
Proportion of susceptibles at cutoff : 0.9726
(50,0) : 48
(49,0) : 28
(48,1) : 10
(14,0) : 6
(49,1) : 8
(46,2) : 3
(11,0) : 18
(6,0) : 35
(9,0) : 23
(1,0) : 150
(48,0) : 18
(2,0) : 87
(47,2) : 3
(48,2) : 4
(7,0) : 23
(8,1) : 1
(47,0) : 2
(32,0) : 1
(42,6) : 1
(5,0) : 36
(27,0) : 1
(3,0) : 75
(29,1) : 1
(8,0) : 17
(15,0) : 11
(11,1) : 2
(12,0) : 12
(7,1) : 4
(16,0) : 5
(31,1) : 1
(47,1) : 4
(46,0) : 3
(38,1) : 1
(12,1) : 1
(10,0) : 13
(6,1) : 3
(4,0) : 46
(14,1) : 1
(44,4) : 1
(46,4) : 1
(46,3) : 1
(46,1) : 3
(13,0) : 6
(4,1) : 3
(19,0) : 1
(44,1) : 1
(21,0) : 1
(45,4) : 1
(22,0) : 1
(2,1) : 2
(9,1) : 1
(33,6) : 1
(19,1) : 1
(10,1) : 1
(7,2) : 1
(0,0) : 3
(0,1) : 1
(1,1) : 1
