pop size : 10000, betaG : 0.08500, lambdaH : 0.10000, lambdaW : 0.00100, gamma : 0.12500, Tmax : 150.00, threshold of infected : 0.010
0.37 0.32 0.13 0.12 0.04 0.02 
0.2192 0.12 0.08 0.06 0.05 0.045 0.04 0.035 0.03 0.02 0.02 0.02 0.015 0.015 0.015 0.015 0.001 0.001 0.001 0.001 0.001 0.001 0.001 0.001 0.001 0.001 0.001 0.001 0.001 0.001 0.001 0.001 0.001 0.001 0.001 0.001 0.001 0.001 0.001 0.001 0.001 0.0001 0.0001 0.0001 0.0001 0.0001 0.0001 0.0001 0.0001 0.175 
Proportion of infected at cutoff : 0.0100
Proportion of susceptibles at cutoff : 0.9819
(9,0) : 23
(34,0) : 1
(49,1) : 20
(49,0) : 16
(50,0) : 59
(48,2) : 7
(3,0) : 53
(40,0) : 1
(5,0) : 31
(7,0) : 25
(8,0) : 31
(47,3) : 3
(46,3) : 1
(1,0) : 185
(16,0) : 14
(4,0) : 53
(19,0) : 1
(2,0) : 86
(6,0) : 40
(14,0) : 13
(11,0) : 20
(7,1) : 2
(48,1) : 4
(47,1) : 6
(15,0) : 7
(17,0) : 3
(37,1) : 1
(13,0) : 14
(44,4) : 1
(20,0) : 2
(10,0) : 14
(38,0) : 1
(4,1) : 3
(47,2) : 3
(46,2) : 2
(30,0) : 2
(45,1) : 1
(42,3) : 1
(15,1) : 1
(46,1) : 1
(6,1) : 4
(11,1) : 1
(27,0) : 2
(10,1) : 1
(22,0) : 2
(12,0) : 10
(48,0) : 1
(5,1) : 2
(39,0) : 2
(7,2) : 1
(9,1) : 1
(32,0) : 1
(3,1) : 1
(26,0) : 1
(37,0) : 1
(14,1) : 1
(0,1) : 1
(1,1) : 3
(0,0) : 1
(2,1) : 1
