pop size : 10000, betaG : 0.08500, lambdaH : 0.10000, lambdaW : 0.00100, gamma : 0.12500, Tmax : 150.00, threshold of infected : 0.010
0.37 0.32 0.13 0.12 0.04 0.02 
0.2192 0.12 0.08 0.06 0.05 0.045 0.04 0.035 0.03 0.02 0.02 0.02 0.015 0.015 0.015 0.015 0.001 0.001 0.001 0.001 0.001 0.001 0.001 0.001 0.001 0.001 0.001 0.001 0.001 0.001 0.001 0.001 0.001 0.001 0.001 0.001 0.001 0.001 0.001 0.001 0.001 0.0001 0.0001 0.0001 0.0001 0.0001 0.0001 0.0001 0.0001 0.175 
Proportion of infected at cutoff : 0.0100
Proportion of susceptibles at cutoff : 0.9805
(50,0) : 55
(10,0) : 16
(6,0) : 30
(1,0) : 173
(47,1) : 5
(49,1) : 22
(33,0) : 2
(9,0) : 25
(48,1) : 13
(45,1) : 1
(44,2) : 1
(3,0) : 63
(49,0) : 18
(23,0) : 1
(12,0) : 14
(23,1) : 1
(38,0) : 1
(15,0) : 11
(5,0) : 29
(40,0) : 1
(2,0) : 109
(46,1) : 2
(29,0) : 3
(47,2) : 3
(7,0) : 24
(8,0) : 26
(14,0) : 11
(4,0) : 45
(48,2) : 5
(13,0) : 9
(47,3) : 2
(16,0) : 6
(11,0) : 17
(48,0) : 2
(5,1) : 4
(11,1) : 1
(27,0) : 1
(22,0) : 2
(44,4) : 2
(3,1) : 2
(46,2) : 1
(17,1) : 1
(18,0) : 1
(9,1) : 1
(28,0) : 1
(32,0) : 1
(7,1) : 1
(46,0) : 1
(10,1) : 1
(21,0) : 1
(4,1) : 2
(6,1) : 1
(13,1) : 2
(1,1) : 4
(0,0) : 1
(0,1) : 2
