pop size : 10000, betaG : 0.08500, lambdaH : 0.10000, lambdaW : 0.00100, gamma : 0.12500, Tmax : 150.00, threshold of infected : 0.010
0.37 0.32 0.13 0.12 0.04 0.02 
0.2192 0.12 0.08 0.06 0.05 0.045 0.04 0.035 0.03 0.02 0.02 0.02 0.015 0.015 0.015 0.015 0.001 0.001 0.001 0.001 0.001 0.001 0.001 0.001 0.001 0.001 0.001 0.001 0.001 0.001 0.001 0.001 0.001 0.001 0.001 0.001 0.001 0.001 0.001 0.001 0.001 0.0001 0.0001 0.0001 0.0001 0.0001 0.0001 0.0001 0.0001 0.175 
Proportion of infected at cutoff : 0.0100
Proportion of susceptibles at cutoff : 0.9791
(10,1) : 1
(47,1) : 5
(50,0) : 51
(11,0) : 17
(49,1) : 21
(13,0) : 11
(25,0) : 1
(49,0) : 24
(4,0) : 51
(39,0) : 1
(7,0) : 27
(31,0) : 1
(19,1) : 1
(16,0) : 10
(48,1) : 8
(8,0) : 28
(5,0) : 35
(10,0) : 18
(6,0) : 26
(2,0) : 89
(45,2) : 1
(1,0) : 144
(47,3) : 1
(14,1) : 2
(34,0) : 1
(46,2) : 4
(48,2) : 5
(46,4) : 1
(26,0) : 1
(14,0) : 4
(46,3) : 1
(23,1) : 1
(9,0) : 24
(37,0) : 1
(24,0) : 2
(39,2) : 1
(46,1) : 1
(12,0) : 10
(48,0) : 7
(3,0) : 51
(13,1) : 3
(12,1) : 2
(27,0) : 1
(45,0) : 1
(47,2) : 1
(18,0) : 2
(31,1) : 1
(23,0) : 2
(37,1) : 1
(38,0) : 1
(22,0) : 2
(15,0) : 3
(15,1) : 2
(20,0) : 2
(8,1) : 2
(3,1) : 3
(7,1) : 2
(2,1) : 4
(1,1) : 2
(5,1) : 1
(0,1) : 3
