pop size : 10000, betaG : 0.08500, lambdaH : 0.10000, lambdaW : 0.00100, gamma : 0.12500, Tmax : 150.00, threshold of infected : 0.010
0.37 0.32 0.13 0.12 0.04 0.02 
0.2192 0.12 0.08 0.06 0.05 0.045 0.04 0.035 0.03 0.02 0.02 0.02 0.015 0.015 0.015 0.015 0.001 0.001 0.001 0.001 0.001 0.001 0.001 0.001 0.001 0.001 0.001 0.001 0.001 0.001 0.001 0.001 0.001 0.001 0.001 0.001 0.001 0.001 0.001 0.001 0.001 0.0001 0.0001 0.0001 0.0001 0.0001 0.0001 0.0001 0.0001 0.175 
Proportion of infected at cutoff : 0.0100
Proportion of susceptibles at cutoff : 0.9790
(6,0) : 25
(50,0) : 60
(45,4) : 1
(4,0) : 36
(49,1) : 22
(49,0) : 16
(14,1) : 1
(46,2) : 2
(5,0) : 31
(13,0) : 11
(18,0) : 1
(47,0) : 4
(7,0) : 25
(7,1) : 2
(31,0) : 1
(1,0) : 164
(5,1) : 1
(10,0) : 14
(9,0) : 20
(48,0) : 7
(27,0) : 2
(48,1) : 9
(12,0) : 15
(11,0) : 15
(2,0) : 92
(8,0) : 22
(48,2) : 6
(20,0) : 2
(6,1) : 2
(19,0) : 1
(16,0) : 9
(3,0) : 67
(47,1) : 3
(14,0) : 6
(29,1) : 1
(10,1) : 2
(44,1) : 1
(47,2) : 4
(43,2) : 1
(29,0) : 1
(46,1) : 1
(26,0) : 1
(33,0) : 2
(15,0) : 7
(38,1) : 1
(46,3) : 2
(13,1) : 1
(2,1) : 5
(1,1) : 3
(12,1) : 1
(21,0) : 1
(8,1) : 2
(3,1) : 3
(4,1) : 1
(0,1) : 2
