pop size : 10000, betaG : 0.08500, lambdaH : 0.10000, lambdaW : 0.00100, gamma : 0.12500, Tmax : 150.00, threshold of infected : 0.010
0.37 0.32 0.13 0.12 0.04 0.02 
0.2192 0.12 0.08 0.06 0.05 0.045 0.04 0.035 0.03 0.02 0.02 0.02 0.015 0.015 0.015 0.015 0.001 0.001 0.001 0.001 0.001 0.001 0.001 0.001 0.001 0.001 0.001 0.001 0.001 0.001 0.001 0.001 0.001 0.001 0.001 0.001 0.001 0.001 0.001 0.001 0.001 0.0001 0.0001 0.0001 0.0001 0.0001 0.0001 0.0001 0.0001 0.175 
Proportion of infected at cutoff : 0.0100
Proportion of susceptibles at cutoff : 0.9804
(48,0) : 7
(45,2) : 1
(49,1) : 26
(50,0) : 50
(14,0) : 7
(29,0) : 1
(3,0) : 55
(47,1) : 1
(8,0) : 22
(1,0) : 165
(28,0) : 2
(2,0) : 95
(28,1) : 2
(49,0) : 23
(16,0) : 7
(4,0) : 39
(48,2) : 5
(48,1) : 10
(5,1) : 2
(12,0) : 19
(10,1) : 2
(7,0) : 20
(15,0) : 7
(20,0) : 2
(9,0) : 22
(11,0) : 8
(5,0) : 36
(32,0) : 1
(29,1) : 1
(12,1) : 2
(31,0) : 1
(6,0) : 36
(9,2) : 1
(47,0) : 1
(41,0) : 1
(13,0) : 15
(10,0) : 14
(46,2) : 2
(26,0) : 3
(33,0) : 1
(36,0) : 2
(46,3) : 1
(43,4) : 1
(47,2) : 1
(37,1) : 1
(13,1) : 3
(1,1) : 1
(25,0) : 1
(26,1) : 1
(37,0) : 1
(40,1) : 1
(8,1) : 1
(15,1) : 1
(7,1) : 2
(36,1) : 1
(6,2) : 1
(6,1) : 4
(3,1) : 1
(24,0) : 1
(23,0) : 1
(2,1) : 3
(0,2) : 1
(4,1) : 1
(0,0) : 3
(0,1) : 2
