pop size : 10000, betaG : 0.08500, lambdaH : 0.10000, lambdaW : 0.00100, gamma : 0.12500, Tmax : 150.00, threshold of infected : 0.010
0.37 0.32 0.13 0.12 0.04 0.02 
0.2192 0.12 0.08 0.06 0.05 0.045 0.04 0.035 0.03 0.02 0.02 0.02 0.015 0.015 0.015 0.015 0.001 0.001 0.001 0.001 0.001 0.001 0.001 0.001 0.001 0.001 0.001 0.001 0.001 0.001 0.001 0.001 0.001 0.001 0.001 0.001 0.001 0.001 0.001 0.001 0.001 0.0001 0.0001 0.0001 0.0001 0.0001 0.0001 0.0001 0.0001 0.175 
Proportion of infected at cutoff : 0.0100
Proportion of susceptibles at cutoff : 0.9758
(13,0) : 11
(49,0) : 19
(4,0) : 52
(49,1) : 13
(50,0) : 48
(25,0) : 1
(47,1) : 1
(11,0) : 16
(12,0) : 17
(47,0) : 4
(48,2) : 6
(1,0) : 187
(2,0) : 103
(23,0) : 1
(7,0) : 38
(45,0) : 1
(9,1) : 4
(4,1) : 5
(48,0) : 12
(6,0) : 32
(47,2) : 4
(15,0) : 10
(48,1) : 8
(10,0) : 18
(8,0) : 29
(16,0) : 6
(9,0) : 17
(5,0) : 36
(3,0) : 66
(27,1) : 1
(21,0) : 2
(24,0) : 1
(14,0) : 12
(46,1) : 1
(46,3) : 1
(46,2) : 3
(10,1) : 2
(39,0) : 1
(46,0) : 1
(35,3) : 1
(13,1) : 2
(45,2) : 1
(14,1) : 2
(26,0) : 1
(31,1) : 1
(8,1) : 4
(15,1) : 2
(20,0) : 1
(17,0) : 1
(18,1) : 2
(27,0) : 2
(12,1) : 1
(0,1) : 1
(38,1) : 1
(44,4) : 1
(2,1) : 1
(11,1) : 2
(16,1) : 2
(5,1) : 2
(6,1) : 2
(41,0) : 1
(7,1) : 1
(3,1) : 1
(0,0) : 1
