pop size : 10000, betaG : 0.08500, lambdaH : 0.10000, lambdaW : 0.00100, gamma : 0.12500, Tmax : 150.00, threshold of infected : 0.010
0.37 0.32 0.13 0.12 0.04 0.02 
0.2192 0.12 0.08 0.06 0.05 0.045 0.04 0.035 0.03 0.02 0.02 0.02 0.015 0.015 0.015 0.015 0.001 0.001 0.001 0.001 0.001 0.001 0.001 0.001 0.001 0.001 0.001 0.001 0.001 0.001 0.001 0.001 0.001 0.001 0.001 0.001 0.001 0.001 0.001 0.001 0.001 0.0001 0.0001 0.0001 0.0001 0.0001 0.0001 0.0001 0.0001 0.175 
Proportion of infected at cutoff : 0.0100
Proportion of susceptibles at cutoff : 0.9754
(44,2) : 1
(49,1) : 21
(15,0) : 11
(50,0) : 55
(11,0) : 15
(8,0) : 16
(47,1) : 3
(12,0) : 14
(23,0) : 1
(40,0) : 1
(49,0) : 21
(7,0) : 24
(45,1) : 2
(9,0) : 17
(2,0) : 77
(3,0) : 50
(47,0) : 2
(48,0) : 5
(20,0) : 1
(46,0) : 1
(14,0) : 12
(5,0) : 42
(46,1) : 2
(48,1) : 10
(47,3) : 1
(37,1) : 1
(4,0) : 46
(48,2) : 3
(6,0) : 35
(16,0) : 7
(45,3) : 2
(10,0) : 17
(41,2) : 1
(29,2) : 1
(1,0) : 156
(47,2) : 1
(38,1) : 1
(40,3) : 1
(46,2) : 2
(31,0) : 1
(44,3) : 1
(46,3) : 1
(12,1) : 3
(8,1) : 1
(18,0) : 1
(13,0) : 11
(27,0) : 2
(12,2) : 1
(17,0) : 2
(4,1) : 4
(13,1) : 3
(11,1) : 2
(11,2) : 1
(0,0) : 5
(9,1) : 1
(29,0) : 1
(5,1) : 2
(6,1) : 1
(2,1) : 1
(0,1) : 2
