pop size : 10000, betaG : 0.08500, lambdaH : 0.10000, lambdaW : 0.00100, gamma : 0.12500, Tmax : 150.00, threshold of infected : 0.010
0.37 0.32 0.13 0.12 0.04 0.02 
0.2192 0.12 0.08 0.06 0.05 0.045 0.04 0.035 0.03 0.02 0.02 0.02 0.015 0.015 0.015 0.015 0.001 0.001 0.001 0.001 0.001 0.001 0.001 0.001 0.001 0.001 0.001 0.001 0.001 0.001 0.001 0.001 0.001 0.001 0.001 0.001 0.001 0.001 0.001 0.001 0.001 0.0001 0.0001 0.0001 0.0001 0.0001 0.0001 0.0001 0.0001 0.175 
Proportion of infected at cutoff : 0.0100
Proportion of susceptibles at cutoff : 0.9781
(5,0) : 37
(50,0) : 49
(1,0) : 146
(28,0) : 1
(49,0) : 26
(9,0) : 19
(6,0) : 34
(17,0) : 2
(8,1) : 1
(10,0) : 9
(14,0) : 5
(11,0) : 9
(11,1) : 1
(45,1) : 1
(49,1) : 24
(47,0) : 5
(4,0) : 41
(2,0) : 89
(47,3) : 4
(3,0) : 53
(46,2) : 3
(13,0) : 4
(48,1) : 6
(15,0) : 8
(28,2) : 1
(16,0) : 12
(8,0) : 21
(41,0) : 2
(26,0) : 1
(13,1) : 2
(37,0) : 1
(7,1) : 1
(7,0) : 40
(43,3) : 1
(48,0) : 5
(48,2) : 4
(47,2) : 3
(47,1) : 2
(12,0) : 14
(15,1) : 1
(45,2) : 2
(44,3) : 1
(31,0) : 1
(34,0) : 2
(31,1) : 1
(4,1) : 1
(14,1) : 4
(10,1) : 1
(23,0) : 2
(20,0) : 1
(46,1) : 1
(45,0) : 1
(3,1) : 3
(18,0) : 1
(5,2) : 1
(1,1) : 1
(5,1) : 1
(0,1) : 2
(0,0) : 1
