pop size : 10000, betaG : 0.08500, lambdaH : 0.10000, lambdaW : 0.00100, gamma : 0.12500, Tmax : 150.00, threshold of infected : 0.010
0.37 0.32 0.13 0.12 0.04 0.02 
0.2192 0.12 0.08 0.06 0.05 0.045 0.04 0.035 0.03 0.02 0.02 0.02 0.015 0.015 0.015 0.015 0.001 0.001 0.001 0.001 0.001 0.001 0.001 0.001 0.001 0.001 0.001 0.001 0.001 0.001 0.001 0.001 0.001 0.001 0.001 0.001 0.001 0.001 0.001 0.001 0.001 0.0001 0.0001 0.0001 0.0001 0.0001 0.0001 0.0001 0.0001 0.175 
Proportion of infected at cutoff : 0.0100
Proportion of susceptibles at cutoff : 0.9769
(50,0) : 45
(9,0) : 18
(49,0) : 27
(31,2) : 1
(15,0) : 9
(48,1) : 14
(25,0) : 2
(6,0) : 45
(14,0) : 9
(47,1) : 2
(49,1) : 20
(45,5) : 1
(33,0) : 1
(7,0) : 28
(11,0) : 14
(47,3) : 1
(1,0) : 164
(48,2) : 6
(35,0) : 2
(4,0) : 35
(2,1) : 1
(12,0) : 17
(3,0) : 69
(11,1) : 2
(46,2) : 2
(2,0) : 78
(5,0) : 36
(10,0) : 11
(47,0) : 2
(48,0) : 5
(8,0) : 27
(13,0) : 10
(45,2) : 1
(16,0) : 9
(39,1) : 1
(46,3) : 1
(36,0) : 1
(0,1) : 6
(46,0) : 1
(47,2) : 3
(46,4) : 1
(34,0) : 1
(20,1) : 1
(26,0) : 1
(41,0) : 1
(15,1) : 1
(12,1) : 1
(24,0) : 1
(21,0) : 1
(38,0) : 1
(13,1) : 2
(5,1) : 2
(8,1) : 2
(30,0) : 1
(17,0) : 1
(3,1) : 3
(0,0) : 1
(4,1) : 1
