pop size : 10000, betaG : 0.08500, lambdaH : 0.10000, lambdaW : 0.00100, gamma : 0.12500, Tmax : 150.00, threshold of infected : 0.010
0.37 0.32 0.13 0.12 0.04 0.02 
0.2192 0.12 0.08 0.06 0.05 0.045 0.04 0.035 0.03 0.02 0.02 0.02 0.015 0.015 0.015 0.015 0.001 0.001 0.001 0.001 0.001 0.001 0.001 0.001 0.001 0.001 0.001 0.001 0.001 0.001 0.001 0.001 0.001 0.001 0.001 0.001 0.001 0.001 0.001 0.001 0.001 0.0001 0.0001 0.0001 0.0001 0.0001 0.0001 0.0001 0.0001 0.175 
Proportion of infected at cutoff : 0.0100
Proportion of susceptibles at cutoff : 0.9801
(3,0) : 62
(49,1) : 19
(50,0) : 59
(6,0) : 36
(46,2) : 2
(12,1) : 2
(39,0) : 1
(2,0) : 99
(8,0) : 17
(17,0) : 2
(37,1) : 3
(7,1) : 3
(48,0) : 5
(11,0) : 17
(48,1) : 11
(2,1) : 2
(14,0) : 5
(47,3) : 2
(4,0) : 60
(12,0) : 10
(45,1) : 2
(49,0) : 18
(1,0) : 163
(9,0) : 21
(13,0) : 11
(46,1) : 2
(36,0) : 1
(7,0) : 28
(29,0) : 2
(15,0) : 12
(47,2) : 3
(10,0) : 12
(16,0) : 7
(5,0) : 32
(34,0) : 2
(38,0) : 1
(43,2) : 1
(25,0) : 3
(7,2) : 1
(35,2) : 1
(46,4) : 1
(48,2) : 3
(39,2) : 1
(30,0) : 1
(8,1) : 3
(44,2) : 1
(15,1) : 1
(5,1) : 3
(9,1) : 2
(10,1) : 2
(41,0) : 1
(4,1) : 2
(47,1) : 1
(45,4) : 1
(13,1) : 1
(3,1) : 1
