pop size : 10000, betaG : 0.08500, lambdaH : 0.10000, lambdaW : 0.00100, gamma : 0.12500, Tmax : 150.00, threshold of infected : 0.010
0.37 0.32 0.13 0.12 0.04 0.02 
0.2192 0.12 0.08 0.06 0.05 0.045 0.04 0.035 0.03 0.02 0.02 0.02 0.015 0.015 0.015 0.015 0.001 0.001 0.001 0.001 0.001 0.001 0.001 0.001 0.001 0.001 0.001 0.001 0.001 0.001 0.001 0.001 0.001 0.001 0.001 0.001 0.001 0.001 0.001 0.001 0.001 0.0001 0.0001 0.0001 0.0001 0.0001 0.0001 0.0001 0.0001 0.175 
Proportion of infected at cutoff : 0.0100
Proportion of susceptibles at cutoff : 0.9672
(47,1) : 3
(3,0) : 56
(47,3) : 2
(50,0) : 31
(37,0) : 2
(0,1) : 1
(15,0) : 12
(13,1) : 4
(49,0) : 21
(48,0) : 17
(4,0) : 54
(48,1) : 11
(45,2) : 4
(2,0) : 86
(49,1) : 11
(38,0) : 1
(47,0) : 5
(46,0) : 4
(5,0) : 36
(46,2) : 3
(33,1) : 1
(11,0) : 14
(28,0) : 3
(24,0) : 3
(10,0) : 17
(9,0) : 26
(45,1) : 1
(16,0) : 7
(7,0) : 20
(13,0) : 13
(20,0) : 1
(6,0) : 23
(46,1) : 2
(12,0) : 12
(29,1) : 1
(10,1) : 2
(48,2) : 3
(40,0) : 2
(32,1) : 1
(44,1) : 3
(34,0) : 1
(46,3) : 2
(9,1) : 2
(21,0) : 3
(44,2) : 1
(12,1) : 1
(8,0) : 17
(32,0) : 1
(44,0) : 1
(8,2) : 1
(1,0) : 154
(14,0) : 9
(43,0) : 1
(4,1) : 1
(39,0) : 1
(34,1) : 1
(30,0) : 2
(30,1) : 1
(8,1) : 1
(47,2) : 1
(5,1) : 4
(6,2) : 1
(11,1) : 1
(13,2) : 1
(22,0) : 1
(0,0) : 3
(3,1) : 1
(7,1) : 1
(2,1) : 1
(1,1) : 2
