pop size : 10000, betaG : 0.08500, lambdaH : 0.10000, lambdaW : 0.00100, gamma : 0.12500, Tmax : 150.00, threshold of infected : 0.010
0.37 0.32 0.13 0.12 0.04 0.02 
0.2192 0.12 0.08 0.06 0.05 0.045 0.04 0.035 0.03 0.02 0.02 0.02 0.015 0.015 0.015 0.015 0.001 0.001 0.001 0.001 0.001 0.001 0.001 0.001 0.001 0.001 0.001 0.001 0.001 0.001 0.001 0.001 0.001 0.001 0.001 0.001 0.001 0.001 0.001 0.001 0.001 0.0001 0.0001 0.0001 0.0001 0.0001 0.0001 0.0001 0.0001 0.175 
Proportion of infected at cutoff : 0.0100
Proportion of susceptibles at cutoff : 0.9795
(49,1) : 16
(3,0) : 59
(7,0) : 27
(38,1) : 1
(6,0) : 41
(2,0) : 94
(50,0) : 49
(30,0) : 1
(49,0) : 25
(16,0) : 8
(46,1) : 2
(47,0) : 4
(33,1) : 1
(11,0) : 13
(5,0) : 37
(48,2) : 8
(1,0) : 150
(48,1) : 6
(13,0) : 8
(15,1) : 1
(12,0) : 13
(26,2) : 1
(4,0) : 48
(14,1) : 4
(46,2) : 1
(10,0) : 14
(47,1) : 4
(14,0) : 9
(9,0) : 23
(48,0) : 5
(15,0) : 15
(8,0) : 29
(34,1) : 1
(23,0) : 3
(39,1) : 1
(45,2) : 2
(40,1) : 1
(10,1) : 1
(35,0) : 1
(24,0) : 1
(12,1) : 2
(11,1) : 1
(47,3) : 3
(20,1) : 1
(26,0) : 1
(44,3) : 1
(32,0) : 1
(20,0) : 2
(13,1) : 3
(8,1) : 2
(19,0) : 2
(36,1) : 1
(22,0) : 2
(18,1) : 1
(5,1) : 4
(7,1) : 1
(9,1) : 2
(4,1) : 1
(1,1) : 2
(1,2) : 1
(0,0) : 1
(2,1) : 1
(0,1) : 1
