pop size : 10000, betaG : 0.08500, lambdaH : 0.10000, lambdaW : 0.00100, gamma : 0.12500, Tmax : 150.00, threshold of infected : 0.010
0.37 0.32 0.13 0.12 0.04 0.02 
0.2192 0.12 0.08 0.06 0.05 0.045 0.04 0.035 0.03 0.02 0.02 0.02 0.015 0.015 0.015 0.015 0.001 0.001 0.001 0.001 0.001 0.001 0.001 0.001 0.001 0.001 0.001 0.001 0.001 0.001 0.001 0.001 0.001 0.001 0.001 0.001 0.001 0.001 0.001 0.001 0.001 0.0001 0.0001 0.0001 0.0001 0.0001 0.0001 0.0001 0.0001 0.175 
Proportion of infected at cutoff : 0.0100
Proportion of susceptibles at cutoff : 0.9721
(49,1) : 15
(50,0) : 36
(48,1) : 8
(37,0) : 4
(49,0) : 24
(1,0) : 201
(12,0) : 12
(47,1) : 4
(31,1) : 1
(5,0) : 50
(41,2) : 1
(17,0) : 2
(48,0) : 12
(11,0) : 16
(21,0) : 3
(45,0) : 1
(11,1) : 3
(6,0) : 31
(8,0) : 24
(4,0) : 42
(10,0) : 16
(45,3) : 3
(38,0) : 3
(24,0) : 2
(3,0) : 58
(14,0) : 8
(45,1) : 1
(47,2) : 6
(15,0) : 8
(13,0) : 17
(9,0) : 17
(43,2) : 1
(25,0) : 2
(5,1) : 3
(10,1) : 2
(16,0) : 9
(35,0) : 2
(44,1) : 1
(2,0) : 72
(45,5) : 1
(46,2) : 2
(13,1) : 1
(39,0) : 1
(46,1) : 3
(7,0) : 19
(2,1) : 3
(34,1) : 1
(10,2) : 1
(41,0) : 1
(30,0) : 1
(47,0) : 2
(38,2) : 1
(14,1) : 2
(34,0) : 1
(26,1) : 1
(18,0) : 2
(7,1) : 2
(4,1) : 1
(26,0) : 1
(32,0) : 1
(0,1) : 1
(45,2) : 1
(0,0) : 6
(28,0) : 1
(12,1) : 1
(27,1) : 1
(6,1) : 2
(9,1) : 2
(1,1) : 1
