pop size : 10000, betaG : 0.08500, lambdaH : 0.10000, lambdaW : 0.00100, gamma : 0.12500, Tmax : 150.00, threshold of infected : 0.010
0.37 0.32 0.13 0.12 0.04 0.02 
0.2192 0.12 0.08 0.06 0.05 0.045 0.04 0.035 0.03 0.02 0.02 0.02 0.015 0.015 0.015 0.015 0.001 0.001 0.001 0.001 0.001 0.001 0.001 0.001 0.001 0.001 0.001 0.001 0.001 0.001 0.001 0.001 0.001 0.001 0.001 0.001 0.001 0.001 0.001 0.001 0.001 0.0001 0.0001 0.0001 0.0001 0.0001 0.0001 0.0001 0.0001 0.175 
Proportion of infected at cutoff : 0.0100
Proportion of susceptibles at cutoff : 0.9806
(50,0) : 66
(45,0) : 1
(48,2) : 4
(3,0) : 69
(49,0) : 15
(8,0) : 23
(1,0) : 164
(49,1) : 16
(16,0) : 5
(27,1) : 2
(7,0) : 36
(13,0) : 11
(41,0) : 1
(14,0) : 14
(2,0) : 85
(45,3) : 2
(15,0) : 11
(48,1) : 8
(46,3) : 3
(37,3) : 1
(5,0) : 40
(38,0) : 1
(9,0) : 21
(6,0) : 38
(45,2) : 3
(4,0) : 39
(11,0) : 15
(48,0) : 2
(10,0) : 13
(47,2) : 2
(37,0) : 1
(12,0) : 10
(29,0) : 1
(27,0) : 2
(24,1) : 2
(47,3) : 1
(47,0) : 1
(10,1) : 2
(47,1) : 1
(12,1) : 2
(20,0) : 1
(23,0) : 1
(24,0) : 1
(5,1) : 1
(24,2) : 1
(13,1) : 1
(45,4) : 1
(35,1) : 1
(7,1) : 1
(17,0) : 1
(18,0) : 1
(30,0) : 1
(32,0) : 1
(28,0) : 1
(44,5) : 1
(11,1) : 1
(35,0) : 1
(44,0) : 1
(1,1) : 3
(8,1) : 1
(14,1) : 1
(33,0) : 1
(13,2) : 1
(9,1) : 1
(3,1) : 2
(0,1) : 2
