pop size : 10000, betaG : 0.08500, lambdaH : 0.10000, lambdaW : 0.00100, gamma : 0.12500, Tmax : 150.00, threshold of infected : 0.010
0.37 0.32 0.13 0.12 0.04 0.02 
0.2192 0.12 0.08 0.06 0.05 0.045 0.04 0.035 0.03 0.02 0.02 0.02 0.015 0.015 0.015 0.015 0.001 0.001 0.001 0.001 0.001 0.001 0.001 0.001 0.001 0.001 0.001 0.001 0.001 0.001 0.001 0.001 0.001 0.001 0.001 0.001 0.001 0.001 0.001 0.001 0.001 0.0001 0.0001 0.0001 0.0001 0.0001 0.0001 0.0001 0.0001 0.175 
Proportion of infected at cutoff : 0.0100
Proportion of susceptibles at cutoff : 0.9757
(47,2) : 2
(50,0) : 52
(32,0) : 2
(49,1) : 17
(7,0) : 28
(49,0) : 23
(48,1) : 8
(45,3) : 3
(17,0) : 2
(47,0) : 4
(13,0) : 10
(3,0) : 68
(45,4) : 2
(48,0) : 12
(46,2) : 4
(4,0) : 56
(6,0) : 31
(46,3) : 1
(9,0) : 16
(5,1) : 3
(15,0) : 11
(34,0) : 1
(27,0) : 3
(2,0) : 89
(1,0) : 155
(48,2) : 1
(45,2) : 1
(6,1) : 1
(39,0) : 1
(5,0) : 27
(16,0) : 5
(26,0) : 1
(10,0) : 11
(8,0) : 20
(45,1) : 1
(11,0) : 16
(30,0) : 1
(14,0) : 8
(44,3) : 1
(32,1) : 1
(30,3) : 1
(7,1) : 3
(11,2) : 1
(21,0) : 1
(22,0) : 1
(46,1) : 2
(12,0) : 12
(44,1) : 1
(12,2) : 1
(17,1) : 1
(10,1) : 2
(12,1) : 2
(15,1) : 1
(18,0) : 1
(11,1) : 1
(10,2) : 1
(45,0) : 1
(25,1) : 1
(0,0) : 3
(3,1) : 2
(6,2) : 1
(8,1) : 1
(0,1) : 2
