pop size : 10000, betaG : 0.08500, lambdaH : 0.10000, lambdaW : 0.00100, gamma : 0.12500, Tmax : 150.00, threshold of infected : 0.010
0.37 0.32 0.13 0.12 0.04 0.02 
0.2192 0.12 0.08 0.06 0.05 0.045 0.04 0.035 0.03 0.02 0.02 0.02 0.015 0.015 0.015 0.015 0.001 0.001 0.001 0.001 0.001 0.001 0.001 0.001 0.001 0.001 0.001 0.001 0.001 0.001 0.001 0.001 0.001 0.001 0.001 0.001 0.001 0.001 0.001 0.001 0.001 0.0001 0.0001 0.0001 0.0001 0.0001 0.0001 0.0001 0.0001 0.175 
Proportion of infected at cutoff : 0.0100
Proportion of susceptibles at cutoff : 0.9784
(50,0) : 55
(48,1) : 8
(49,0) : 26
(9,0) : 22
(4,0) : 40
(39,0) : 2
(48,0) : 5
(7,0) : 27
(47,2) : 1
(14,0) : 9
(8,0) : 26
(15,0) : 9
(49,1) : 16
(3,0) : 54
(11,0) : 10
(22,0) : 1
(48,2) : 6
(12,1) : 2
(6,0) : 30
(45,2) : 4
(12,0) : 14
(16,0) : 10
(43,3) : 1
(17,0) : 1
(4,1) : 5
(10,1) : 4
(30,0) : 2
(13,0) : 12
(45,5) : 1
(46,0) : 3
(6,1) : 4
(2,0) : 78
(47,1) : 3
(11,3) : 1
(5,1) : 1
(25,0) : 2
(46,2) : 1
(21,1) : 1
(46,4) : 2
(5,0) : 36
(26,0) : 1
(38,0) : 1
(18,0) : 2
(28,0) : 1
(10,0) : 9
(32,1) : 1
(33,0) : 1
(1,0) : 149
(18,1) : 1
(34,0) : 1
(45,0) : 1
(7,1) : 2
(37,0) : 1
(34,1) : 2
(0,0) : 4
(3,1) : 2
(15,1) : 1
(1,1) : 3
(0,1) : 1
