pop size : 10000, betaG : 0.08500, lambdaH : 0.10000, lambdaW : 0.00100, gamma : 0.12500, Tmax : 150.00, threshold of infected : 0.010
0.37 0.32 0.13 0.12 0.04 0.02 
0.2192 0.12 0.08 0.06 0.05 0.045 0.04 0.035 0.03 0.02 0.02 0.02 0.015 0.015 0.015 0.015 0.001 0.001 0.001 0.001 0.001 0.001 0.001 0.001 0.001 0.001 0.001 0.001 0.001 0.001 0.001 0.001 0.001 0.001 0.001 0.001 0.001 0.001 0.001 0.001 0.001 0.0001 0.0001 0.0001 0.0001 0.0001 0.0001 0.0001 0.0001 0.175 
Proportion of infected at cutoff : 0.0100
Proportion of susceptibles at cutoff : 0.9725
(50,0) : 41
(45,3) : 2
(44,3) : 1
(3,0) : 54
(49,1) : 18
(15,0) : 7
(49,0) : 34
(43,5) : 1
(1,0) : 181
(48,0) : 9
(6,0) : 24
(48,2) : 4
(46,1) : 3
(48,1) : 10
(4,0) : 42
(14,0) : 9
(11,0) : 10
(34,0) : 1
(32,0) : 1
(12,0) : 10
(7,0) : 20
(45,0) : 2
(30,0) : 2
(47,2) : 4
(37,0) : 1
(9,0) : 26
(10,0) : 11
(46,0) : 2
(33,0) : 3
(13,0) : 12
(9,1) : 1
(45,2) : 1
(8,0) : 23
(27,0) : 1
(2,0) : 71
(5,0) : 38
(10,1) : 2
(23,0) : 1
(5,1) : 4
(45,1) : 1
(13,1) : 2
(33,1) : 1
(46,3) : 2
(20,2) : 1
(47,1) : 1
(19,1) : 1
(47,0) : 1
(38,0) : 1
(15,1) : 1
(31,0) : 1
(16,0) : 2
(6,1) : 1
(21,1) : 1
(18,0) : 2
(37,2) : 1
(20,0) : 1
(44,1) : 1
(3,1) : 2
(8,1) : 1
(7,1) : 1
(14,1) : 2
(1,1) : 2
(0,0) : 2
(0,1) : 2
