pop size : 10000, betaG : 0.08500, lambdaH : 0.10000, lambdaW : 0.00100, gamma : 0.12500, Tmax : 150.00, threshold of infected : 0.010
0.37 0.32 0.13 0.12 0.04 0.02 
0.2192 0.12 0.08 0.06 0.05 0.045 0.04 0.035 0.03 0.02 0.02 0.02 0.015 0.015 0.015 0.015 0.001 0.001 0.001 0.001 0.001 0.001 0.001 0.001 0.001 0.001 0.001 0.001 0.001 0.001 0.001 0.001 0.001 0.001 0.001 0.001 0.001 0.001 0.001 0.001 0.001 0.0001 0.0001 0.0001 0.0001 0.0001 0.0001 0.0001 0.0001 0.175 
Proportion of infected at cutoff : 0.0100
Proportion of susceptibles at cutoff : 0.9724
(50,0) : 44
(49,1) : 12
(48,2) : 4
(37,0) : 2
(48,0) : 10
(7,1) : 2
(15,0) : 11
(16,0) : 6
(13,0) : 6
(49,0) : 30
(5,0) : 29
(47,2) : 2
(39,0) : 1
(2,0) : 79
(14,0) : 11
(4,0) : 49
(46,2) : 4
(10,0) : 13
(42,4) : 1
(3,0) : 79
(11,0) : 13
(22,0) : 2
(7,0) : 27
(8,0) : 27
(1,0) : 159
(48,1) : 2
(6,0) : 34
(12,0) : 17
(27,0) : 2
(44,3) : 1
(47,0) : 5
(16,1) : 1
(45,3) : 1
(43,5) : 1
(7,2) : 1
(45,2) : 1
(32,0) : 2
(6,1) : 3
(9,0) : 22
(47,1) : 5
(46,1) : 1
(46,3) : 2
(10,1) : 3
(12,1) : 1
(44,0) : 1
(34,1) : 1
(26,0) : 1
(8,1) : 3
(30,2) : 1
(31,0) : 3
(4,1) : 4
(9,1) : 2
(36,0) : 1
(32,1) : 1
(19,1) : 1
(44,2) : 1
(44,1) : 1
(11,1) : 2
(18,0) : 3
(1,1) : 3
(5,1) : 1
(3,1) : 1
(2,1) : 1
(0,0) : 2
