pop size : 10000, betaG : 0.08500, lambdaH : 0.10000, lambdaW : 0.00100, gamma : 0.12500, Tmax : 150.00, threshold of infected : 0.010
0.37 0.32 0.13 0.12 0.04 0.02 
0.2192 0.12 0.08 0.06 0.05 0.045 0.04 0.035 0.03 0.02 0.02 0.02 0.015 0.015 0.015 0.015 0.001 0.001 0.001 0.001 0.001 0.001 0.001 0.001 0.001 0.001 0.001 0.001 0.001 0.001 0.001 0.001 0.001 0.001 0.001 0.001 0.001 0.001 0.001 0.001 0.001 0.0001 0.0001 0.0001 0.0001 0.0001 0.0001 0.0001 0.0001 0.175 
Proportion of infected at cutoff : 0.0100
Proportion of susceptibles at cutoff : 0.9791
(32,0) : 4
(50,0) : 49
(48,2) : 7
(49,0) : 17
(48,0) : 8
(49,1) : 20
(6,0) : 36
(47,1) : 5
(48,1) : 11
(2,0) : 92
(1,0) : 164
(4,0) : 45
(13,0) : 8
(16,0) : 10
(7,0) : 22
(25,0) : 1
(15,0) : 8
(12,0) : 9
(27,0) : 1
(31,1) : 1
(9,0) : 19
(14,0) : 18
(42,2) : 1
(38,0) : 2
(17,0) : 2
(8,0) : 15
(46,1) : 1
(5,0) : 26
(11,0) : 17
(14,1) : 3
(34,0) : 1
(15,1) : 1
(10,0) : 16
(29,0) : 1
(35,0) : 1
(36,1) : 1
(3,0) : 57
(46,2) : 2
(46,3) : 1
(44,4) : 1
(31,0) : 1
(47,3) : 1
(12,1) : 2
(18,0) : 1
(47,2) : 4
(7,1) : 3
(35,1) : 1
(47,0) : 1
(11,1) : 1
(26,0) : 1
(26,2) : 2
(13,1) : 2
(21,0) : 1
(33,1) : 1
(46,0) : 1
(6,1) : 1
(37,1) : 1
(9,1) : 1
(4,1) : 1
(0,0) : 2
(0,1) : 1
