pop size : 10000, betaG : 0.08500, lambdaH : 0.10000, lambdaW : 0.00100, gamma : 0.12500, Tmax : 150.00, threshold of infected : 0.010
0.37 0.32 0.13 0.12 0.04 0.02 
0.2192 0.12 0.08 0.06 0.05 0.045 0.04 0.035 0.03 0.02 0.02 0.02 0.015 0.015 0.015 0.015 0.001 0.001 0.001 0.001 0.001 0.001 0.001 0.001 0.001 0.001 0.001 0.001 0.001 0.001 0.001 0.001 0.001 0.001 0.001 0.001 0.001 0.001 0.001 0.001 0.001 0.0001 0.0001 0.0001 0.0001 0.0001 0.0001 0.0001 0.0001 0.175 
Proportion of infected at cutoff : 0.0100
Proportion of susceptibles at cutoff : 0.9810
(15,0) : 14
(50,0) : 59
(28,0) : 1
(12,0) : 11
(46,3) : 5
(31,1) : 1
(48,1) : 9
(4,0) : 57
(5,0) : 36
(8,0) : 37
(48,0) : 6
(14,0) : 16
(49,0) : 13
(36,0) : 2
(47,3) : 2
(7,0) : 32
(9,0) : 13
(49,1) : 20
(6,0) : 34
(3,0) : 69
(47,1) : 4
(13,0) : 8
(7,1) : 4
(29,0) : 1
(48,2) : 5
(2,0) : 80
(17,0) : 1
(32,0) : 1
(10,0) : 17
(30,2) : 1
(16,0) : 13
(11,0) : 10
(43,1) : 1
(47,2) : 3
(3,1) : 1
(24,0) : 1
(8,2) : 1
(24,1) : 1
(1,0) : 173
(26,0) : 2
(13,1) : 2
(46,2) : 1
(14,1) : 2
(34,0) : 1
(12,1) : 1
(9,1) : 2
(23,0) : 1
(40,0) : 1
(6,1) : 2
(8,1) : 2
(4,1) : 1
(0,1) : 2
(0,0) : 3
(2,1) : 1
(1,1) : 1
