pop size : 10000, betaG : 0.08500, lambdaH : 0.10000, lambdaW : 0.00100, gamma : 0.12500, Tmax : 150.00, threshold of infected : 0.010
0.37 0.32 0.13 0.12 0.04 0.02 
0.2192 0.12 0.08 0.06 0.05 0.045 0.04 0.035 0.03 0.02 0.02 0.02 0.015 0.015 0.015 0.015 0.001 0.001 0.001 0.001 0.001 0.001 0.001 0.001 0.001 0.001 0.001 0.001 0.001 0.001 0.001 0.001 0.001 0.001 0.001 0.001 0.001 0.001 0.001 0.001 0.001 0.0001 0.0001 0.0001 0.0001 0.0001 0.0001 0.0001 0.0001 0.175 
Proportion of infected at cutoff : 0.0100
Proportion of susceptibles at cutoff : 0.9766
(50,0) : 51
(47,2) : 2
(12,0) : 14
(48,1) : 10
(2,0) : 73
(11,0) : 7
(32,0) : 1
(40,0) : 1
(14,1) : 4
(49,0) : 20
(10,0) : 12
(49,1) : 19
(27,0) : 1
(23,0) : 3
(14,0) : 7
(37,2) : 1
(6,0) : 27
(46,2) : 3
(16,0) : 11
(46,3) : 2
(30,0) : 2
(15,0) : 5
(9,0) : 27
(40,1) : 1
(17,0) : 1
(7,0) : 25
(8,0) : 19
(47,1) : 4
(48,2) : 5
(13,0) : 12
(47,0) : 4
(4,0) : 41
(44,2) : 1
(48,0) : 5
(3,0) : 62
(44,1) : 2
(33,0) : 1
(20,0) : 2
(46,1) : 1
(1,0) : 131
(6,1) : 1
(15,1) : 4
(5,0) : 40
(29,0) : 1
(43,1) : 1
(46,4) : 1
(31,0) : 1
(2,1) : 2
(30,1) : 1
(5,1) : 2
(38,0) : 1
(7,1) : 1
(47,3) : 1
(38,1) : 1
(45,1) : 1
(39,0) : 1
(12,1) : 1
(29,1) : 1
(21,0) : 1
(25,0) : 1
(11,1) : 1
(8,1) : 1
(3,1) : 2
(1,1) : 2
