pop size : 10000, betaG : 0.08500, lambdaH : 0.10000, lambdaW : 0.00100, gamma : 0.12500, Tmax : 150.00, threshold of infected : 0.010
0.37 0.32 0.13 0.12 0.04 0.02 
0.2192 0.12 0.08 0.06 0.05 0.045 0.04 0.035 0.03 0.02 0.02 0.02 0.015 0.015 0.015 0.015 0.001 0.001 0.001 0.001 0.001 0.001 0.001 0.001 0.001 0.001 0.001 0.001 0.001 0.001 0.001 0.001 0.001 0.001 0.001 0.001 0.001 0.001 0.001 0.001 0.001 0.0001 0.0001 0.0001 0.0001 0.0001 0.0001 0.0001 0.0001 0.175 
Proportion of infected at cutoff : 0.0100
Proportion of susceptibles at cutoff : 0.9822
(50,0) : 67
(7,0) : 37
(49,0) : 13
(6,0) : 28
(47,1) : 3
(8,0) : 23
(7,1) : 2
(48,0) : 3
(49,1) : 21
(4,0) : 51
(24,0) : 1
(1,0) : 159
(16,0) : 12
(36,0) : 2
(47,0) : 1
(2,0) : 93
(48,1) : 6
(14,0) : 9
(3,0) : 53
(11,0) : 15
(1,1) : 2
(10,0) : 15
(48,2) : 4
(33,0) : 2
(13,1) : 1
(46,2) : 1
(47,2) : 1
(9,0) : 22
(5,0) : 41
(15,1) : 2
(15,0) : 8
(34,2) : 1
(17,0) : 2
(45,4) : 1
(38,0) : 2
(46,1) : 1
(12,0) : 12
(29,0) : 1
(13,0) : 9
(37,0) : 1
(25,1) : 1
(14,1) : 2
(29,1) : 1
(10,1) : 3
(35,0) : 1
(32,0) : 1
(38,8) : 1
(6,1) : 3
(28,0) : 1
(47,3) : 1
(27,1) : 1
(45,1) : 1
(23,0) : 1
(46,0) : 1
(29,2) : 1
(8,1) : 3
(16,2) : 1
(19,0) : 1
(12,1) : 1
(25,0) : 1
(20,1) : 1
(3,1) : 3
(4,2) : 1
(26,1) : 1
(2,1) : 2
(4,1) : 1
(0,1) : 3
(0,0) : 1
