pop size : 10000, betaG : 0.08500, lambdaH : 0.10000, lambdaW : 0.00100, gamma : 0.12500, Tmax : 150.00, threshold of infected : 0.010
0.37 0.32 0.13 0.12 0.04 0.02 
0.2192 0.12 0.08 0.06 0.05 0.045 0.04 0.035 0.03 0.02 0.02 0.02 0.015 0.015 0.015 0.015 0.001 0.001 0.001 0.001 0.001 0.001 0.001 0.001 0.001 0.001 0.001 0.001 0.001 0.001 0.001 0.001 0.001 0.001 0.001 0.001 0.001 0.001 0.001 0.001 0.001 0.0001 0.0001 0.0001 0.0001 0.0001 0.0001 0.0001 0.0001 0.175 
Proportion of infected at cutoff : 0.0100
Proportion of susceptibles at cutoff : 0.9798
(49,1) : 14
(13,0) : 10
(49,0) : 12
(48,0) : 9
(8,1) : 3
(48,2) : 6
(50,0) : 59
(9,0) : 23
(1,0) : 176
(4,0) : 52
(16,0) : 11
(47,0) : 4
(45,3) : 1
(48,1) : 10
(47,3) : 1
(7,0) : 33
(23,0) : 2
(47,2) : 3
(6,0) : 33
(5,0) : 34
(33,0) : 1
(26,0) : 2
(11,0) : 18
(12,0) : 20
(8,0) : 20
(14,0) : 9
(17,0) : 3
(3,0) : 52
(39,0) : 1
(14,1) : 2
(43,3) : 1
(3,1) : 1
(2,0) : 94
(9,1) : 1
(11,1) : 3
(46,2) : 2
(15,0) : 7
(6,1) : 1
(41,0) : 1
(40,1) : 1
(13,1) : 3
(27,1) : 1
(12,1) : 2
(33,1) : 1
(2,1) : 1
(19,0) : 2
(10,0) : 8
(20,0) : 1
(29,0) : 1
(47,1) : 1
(32,0) : 3
(46,4) : 1
(1,1) : 4
(46,0) : 1
(28,0) : 1
(45,4) : 1
(37,0) : 1
(19,1) : 1
(36,1) : 1
(19,2) : 1
(4,1) : 1
(5,1) : 2
(0,1) : 4
(15,1) : 1
(0,0) : 1
