pop size : 10000, betaG : 0.08500, lambdaH : 0.10000, lambdaW : 0.00100, gamma : 0.12500, Tmax : 150.00, threshold of infected : 0.010
0.37 0.32 0.13 0.12 0.04 0.02 
0.2192 0.12 0.08 0.06 0.05 0.045 0.04 0.035 0.03 0.02 0.02 0.02 0.015 0.015 0.015 0.015 0.001 0.001 0.001 0.001 0.001 0.001 0.001 0.001 0.001 0.001 0.001 0.001 0.001 0.001 0.001 0.001 0.001 0.001 0.001 0.001 0.001 0.001 0.001 0.001 0.001 0.0001 0.0001 0.0001 0.0001 0.0001 0.0001 0.0001 0.0001 0.175 
Proportion of infected at cutoff : 0.0100
Proportion of susceptibles at cutoff : 0.9797
(48,1) : 15
(16,0) : 9
(15,0) : 12
(3,0) : 47
(49,0) : 19
(50,0) : 55
(4,0) : 40
(5,0) : 44
(48,2) : 3
(49,1) : 20
(6,0) : 29
(24,2) : 1
(48,0) : 4
(46,2) : 3
(10,0) : 13
(1,0) : 149
(7,0) : 34
(47,2) : 1
(5,1) : 1
(11,0) : 11
(46,0) : 1
(47,1) : 1
(8,0) : 28
(32,0) : 1
(12,0) : 12
(0,1) : 2
(43,3) : 1
(13,0) : 10
(9,0) : 20
(2,0) : 81
(11,1) : 2
(9,1) : 2
(37,0) : 1
(45,2) : 2
(30,0) : 1
(45,4) : 2
(28,1) : 1
(38,0) : 1
(45,3) : 1
(46,1) : 2
(31,0) : 1
(14,1) : 1
(27,0) : 2
(13,1) : 1
(14,0) : 12
(4,1) : 3
(38,2) : 1
(10,1) : 1
(47,3) : 1
(22,1) : 1
(7,1) : 2
(36,0) : 2
(35,0) : 1
(9,2) : 1
(18,0) : 2
(6,1) : 1
(29,0) : 1
(15,1) : 1
(1,1) : 1
(28,0) : 1
(12,1) : 1
(23,0) : 1
(22,0) : 1
