pop size : 10000, betaG : 0.08500, lambdaH : 0.10000, lambdaW : 0.00100, gamma : 0.12500, Tmax : 150.00, threshold of infected : 0.010
0.37 0.32 0.13 0.12 0.04 0.02 
0.2192 0.12 0.08 0.06 0.05 0.045 0.04 0.035 0.03 0.02 0.02 0.02 0.015 0.015 0.015 0.015 0.001 0.001 0.001 0.001 0.001 0.001 0.001 0.001 0.001 0.001 0.001 0.001 0.001 0.001 0.001 0.001 0.001 0.001 0.001 0.001 0.001 0.001 0.001 0.001 0.001 0.0001 0.0001 0.0001 0.0001 0.0001 0.0001 0.0001 0.0001 0.175 
Proportion of infected at cutoff : 0.0100
Proportion of susceptibles at cutoff : 0.9807
(5,0) : 46
(49,0) : 15
(50,0) : 52
(49,1) : 20
(48,1) : 11
(15,0) : 11
(31,0) : 2
(16,0) : 6
(11,0) : 19
(1,0) : 151
(14,0) : 7
(45,1) : 1
(3,0) : 48
(47,2) : 7
(12,0) : 13
(7,0) : 36
(47,1) : 3
(4,0) : 43
(48,0) : 4
(13,0) : 13
(6,0) : 44
(2,0) : 84
(48,2) : 4
(28,0) : 1
(26,0) : 3
(40,0) : 1
(8,0) : 24
(5,1) : 3
(36,0) : 1
(10,0) : 10
(7,1) : 1
(42,4) : 1
(30,1) : 1
(32,1) : 1
(9,1) : 2
(45,2) : 1
(10,1) : 2
(37,0) : 2
(47,3) : 1
(15,1) : 1
(39,1) : 1
(46,3) : 1
(46,4) : 1
(9,0) : 25
(46,1) : 1
(31,2) : 1
(32,0) : 2
(36,1) : 1
(19,0) : 1
(22,0) : 1
(18,0) : 2
(47,0) : 1
(9,2) : 1
(34,0) : 2
(25,0) : 1
(29,0) : 1
(17,0) : 2
(6,1) : 2
(14,1) : 1
(11,2) : 1
(24,0) : 1
(22,1) : 1
(3,1) : 1
(2,1) : 1
(0,1) : 1
