pop size : 10000, betaG : 0.08500, lambdaH : 0.10000, lambdaW : 0.00100, gamma : 0.12500, Tmax : 150.00, threshold of infected : 0.010
0.37 0.32 0.13 0.12 0.04 0.02 
0.2192 0.12 0.08 0.06 0.05 0.045 0.04 0.035 0.03 0.02 0.02 0.02 0.015 0.015 0.015 0.015 0.001 0.001 0.001 0.001 0.001 0.001 0.001 0.001 0.001 0.001 0.001 0.001 0.001 0.001 0.001 0.001 0.001 0.001 0.001 0.001 0.001 0.001 0.001 0.001 0.001 0.0001 0.0001 0.0001 0.0001 0.0001 0.0001 0.0001 0.0001 0.175 
Proportion of infected at cutoff : 0.0100
Proportion of susceptibles at cutoff : 0.9689
(3,0) : 60
(49,1) : 11
(47,3) : 4
(18,1) : 1
(45,5) : 1
(13,0) : 15
(48,0) : 13
(49,0) : 22
(29,0) : 3
(11,0) : 14
(50,0) : 36
(16,0) : 11
(47,1) : 6
(4,0) : 47
(48,1) : 9
(47,0) : 5
(22,0) : 2
(7,0) : 27
(47,2) : 3
(8,0) : 27
(46,1) : 4
(45,2) : 2
(5,0) : 45
(46,3) : 1
(27,1) : 2
(6,1) : 3
(6,0) : 25
(45,3) : 1
(34,0) : 1
(41,2) : 1
(48,2) : 3
(9,0) : 24
(15,0) : 12
(14,0) : 15
(46,2) : 1
(12,0) : 20
(42,1) : 1
(45,0) : 1
(4,1) : 1
(46,0) : 2
(35,0) : 2
(44,2) : 1
(5,1) : 2
(1,0) : 179
(23,1) : 1
(2,0) : 82
(17,0) : 2
(40,0) : 1
(43,2) : 1
(9,1) : 1
(23,0) : 1
(10,1) : 1
(12,1) : 1
(10,0) : 5
(14,1) : 1
(18,0) : 1
(7,1) : 2
(0,0) : 5
(10,2) : 1
(1,1) : 1
(2,1) : 2
(0,1) : 1
