pop size : 10000, betaG : 0.08500, lambdaH : 0.10000, lambdaW : 0.00100, gamma : 0.12500, Tmax : 150.00, threshold of infected : 0.010
0.37 0.32 0.13 0.12 0.04 0.02 
0.2192 0.12 0.08 0.06 0.05 0.045 0.04 0.035 0.03 0.02 0.02 0.02 0.015 0.015 0.015 0.015 0.001 0.001 0.001 0.001 0.001 0.001 0.001 0.001 0.001 0.001 0.001 0.001 0.001 0.001 0.001 0.001 0.001 0.001 0.001 0.001 0.001 0.001 0.001 0.001 0.001 0.0001 0.0001 0.0001 0.0001 0.0001 0.0001 0.0001 0.0001 0.175 
Proportion of infected at cutoff : 0.0100
Proportion of susceptibles at cutoff : 0.9765
(50,0) : 46
(48,0) : 6
(49,0) : 35
(2,0) : 94
(3,0) : 56
(49,1) : 14
(7,0) : 25
(29,1) : 1
(48,2) : 4
(0,0) : 1
(10,0) : 17
(8,0) : 24
(46,2) : 2
(5,0) : 32
(30,1) : 1
(35,1) : 1
(22,0) : 1
(46,0) : 1
(48,1) : 7
(16,0) : 8
(1,0) : 149
(9,0) : 25
(14,0) : 9
(12,0) : 10
(28,0) : 1
(46,3) : 3
(6,0) : 27
(47,1) : 7
(47,2) : 7
(11,0) : 10
(15,0) : 7
(27,0) : 1
(4,0) : 47
(47,0) : 1
(30,0) : 2
(19,0) : 1
(45,2) : 1
(15,1) : 1
(13,0) : 8
(39,0) : 3
(46,4) : 1
(46,1) : 1
(23,1) : 1
(11,1) : 2
(10,2) : 2
(21,0) : 1
(31,0) : 1
(45,3) : 1
(5,1) : 3
(13,1) : 1
(12,1) : 1
(18,0) : 1
(2,1) : 2
(10,1) : 2
(14,1) : 1
(1,1) : 1
(9,1) : 1
(8,1) : 1
(2,2) : 1
(0,1) : 1
