pop size : 10000, betaG : 0.08500, lambdaH : 0.10000, lambdaW : 0.00100, gamma : 0.12500, Tmax : 150.00, threshold of infected : 0.010
0.37 0.32 0.13 0.12 0.04 0.02 
0.2192 0.12 0.08 0.06 0.05 0.045 0.04 0.035 0.03 0.02 0.02 0.02 0.015 0.015 0.015 0.015 0.001 0.001 0.001 0.001 0.001 0.001 0.001 0.001 0.001 0.001 0.001 0.001 0.001 0.001 0.001 0.001 0.001 0.001 0.001 0.001 0.001 0.001 0.001 0.001 0.001 0.0001 0.0001 0.0001 0.0001 0.0001 0.0001 0.0001 0.0001 0.175 
Proportion of infected at cutoff : 0.0100
Proportion of susceptibles at cutoff : 0.9779
(50,0) : 52
(48,1) : 15
(14,0) : 9
(49,0) : 21
(9,0) : 17
(49,1) : 18
(48,0) : 5
(5,0) : 34
(38,1) : 1
(3,0) : 47
(28,0) : 1
(47,3) : 4
(40,0) : 1
(36,0) : 1
(46,3) : 1
(47,0) : 3
(8,0) : 23
(30,1) : 2
(47,1) : 3
(12,0) : 11
(1,0) : 155
(46,2) : 1
(44,3) : 1
(32,0) : 2
(13,0) : 12
(7,0) : 21
(15,0) : 8
(2,0) : 79
(30,0) : 2
(35,0) : 1
(4,0) : 41
(6,0) : 23
(18,0) : 1
(10,0) : 13
(46,4) : 1
(11,0) : 15
(47,2) : 2
(31,0) : 2
(48,2) : 5
(25,0) : 1
(27,0) : 1
(16,0) : 8
(33,0) : 2
(41,0) : 1
(21,1) : 1
(46,0) : 1
(19,1) : 1
(26,0) : 1
(38,0) : 2
(19,0) : 1
(13,1) : 2
(4,1) : 1
(2,1) : 4
(45,1) : 1
(5,1) : 3
(7,1) : 3
(8,1) : 1
(1,1) : 1
(6,1) : 1
(11,1) : 1
(3,2) : 1
(0,1) : 1
(0,0) : 1
