pop size : 10000, betaG : 0.08500, lambdaH : 0.10000, lambdaW : 0.00100, gamma : 0.12500, Tmax : 150.00, threshold of infected : 0.010
0.37 0.32 0.13 0.12 0.04 0.02 
0.2192 0.12 0.08 0.06 0.05 0.045 0.04 0.035 0.03 0.02 0.02 0.02 0.015 0.015 0.015 0.015 0.001 0.001 0.001 0.001 0.001 0.001 0.001 0.001 0.001 0.001 0.001 0.001 0.001 0.001 0.001 0.001 0.001 0.001 0.001 0.001 0.001 0.001 0.001 0.001 0.001 0.0001 0.0001 0.0001 0.0001 0.0001 0.0001 0.0001 0.0001 0.175 
Proportion of infected at cutoff : 0.0100
Proportion of susceptibles at cutoff : 0.9790
(50,0) : 58
(48,1) : 8
(48,0) : 8
(49,1) : 22
(49,0) : 19
(46,2) : 3
(4,0) : 32
(15,0) : 11
(24,0) : 3
(28,0) : 1
(45,3) : 1
(7,0) : 25
(43,3) : 1
(37,1) : 1
(41,1) : 1
(16,0) : 12
(12,1) : 2
(35,0) : 2
(2,0) : 72
(44,4) : 1
(1,0) : 156
(47,2) : 3
(13,1) : 3
(47,3) : 2
(5,0) : 40
(13,0) : 11
(11,0) : 8
(6,0) : 20
(8,0) : 19
(7,1) : 2
(20,0) : 2
(27,0) : 1
(47,1) : 1
(48,2) : 5
(40,0) : 2
(46,0) : 2
(10,0) : 12
(9,0) : 22
(14,0) : 7
(12,0) : 10
(46,1) : 1
(33,0) : 1
(3,0) : 43
(28,2) : 1
(15,1) : 1
(26,0) : 1
(44,1) : 1
(32,0) : 2
(22,0) : 1
(28,3) : 1
(19,0) : 2
(23,0) : 1
(10,1) : 1
(11,1) : 2
(9,1) : 1
(3,1) : 2
(1,1) : 4
(4,1) : 1
(5,1) : 1
(2,1) : 1
(0,0) : 3
(0,1) : 1
