pop size : 10000, betaG : 0.08500, lambdaH : 0.10000, lambdaW : 0.00100, gamma : 0.12500, Tmax : 150.00, threshold of infected : 0.010
0.37 0.32 0.13 0.12 0.04 0.02 
0.2192 0.12 0.08 0.06 0.05 0.045 0.04 0.035 0.03 0.02 0.02 0.02 0.015 0.015 0.015 0.015 0.001 0.001 0.001 0.001 0.001 0.001 0.001 0.001 0.001 0.001 0.001 0.001 0.001 0.001 0.001 0.001 0.001 0.001 0.001 0.001 0.001 0.001 0.001 0.001 0.001 0.0001 0.0001 0.0001 0.0001 0.0001 0.0001 0.0001 0.0001 0.175 
Proportion of infected at cutoff : 0.0100
Proportion of susceptibles at cutoff : 0.9837
(50,0) : 66
(48,0) : 3
(2,0) : 71
(8,0) : 21
(49,1) : 23
(48,1) : 12
(46,2) : 1
(49,0) : 13
(12,0) : 15
(29,3) : 1
(3,0) : 57
(48,2) : 6
(13,2) : 1
(4,0) : 37
(46,3) : 2
(6,0) : 21
(32,0) : 2
(36,2) : 1
(9,0) : 21
(11,0) : 20
(47,2) : 2
(10,0) : 12
(16,0) : 11
(14,0) : 13
(47,1) : 1
(17,0) : 1
(39,1) : 2
(44,0) : 1
(39,0) : 1
(7,0) : 26
(21,0) : 1
(5,0) : 21
(12,1) : 2
(15,0) : 8
(34,0) : 2
(1,0) : 166
(41,0) : 1
(19,1) : 1
(15,1) : 2
(27,0) : 1
(30,0) : 1
(13,1) : 2
(11,1) : 1
(46,0) : 2
(7,1) : 3
(45,4) : 1
(29,0) : 1
(38,0) : 1
(3,1) : 2
(7,2) : 1
(8,1) : 1
(13,0) : 4
(29,1) : 1
(2,1) : 1
(25,0) : 2
(4,1) : 1
(20,1) : 1
(22,0) : 1
(6,1) : 1
(21,1) : 1
(16,2) : 1
(5,1) : 1
(1,1) : 1
(0,1) : 1
