pop size : 10000, betaG : 0.08500, lambdaH : 0.10000, lambdaW : 0.00100, gamma : 0.12500, Tmax : 150.00, threshold of infected : 0.010
0.37 0.32 0.13 0.12 0.04 0.02 
0.2192 0.12 0.08 0.06 0.05 0.045 0.04 0.035 0.03 0.02 0.02 0.02 0.015 0.015 0.015 0.015 0.001 0.001 0.001 0.001 0.001 0.001 0.001 0.001 0.001 0.001 0.001 0.001 0.001 0.001 0.001 0.001 0.001 0.001 0.001 0.001 0.001 0.001 0.001 0.001 0.001 0.0001 0.0001 0.0001 0.0001 0.0001 0.0001 0.0001 0.0001 0.175 
Proportion of infected at cutoff : 0.0100
Proportion of susceptibles at cutoff : 0.9700
(2,0) : 84
(50,0) : 34
(28,0) : 1
(45,1) : 2
(47,1) : 5
(5,0) : 37
(8,0) : 21
(11,0) : 11
(49,0) : 28
(10,0) : 20
(47,2) : 4
(34,1) : 1
(3,0) : 60
(16,0) : 7
(24,0) : 2
(1,0) : 133
(13,0) : 15
(45,3) : 1
(9,0) : 21
(49,1) : 11
(29,0) : 1
(11,1) : 2
(4,0) : 43
(48,1) : 16
(43,1) : 2
(47,0) : 7
(46,3) : 2
(30,0) : 2
(48,0) : 5
(12,0) : 17
(15,0) : 11
(7,0) : 24
(41,0) : 3
(14,0) : 9
(42,2) : 1
(6,0) : 23
(26,0) : 1
(31,0) : 3
(19,0) : 1
(48,2) : 4
(34,0) : 2
(46,0) : 2
(21,0) : 1
(47,3) : 1
(41,3) : 1
(37,1) : 2
(35,1) : 1
(7,1) : 2
(46,1) : 1
(6,1) : 2
(30,1) : 2
(46,2) : 1
(3,1) : 2
(15,1) : 1
(14,1) : 1
(3,2) : 1
(13,1) : 1
(5,1) : 1
(8,1) : 2
(37,0) : 1
(2,1) : 1
(4,1) : 2
(0,0) : 2
(0,1) : 2
(1,1) : 1
