pop size : 10000, betaG : 0.08500, lambdaH : 0.10000, lambdaW : 0.00100, gamma : 0.12500, Tmax : 150.00, threshold of infected : 0.010
0.37 0.32 0.13 0.12 0.04 0.02 
0.2192 0.12 0.08 0.06 0.05 0.045 0.04 0.035 0.03 0.02 0.02 0.02 0.015 0.015 0.015 0.015 0.001 0.001 0.001 0.001 0.001 0.001 0.001 0.001 0.001 0.001 0.001 0.001 0.001 0.001 0.001 0.001 0.001 0.001 0.001 0.001 0.001 0.001 0.001 0.001 0.001 0.0001 0.0001 0.0001 0.0001 0.0001 0.0001 0.0001 0.0001 0.175 
Proportion of infected at cutoff : 0.0100
Proportion of susceptibles at cutoff : 0.9756
(50,0) : 47
(45,0) : 1
(49,0) : 21
(48,2) : 3
(2,0) : 85
(9,0) : 19
(46,0) : 2
(45,1) : 1
(11,0) : 14
(8,0) : 22
(46,1) : 1
(49,1) : 20
(14,0) : 13
(7,0) : 24
(47,2) : 7
(10,0) : 12
(16,0) : 12
(15,0) : 7
(47,1) : 2
(48,1) : 8
(3,0) : 55
(18,0) : 1
(29,0) : 1
(10,1) : 2
(33,1) : 1
(23,0) : 2
(4,0) : 37
(5,0) : 33
(48,0) : 8
(1,0) : 137
(6,1) : 3
(36,1) : 2
(46,2) : 3
(47,3) : 1
(30,1) : 1
(18,1) : 1
(32,0) : 1
(12,0) : 14
(45,3) : 2
(31,0) : 2
(30,0) : 2
(6,0) : 32
(8,1) : 1
(20,0) : 1
(36,0) : 1
(26,0) : 1
(47,0) : 2
(4,1) : 2
(46,3) : 2
(21,0) : 1
(42,2) : 1
(25,0) : 1
(22,0) : 1
(13,0) : 12
(33,0) : 1
(22,1) : 1
(2,2) : 1
(7,1) : 2
(19,1) : 1
(23,1) : 1
(12,1) : 1
(15,1) : 1
(2,1) : 1
(11,1) : 1
(5,1) : 1
