pop size : 10000, betaG : 0.08500, lambdaH : 0.10000, lambdaW : 0.00100, gamma : 0.12500, Tmax : 150.00, threshold of infected : 0.010
0.37 0.32 0.13 0.12 0.04 0.02 
0.2192 0.12 0.08 0.06 0.05 0.045 0.04 0.035 0.03 0.02 0.02 0.02 0.015 0.015 0.015 0.015 0.001 0.001 0.001 0.001 0.001 0.001 0.001 0.001 0.001 0.001 0.001 0.001 0.001 0.001 0.001 0.001 0.001 0.001 0.001 0.001 0.001 0.001 0.001 0.001 0.001 0.0001 0.0001 0.0001 0.0001 0.0001 0.0001 0.0001 0.0001 0.175 
Proportion of infected at cutoff : 0.0100
Proportion of susceptibles at cutoff : 0.9768
(50,0) : 46
(21,1) : 1
(1,0) : 183
(21,0) : 1
(49,0) : 22
(48,0) : 10
(2,0) : 90
(49,1) : 17
(16,1) : 1
(9,0) : 21
(32,0) : 2
(10,0) : 16
(45,0) : 1
(31,2) : 1
(5,0) : 32
(11,0) : 13
(47,1) : 6
(8,0) : 39
(4,0) : 34
(6,2) : 1
(48,1) : 10
(13,0) : 11
(15,0) : 10
(43,2) : 1
(48,2) : 4
(26,0) : 2
(2,1) : 3
(6,0) : 32
(31,1) : 1
(14,0) : 13
(14,1) : 2
(43,4) : 1
(47,3) : 4
(40,0) : 1
(47,2) : 1
(12,0) : 17
(3,0) : 59
(16,0) : 7
(18,0) : 1
(46,0) : 1
(17,0) : 2
(7,0) : 32
(33,1) : 1
(8,1) : 2
(47,0) : 1
(39,1) : 1
(23,0) : 1
(15,1) : 3
(22,0) : 1
(3,1) : 2
(11,1) : 2
(13,1) : 2
(29,1) : 1
(7,1) : 1
(37,0) : 1
(36,0) : 1
(9,1) : 2
(29,0) : 1
(0,0) : 2
(10,1) : 3
(5,1) : 2
(4,1) : 2
(6,1) : 2
(1,1) : 1
