pop size : 10000, betaG : 0.08500, lambdaH : 0.10000, lambdaW : 0.00100, gamma : 0.12500, Tmax : 150.00, threshold of infected : 0.010
0.37 0.32 0.13 0.12 0.04 0.02 
0.2192 0.12 0.08 0.06 0.05 0.045 0.04 0.035 0.03 0.02 0.02 0.02 0.015 0.015 0.015 0.015 0.001 0.001 0.001 0.001 0.001 0.001 0.001 0.001 0.001 0.001 0.001 0.001 0.001 0.001 0.001 0.001 0.001 0.001 0.001 0.001 0.001 0.001 0.001 0.001 0.001 0.0001 0.0001 0.0001 0.0001 0.0001 0.0001 0.0001 0.0001 0.175 
Proportion of infected at cutoff : 0.0100
Proportion of susceptibles at cutoff : 0.9799
(47,2) : 2
(8,0) : 23
(50,0) : 60
(48,0) : 6
(14,0) : 13
(48,1) : 9
(4,0) : 40
(47,3) : 1
(12,0) : 13
(49,1) : 21
(46,2) : 8
(28,0) : 1
(7,0) : 25
(26,0) : 2
(49,0) : 20
(47,0) : 1
(3,0) : 57
(9,0) : 18
(1,0) : 149
(10,0) : 16
(2,0) : 71
(47,1) : 2
(13,0) : 9
(5,0) : 23
(15,0) : 13
(19,1) : 1
(11,1) : 3
(30,0) : 1
(11,0) : 12
(48,2) : 4
(44,2) : 1
(18,0) : 3
(6,0) : 23
(46,0) : 1
(32,0) : 1
(23,0) : 1
(46,1) : 1
(46,3) : 2
(13,1) : 2
(23,1) : 1
(14,1) : 2
(5,1) : 1
(16,0) : 3
(44,4) : 1
(41,0) : 1
(30,2) : 1
(20,0) : 1
(8,1) : 2
(3,1) : 2
(21,0) : 1
(27,0) : 1
(24,0) : 1
(5,2) : 1
(7,1) : 1
(12,1) : 1
(6,1) : 1
(0,1) : 2
(2,1) : 1
