pop size : 10000, betaG : 0.08500, lambdaH : 0.10000, lambdaW : 0.00100, gamma : 0.12500, Tmax : 150.00, threshold of infected : 0.010
0.37 0.32 0.13 0.12 0.04 0.02 
0.2192 0.12 0.08 0.06 0.05 0.045 0.04 0.035 0.03 0.02 0.02 0.02 0.015 0.015 0.015 0.015 0.001 0.001 0.001 0.001 0.001 0.001 0.001 0.001 0.001 0.001 0.001 0.001 0.001 0.001 0.001 0.001 0.001 0.001 0.001 0.001 0.001 0.001 0.001 0.001 0.001 0.0001 0.0001 0.0001 0.0001 0.0001 0.0001 0.0001 0.0001 0.175 
Proportion of infected at cutoff : 0.0100
Proportion of susceptibles at cutoff : 0.9738
(47,3) : 2
(5,0) : 41
(50,0) : 44
(49,1) : 13
(49,0) : 24
(1,0) : 164
(48,1) : 13
(46,0) : 5
(37,0) : 1
(15,0) : 9
(9,0) : 18
(48,0) : 8
(13,0) : 7
(44,2) : 1
(10,0) : 19
(46,3) : 2
(3,0) : 56
(8,0) : 25
(16,0) : 10
(47,2) : 8
(40,1) : 1
(42,5) : 1
(25,0) : 4
(9,1) : 1
(48,2) : 4
(7,0) : 31
(2,0) : 70
(47,0) : 3
(47,1) : 4
(11,0) : 10
(11,1) : 1
(27,0) : 2
(4,0) : 47
(26,0) : 1
(33,0) : 2
(14,0) : 11
(43,3) : 1
(30,1) : 1
(6,0) : 15
(46,1) : 2
(12,0) : 11
(7,2) : 1
(5,1) : 3
(46,2) : 1
(34,1) : 1
(19,1) : 1
(32,0) : 1
(10,1) : 1
(28,0) : 1
(4,1) : 2
(19,0) : 1
(18,0) : 2
(2,1) : 1
(14,1) : 1
(22,1) : 1
(0,0) : 2
(6,1) : 1
(3,1) : 2
