pop size : 10000, betaG : 0.08500, lambdaH : 0.10000, lambdaW : 0.00100, gamma : 0.12500, Tmax : 150.00, threshold of infected : 0.010
0.37 0.32 0.13 0.12 0.04 0.02 
0.2192 0.12 0.08 0.06 0.05 0.045 0.04 0.035 0.03 0.02 0.02 0.02 0.015 0.015 0.015 0.015 0.001 0.001 0.001 0.001 0.001 0.001 0.001 0.001 0.001 0.001 0.001 0.001 0.001 0.001 0.001 0.001 0.001 0.001 0.001 0.001 0.001 0.001 0.001 0.001 0.001 0.0001 0.0001 0.0001 0.0001 0.0001 0.0001 0.0001 0.0001 0.175 
Proportion of infected at cutoff : 0.0100
Proportion of susceptibles at cutoff : 0.9823
(10,0) : 14
(9,0) : 24
(50,0) : 63
(7,0) : 35
(11,0) : 21
(49,0) : 13
(49,1) : 17
(22,1) : 1
(4,0) : 35
(13,0) : 14
(12,0) : 18
(48,0) : 8
(16,0) : 9
(48,2) : 7
(47,1) : 2
(8,0) : 27
(48,1) : 6
(14,0) : 10
(45,3) : 2
(1,0) : 181
(47,3) : 3
(41,0) : 1
(2,0) : 93
(46,4) : 1
(47,2) : 2
(15,0) : 14
(13,1) : 2
(6,0) : 35
(37,0) : 1
(3,0) : 59
(7,1) : 2
(44,3) : 1
(5,0) : 29
(45,0) : 1
(46,3) : 1
(14,1) : 1
(15,1) : 3
(45,5) : 1
(39,0) : 1
(25,1) : 1
(6,1) : 3
(2,1) : 2
(8,1) : 2
(34,1) : 1
(28,0) : 3
(26,1) : 1
(18,0) : 2
(12,1) : 1
(11,1) : 1
(29,0) : 1
(4,1) : 3
(21,0) : 1
(5,1) : 1
(0,1) : 2
