pop size : 10000, betaG : 0.08500, lambdaH : 0.10000, lambdaW : 0.00100, gamma : 0.12500, Tmax : 150.00, threshold of infected : 0.010
0.37 0.32 0.13 0.12 0.04 0.02 
0.2192 0.12 0.08 0.06 0.05 0.045 0.04 0.035 0.03 0.02 0.02 0.02 0.015 0.015 0.015 0.015 0.001 0.001 0.001 0.001 0.001 0.001 0.001 0.001 0.001 0.001 0.001 0.001 0.001 0.001 0.001 0.001 0.001 0.001 0.001 0.001 0.001 0.001 0.001 0.001 0.001 0.0001 0.0001 0.0001 0.0001 0.0001 0.0001 0.0001 0.0001 0.175 
Proportion of infected at cutoff : 0.0100
Proportion of susceptibles at cutoff : 0.9803
(50,0) : 51
(9,0) : 24
(15,1) : 4
(1,0) : 145
(49,0) : 22
(15,0) : 9
(2,0) : 96
(18,0) : 3
(47,1) : 4
(49,1) : 23
(36,0) : 2
(3,0) : 51
(47,2) : 5
(11,0) : 10
(12,0) : 15
(5,0) : 41
(48,1) : 10
(46,2) : 4
(48,0) : 3
(48,2) : 6
(47,0) : 2
(13,0) : 5
(14,1) : 2
(16,0) : 8
(47,3) : 2
(6,0) : 28
(12,1) : 1
(8,0) : 23
(4,0) : 38
(38,1) : 1
(6,1) : 2
(10,0) : 14
(18,1) : 1
(28,1) : 1
(7,0) : 35
(19,0) : 1
(33,0) : 1
(25,0) : 3
(46,3) : 1
(31,0) : 1
(39,0) : 1
(14,0) : 4
(30,0) : 1
(42,1) : 1
(32,1) : 1
(27,0) : 1
(26,0) : 1
(21,0) : 1
(17,0) : 1
(39,1) : 1
(10,1) : 1
(8,1) : 1
(25,1) : 1
(13,1) : 1
(7,1) : 1
(5,1) : 1
(0,0) : 1
(0,1) : 3
