pop size : 10000, betaG : 0.08500, lambdaH : 0.10000, lambdaW : 0.00100, gamma : 0.12500, Tmax : 150.00, threshold of infected : 0.010
0.37 0.32 0.13 0.12 0.04 0.02 
0.2192 0.12 0.08 0.06 0.05 0.045 0.04 0.035 0.03 0.02 0.02 0.02 0.015 0.015 0.015 0.015 0.001 0.001 0.001 0.001 0.001 0.001 0.001 0.001 0.001 0.001 0.001 0.001 0.001 0.001 0.001 0.001 0.001 0.001 0.001 0.001 0.001 0.001 0.001 0.001 0.001 0.0001 0.0001 0.0001 0.0001 0.0001 0.0001 0.0001 0.0001 0.175 
Proportion of infected at cutoff : 0.0100
Proportion of susceptibles at cutoff : 0.9799
(48,0) : 9
(49,1) : 25
(49,0) : 17
(24,0) : 3
(9,0) : 28
(22,0) : 1
(5,0) : 31
(50,0) : 54
(47,2) : 3
(48,2) : 6
(6,0) : 23
(46,3) : 1
(7,0) : 27
(25,0) : 1
(22,1) : 1
(3,0) : 62
(48,1) : 5
(47,0) : 1
(13,0) : 8
(2,0) : 92
(3,1) : 3
(45,5) : 1
(14,1) : 3
(45,1) : 1
(40,1) : 1
(42,6) : 1
(11,0) : 15
(12,0) : 11
(16,0) : 7
(4,0) : 46
(6,1) : 2
(47,1) : 3
(27,0) : 2
(13,1) : 3
(36,0) : 2
(38,2) : 1
(1,0) : 149
(10,0) : 19
(14,0) : 12
(45,0) : 1
(15,0) : 12
(8,0) : 27
(46,1) : 1
(46,0) : 1
(39,0) : 1
(30,0) : 1
(40,0) : 1
(10,1) : 2
(2,1) : 3
(17,1) : 1
(21,1) : 1
(8,1) : 2
(29,0) : 1
(24,1) : 1
(23,0) : 1
(5,1) : 3
(0,0) : 3
(1,1) : 2
(4,1) : 1
(0,1) : 2
