pop size : 10000, betaG : 0.08500, lambdaH : 0.10000, lambdaW : 0.00100, gamma : 0.12500, Tmax : 150.00, threshold of infected : 0.010
0.37 0.32 0.13 0.12 0.04 0.02 
0.2192 0.12 0.08 0.06 0.05 0.045 0.04 0.035 0.03 0.02 0.02 0.02 0.015 0.015 0.015 0.015 0.001 0.001 0.001 0.001 0.001 0.001 0.001 0.001 0.001 0.001 0.001 0.001 0.001 0.001 0.001 0.001 0.001 0.001 0.001 0.001 0.001 0.001 0.001 0.001 0.001 0.0001 0.0001 0.0001 0.0001 0.0001 0.0001 0.0001 0.0001 0.175 
Proportion of infected at cutoff : 0.0100
Proportion of susceptibles at cutoff : 0.9763
(49,0) : 21
(8,0) : 25
(4,0) : 53
(50,0) : 46
(49,1) : 14
(48,2) : 7
(25,0) : 1
(2,0) : 104
(46,2) : 1
(48,1) : 6
(14,0) : 10
(13,0) : 13
(7,0) : 34
(15,0) : 14
(47,0) : 5
(3,0) : 54
(47,3) : 1
(46,1) : 1
(28,0) : 1
(31,1) : 2
(12,0) : 20
(48,0) : 4
(9,0) : 17
(6,0) : 26
(20,1) : 3
(1,0) : 181
(5,0) : 34
(35,1) : 1
(47,1) : 7
(11,0) : 14
(19,0) : 2
(10,1) : 2
(10,0) : 22
(39,0) : 1
(46,3) : 1
(41,0) : 1
(16,0) : 8
(36,0) : 3
(45,4) : 2
(42,3) : 1
(14,1) : 1
(21,0) : 1
(43,3) : 1
(44,0) : 1
(28,1) : 2
(40,0) : 1
(31,0) : 1
(47,2) : 1
(43,0) : 1
(21,1) : 1
(32,1) : 1
(29,0) : 1
(12,2) : 1
(33,0) : 1
(32,0) : 1
(29,1) : 1
(9,1) : 2
(12,1) : 1
(6,1) : 2
(11,1) : 1
(23,1) : 1
(7,1) : 1
(8,1) : 2
(1,1) : 4
(20,0) : 1
(2,1) : 2
(0,1) : 2
(0,0) : 1
