pop size : 10000, betaG : 0.08500, lambdaH : 0.10000, lambdaW : 0.00100, gamma : 0.12500, Tmax : 150.00, threshold of infected : 0.010
0.37 0.32 0.13 0.12 0.04 0.02 
0.2192 0.12 0.08 0.06 0.05 0.045 0.04 0.035 0.03 0.02 0.02 0.02 0.015 0.015 0.015 0.015 0.001 0.001 0.001 0.001 0.001 0.001 0.001 0.001 0.001 0.001 0.001 0.001 0.001 0.001 0.001 0.001 0.001 0.001 0.001 0.001 0.001 0.001 0.001 0.001 0.001 0.0001 0.0001 0.0001 0.0001 0.0001 0.0001 0.0001 0.0001 0.175 
Proportion of infected at cutoff : 0.0100
Proportion of susceptibles at cutoff : 0.9764
(4,1) : 3
(50,0) : 50
(49,1) : 19
(6,0) : 37
(49,0) : 18
(7,0) : 23
(9,0) : 26
(48,1) : 11
(48,2) : 5
(4,0) : 54
(16,0) : 13
(35,0) : 2
(46,1) : 3
(8,0) : 27
(48,0) : 6
(23,0) : 1
(14,0) : 10
(45,2) : 3
(12,0) : 11
(29,0) : 1
(45,3) : 1
(46,0) : 2
(3,0) : 60
(24,0) : 2
(10,0) : 16
(47,1) : 6
(5,0) : 34
(11,0) : 12
(46,3) : 1
(47,2) : 2
(46,2) : 1
(14,1) : 4
(13,1) : 1
(5,1) : 2
(28,1) : 2
(33,0) : 1
(15,0) : 7
(9,1) : 1
(8,1) : 3
(2,0) : 104
(1,0) : 171
(31,0) : 1
(15,1) : 1
(31,1) : 1
(22,0) : 2
(0,1) : 1
(3,1) : 1
(43,4) : 1
(13,0) : 6
(45,1) : 1
(34,1) : 1
(47,0) : 1
(29,1) : 1
(0,0) : 3
(6,1) : 2
(11,1) : 2
(10,1) : 1
(17,0) : 2
(1,1) : 1
