pop size : 10000, betaG : 0.08500, lambdaH : 0.10000, lambdaW : 0.00100, gamma : 0.12500, Tmax : 150.00, threshold of infected : 0.010
0.37 0.32 0.13 0.12 0.04 0.02 
0.2192 0.12 0.08 0.06 0.05 0.045 0.04 0.035 0.03 0.02 0.02 0.02 0.015 0.015 0.015 0.015 0.001 0.001 0.001 0.001 0.001 0.001 0.001 0.001 0.001 0.001 0.001 0.001 0.001 0.001 0.001 0.001 0.001 0.001 0.001 0.001 0.001 0.001 0.001 0.001 0.001 0.0001 0.0001 0.0001 0.0001 0.0001 0.0001 0.0001 0.0001 0.175 
Proportion of infected at cutoff : 0.0100
Proportion of susceptibles at cutoff : 0.9726
(18,0) : 2
(5,0) : 37
(50,0) : 41
(8,0) : 22
(14,0) : 8
(41,0) : 2
(49,0) : 22
(6,0) : 31
(2,0) : 91
(36,0) : 2
(4,0) : 52
(45,1) : 2
(13,0) : 13
(12,0) : 11
(15,1) : 3
(48,1) : 9
(33,0) : 1
(25,0) : 2
(15,0) : 16
(46,2) : 1
(47,2) : 2
(9,0) : 30
(47,0) : 7
(10,0) : 14
(48,0) : 12
(48,2) : 7
(46,1) : 2
(45,2) : 1
(44,0) : 1
(7,0) : 28
(3,0) : 49
(49,1) : 12
(9,1) : 3
(46,3) : 3
(44,3) : 1
(11,0) : 12
(47,1) : 6
(20,0) : 2
(7,1) : 2
(1,0) : 158
(28,0) : 2
(3,1) : 4
(16,0) : 5
(40,0) : 1
(0,0) : 4
(14,1) : 1
(13,1) : 1
(6,1) : 6
(45,0) : 1
(14,2) : 1
(11,2) : 1
(5,1) : 1
(11,1) : 1
(12,1) : 1
(16,1) : 1
(31,1) : 1
(10,1) : 1
(17,0) : 1
(4,1) : 1
(1,1) : 3
(0,1) : 1
