pop size : 10000, betaG : 0.08500, lambdaH : 0.10000, lambdaW : 0.00100, gamma : 0.12500, Tmax : 150.00, threshold of infected : 0.010
0.37 0.32 0.13 0.12 0.04 0.02 
0.2192 0.12 0.08 0.06 0.05 0.045 0.04 0.035 0.03 0.02 0.02 0.02 0.015 0.015 0.015 0.015 0.001 0.001 0.001 0.001 0.001 0.001 0.001 0.001 0.001 0.001 0.001 0.001 0.001 0.001 0.001 0.001 0.001 0.001 0.001 0.001 0.001 0.001 0.001 0.001 0.001 0.0001 0.0001 0.0001 0.0001 0.0001 0.0001 0.0001 0.0001 0.175 
Proportion of infected at cutoff : 0.0100
Proportion of susceptibles at cutoff : 0.9766
(39,1) : 2
(9,0) : 30
(49,0) : 20
(50,0) : 48
(7,0) : 26
(21,1) : 1
(46,0) : 1
(15,0) : 12
(31,1) : 2
(49,1) : 10
(28,0) : 2
(40,0) : 1
(30,0) : 2
(13,0) : 11
(46,2) : 2
(48,0) : 7
(31,0) : 1
(1,0) : 165
(48,1) : 12
(44,1) : 1
(47,2) : 3
(14,0) : 12
(6,0) : 45
(8,0) : 35
(5,0) : 34
(2,0) : 105
(32,0) : 1
(28,4) : 1
(48,2) : 6
(44,2) : 1
(12,0) : 10
(24,0) : 1
(4,0) : 43
(5,1) : 4
(11,0) : 15
(16,0) : 7
(19,0) : 2
(10,0) : 14
(12,1) : 2
(47,1) : 2
(40,1) : 1
(44,3) : 1
(3,0) : 59
(13,1) : 1
(7,1) : 3
(34,0) : 2
(10,1) : 2
(25,0) : 1
(40,5) : 1
(46,1) : 1
(33,0) : 1
(22,0) : 1
(39,0) : 3
(45,0) : 1
(29,0) : 1
(6,1) : 4
(17,1) : 1
(15,1) : 2
(30,1) : 1
(21,0) : 1
(4,1) : 2
(47,3) : 1
(14,1) : 2
(11,1) : 2
(0,0) : 4
(3,1) : 1
(2,1) : 2
