pop size : 10000, betaG : 0.08500, lambdaH : 0.10000, lambdaW : 0.00100, gamma : 0.12500, Tmax : 150.00, threshold of infected : 0.010
0.37 0.32 0.13 0.12 0.04 0.02 
0.2192 0.12 0.08 0.06 0.05 0.045 0.04 0.035 0.03 0.02 0.02 0.02 0.015 0.015 0.015 0.015 0.001 0.001 0.001 0.001 0.001 0.001 0.001 0.001 0.001 0.001 0.001 0.001 0.001 0.001 0.001 0.001 0.001 0.001 0.001 0.001 0.001 0.001 0.001 0.001 0.001 0.0001 0.0001 0.0001 0.0001 0.0001 0.0001 0.0001 0.0001 0.175 
Proportion of infected at cutoff : 0.0100
Proportion of susceptibles at cutoff : 0.9716
(44,2) : 1
(6,0) : 26
(50,0) : 39
(9,0) : 25
(49,1) : 12
(48,0) : 15
(48,1) : 10
(4,0) : 42
(22,1) : 1
(15,0) : 9
(49,0) : 29
(47,0) : 1
(14,0) : 15
(11,0) : 13
(29,1) : 1
(40,0) : 1
(35,1) : 1
(12,0) : 14
(8,0) : 34
(1,0) : 182
(2,0) : 85
(27,0) : 2
(4,1) : 2
(47,1) : 3
(29,0) : 1
(10,0) : 17
(44,1) : 2
(9,1) : 4
(48,2) : 3
(46,0) : 1
(21,0) : 1
(47,3) : 2
(41,2) : 1
(16,0) : 9
(46,1) : 1
(46,2) : 1
(10,1) : 1
(5,0) : 36
(7,0) : 30
(45,4) : 1
(23,0) : 2
(3,0) : 62
(3,1) : 4
(26,0) : 1
(45,2) : 1
(45,3) : 1
(13,0) : 8
(13,1) : 1
(47,2) : 2
(46,4) : 1
(35,0) : 1
(46,3) : 1
(22,0) : 1
(44,0) : 1
(39,0) : 1
(15,1) : 4
(2,1) : 3
(16,1) : 1
(12,1) : 1
(19,1) : 1
(11,1) : 1
(0,1) : 3
(14,1) : 1
(5,1) : 2
(0,0) : 5
(6,1) : 1
(1,1) : 1
