pop size : 10000, betaG : 0.08500, lambdaH : 0.10000, lambdaW : 0.00100, gamma : 0.12500, Tmax : 150.00, threshold of infected : 0.010
0.37 0.32 0.13 0.12 0.04 0.02 
0.2192 0.12 0.08 0.06 0.05 0.045 0.04 0.035 0.03 0.02 0.02 0.02 0.015 0.015 0.015 0.015 0.001 0.001 0.001 0.001 0.001 0.001 0.001 0.001 0.001 0.001 0.001 0.001 0.001 0.001 0.001 0.001 0.001 0.001 0.001 0.001 0.001 0.001 0.001 0.001 0.001 0.0001 0.0001 0.0001 0.0001 0.0001 0.0001 0.0001 0.0001 0.175 
Proportion of infected at cutoff : 0.0100
Proportion of susceptibles at cutoff : 0.9823
(50,0) : 57
(26,0) : 1
(36,1) : 1
(40,0) : 1
(19,0) : 1
(2,0) : 97
(48,0) : 1
(6,0) : 36
(48,1) : 8
(49,1) : 26
(13,0) : 10
(4,0) : 47
(28,1) : 1
(34,0) : 2
(44,2) : 1
(47,2) : 1
(8,0) : 29
(29,1) : 1
(10,0) : 13
(48,2) : 5
(49,0) : 17
(28,0) : 1
(11,0) : 11
(16,0) : 17
(14,0) : 10
(9,0) : 22
(36,0) : 1
(47,1) : 2
(13,1) : 1
(12,0) : 15
(1,0) : 173
(46,2) : 2
(27,0) : 1
(43,4) : 1
(7,0) : 31
(12,1) : 2
(6,1) : 3
(3,0) : 73
(46,1) : 2
(5,0) : 28
(17,0) : 1
(15,0) : 12
(47,3) : 1
(8,1) : 3
(35,0) : 1
(34,1) : 1
(46,3) : 2
(21,0) : 1
(30,1) : 1
(3,1) : 2
(35,1) : 1
(39,0) : 1
(0,1) : 3
(18,3) : 1
(18,0) : 1
(11,1) : 1
(5,1) : 2
(4,1) : 1
(9,1) : 1
(7,1) : 1
(2,1) : 1
(1,1) : 1
