pop size : 10000, betaG : 0.08500, lambdaH : 0.10000, lambdaW : 0.00100, gamma : 0.12500, Tmax : 150.00, threshold of infected : 0.010
0.37 0.32 0.13 0.12 0.04 0.02 
0.2192 0.12 0.08 0.06 0.05 0.045 0.04 0.035 0.03 0.02 0.02 0.02 0.015 0.015 0.015 0.015 0.001 0.001 0.001 0.001 0.001 0.001 0.001 0.001 0.001 0.001 0.001 0.001 0.001 0.001 0.001 0.001 0.001 0.001 0.001 0.001 0.001 0.001 0.001 0.001 0.001 0.0001 0.0001 0.0001 0.0001 0.0001 0.0001 0.0001 0.0001 0.175 
Proportion of infected at cutoff : 0.0100
Proportion of susceptibles at cutoff : 0.9693
(33,0) : 1
(48,2) : 5
(48,1) : 3
(8,1) : 3
(1,0) : 159
(49,0) : 33
(47,1) : 7
(46,1) : 3
(48,0) : 13
(36,0) : 1
(49,1) : 15
(4,0) : 46
(37,2) : 1
(21,0) : 1
(45,2) : 1
(42,2) : 1
(39,3) : 1
(24,0) : 2
(11,0) : 26
(45,0) : 1
(7,0) : 31
(15,0) : 15
(50,0) : 26
(47,2) : 2
(10,1) : 2
(44,0) : 1
(5,0) : 34
(47,3) : 2
(38,0) : 1
(14,0) : 5
(6,0) : 40
(3,0) : 62
(13,0) : 8
(47,0) : 4
(2,0) : 80
(43,2) : 1
(8,0) : 24
(29,1) : 1
(10,0) : 19
(16,0) : 8
(28,0) : 3
(36,1) : 2
(9,0) : 15
(35,0) : 3
(13,2) : 1
(35,1) : 1
(23,0) : 1
(2,1) : 3
(34,0) : 1
(31,0) : 1
(17,2) : 1
(6,1) : 2
(27,0) : 1
(12,0) : 12
(30,0) : 1
(29,0) : 1
(26,0) : 1
(27,1) : 1
(20,1) : 1
(9,1) : 1
(17,0) : 1
(43,3) : 1
(39,0) : 1
(11,1) : 1
(5,1) : 2
(38,1) : 1
(22,0) : 1
(16,2) : 1
(12,1) : 2
(22,3) : 1
(4,1) : 1
(0,1) : 1
(3,1) : 3
(1,1) : 1
(0,0) : 2
