pop size : 10000, betaG : 0.08500, lambdaH : 0.10000, lambdaW : 0.00100, gamma : 0.12500, Tmax : 150.00, threshold of infected : 0.010
0.37 0.32 0.13 0.12 0.04 0.02 
0.2192 0.12 0.08 0.06 0.05 0.045 0.04 0.035 0.03 0.02 0.02 0.02 0.015 0.015 0.015 0.015 0.001 0.001 0.001 0.001 0.001 0.001 0.001 0.001 0.001 0.001 0.001 0.001 0.001 0.001 0.001 0.001 0.001 0.001 0.001 0.001 0.001 0.001 0.001 0.001 0.001 0.0001 0.0001 0.0001 0.0001 0.0001 0.0001 0.0001 0.0001 0.175 
Proportion of infected at cutoff : 0.0100
Proportion of susceptibles at cutoff : 0.9809
(50,0) : 58
(48,1) : 9
(48,2) : 4
(49,1) : 21
(9,0) : 12
(13,0) : 11
(49,0) : 26
(1,0) : 175
(7,0) : 29
(8,0) : 28
(48,0) : 2
(6,0) : 34
(47,2) : 2
(43,2) : 2
(47,1) : 1
(15,0) : 8
(12,0) : 16
(6,1) : 4
(11,0) : 11
(46,1) : 2
(4,0) : 47
(25,1) : 1
(5,0) : 37
(11,1) : 3
(47,3) : 3
(31,0) : 2
(18,0) : 2
(20,0) : 1
(2,0) : 96
(14,1) : 2
(3,0) : 56
(39,0) : 3
(41,0) : 1
(10,0) : 21
(38,2) : 1
(15,1) : 3
(14,0) : 14
(25,0) : 1
(7,1) : 3
(34,0) : 1
(10,1) : 3
(17,0) : 1
(3,1) : 3
(22,1) : 1
(46,3) : 1
(5,1) : 1
(13,1) : 2
(2,2) : 1
(9,1) : 1
(36,0) : 1
(4,1) : 1
(21,1) : 1
(2,1) : 2
(0,1) : 3
(16,0) : 1
(1,1) : 1
