pop size : 10000, betaG : 0.08500, lambdaH : 0.10000, lambdaW : 0.00100, gamma : 0.12500, Tmax : 150.00, threshold of infected : 0.010
0.37 0.32 0.13 0.12 0.04 0.02 
0.2192 0.12 0.08 0.06 0.05 0.045 0.04 0.035 0.03 0.02 0.02 0.02 0.015 0.015 0.015 0.015 0.001 0.001 0.001 0.001 0.001 0.001 0.001 0.001 0.001 0.001 0.001 0.001 0.001 0.001 0.001 0.001 0.001 0.001 0.001 0.001 0.001 0.001 0.001 0.001 0.001 0.0001 0.0001 0.0001 0.0001 0.0001 0.0001 0.0001 0.0001 0.175 
Proportion of infected at cutoff : 0.0100
Proportion of susceptibles at cutoff : 0.9806
(49,1) : 18
(50,0) : 54
(3,0) : 62
(6,0) : 32
(48,1) : 10
(4,0) : 47
(13,0) : 15
(35,1) : 1
(48,2) : 5
(8,0) : 30
(9,1) : 3
(7,0) : 24
(1,0) : 181
(2,0) : 112
(47,3) : 1
(49,0) : 19
(16,0) : 9
(46,1) : 1
(14,0) : 10
(46,2) : 2
(25,0) : 2
(12,0) : 9
(10,0) : 21
(15,0) : 14
(5,0) : 32
(46,0) : 1
(15,1) : 3
(48,0) : 6
(37,0) : 2
(38,0) : 1
(38,1) : 1
(47,1) : 2
(24,0) : 1
(11,0) : 13
(6,1) : 5
(36,2) : 1
(47,2) : 5
(26,2) : 1
(46,3) : 1
(11,1) : 2
(21,0) : 2
(5,1) : 3
(9,0) : 17
(12,1) : 2
(36,0) : 1
(14,1) : 3
(34,0) : 1
(4,1) : 1
(20,1) : 1
(47,0) : 1
(32,0) : 1
(11,2) : 1
(10,1) : 2
(0,0) : 3
(13,1) : 2
(7,1) : 2
(22,0) : 1
(1,1) : 1
(2,1) : 1
