pop size : 10000, betaG : 0.08500, lambdaH : 0.10000, lambdaW : 0.00100, gamma : 0.12500, Tmax : 150.00, threshold of infected : 0.010
0.37 0.32 0.13 0.12 0.04 0.02 
0.2192 0.12 0.08 0.06 0.05 0.045 0.04 0.035 0.03 0.02 0.02 0.02 0.015 0.015 0.015 0.015 0.001 0.001 0.001 0.001 0.001 0.001 0.001 0.001 0.001 0.001 0.001 0.001 0.001 0.001 0.001 0.001 0.001 0.001 0.001 0.001 0.001 0.001 0.001 0.001 0.001 0.0001 0.0001 0.0001 0.0001 0.0001 0.0001 0.0001 0.0001 0.175 
Proportion of infected at cutoff : 0.0100
Proportion of susceptibles at cutoff : 0.9823
(37,1) : 1
(49,1) : 17
(3,0) : 52
(28,1) : 1
(50,0) : 68
(4,0) : 38
(8,0) : 28
(49,0) : 18
(12,0) : 12
(15,0) : 12
(14,1) : 4
(5,0) : 34
(47,1) : 3
(9,0) : 22
(6,0) : 38
(32,1) : 1
(4,1) : 2
(11,0) : 18
(44,5) : 1
(39,9) : 1
(2,0) : 67
(14,0) : 7
(1,0) : 125
(48,1) : 9
(7,0) : 27
(34,0) : 1
(20,0) : 2
(48,2) : 6
(46,2) : 1
(47,2) : 3
(46,1) : 1
(48,0) : 4
(39,1) : 1
(29,0) : 1
(26,0) : 1
(12,1) : 2
(16,0) : 5
(13,0) : 8
(25,0) : 1
(2,1) : 3
(47,3) : 2
(21,0) : 2
(10,0) : 11
(17,0) : 1
(32,0) : 1
(22,0) : 1
(22,1) : 1
(41,0) : 1
(46,3) : 1
(13,1) : 3
(6,1) : 1
(33,0) : 1
(29,1) : 1
(15,1) : 1
(5,1) : 2
(9,1) : 1
(8,1) : 1
(0,1) : 1
(0,0) : 1
