pop size : 10000, betaG : 0.08500, lambdaH : 0.10000, lambdaW : 0.00100, gamma : 0.12500, Tmax : 150.00, threshold of infected : 0.010
0.37 0.32 0.13 0.12 0.04 0.02 
0.2192 0.12 0.08 0.06 0.05 0.045 0.04 0.035 0.03 0.02 0.02 0.02 0.015 0.015 0.015 0.015 0.001 0.001 0.001 0.001 0.001 0.001 0.001 0.001 0.001 0.001 0.001 0.001 0.001 0.001 0.001 0.001 0.001 0.001 0.001 0.001 0.001 0.001 0.001 0.001 0.001 0.0001 0.0001 0.0001 0.0001 0.0001 0.0001 0.0001 0.0001 0.175 
Proportion of infected at cutoff : 0.0100
Proportion of susceptibles at cutoff : 0.9772
(48,1) : 9
(40,0) : 2
(6,0) : 25
(50,0) : 57
(37,1) : 1
(49,0) : 16
(48,0) : 15
(11,0) : 16
(43,5) : 1
(47,1) : 3
(3,0) : 61
(47,2) : 2
(47,0) : 2
(13,0) : 5
(49,1) : 20
(11,1) : 1
(38,1) : 1
(7,0) : 29
(10,0) : 17
(2,0) : 95
(1,0) : 181
(5,0) : 40
(46,3) : 1
(45,5) : 1
(9,0) : 25
(48,2) : 3
(36,0) : 1
(4,0) : 47
(14,0) : 10
(27,0) : 1
(46,2) : 3
(8,0) : 25
(15,0) : 6
(9,1) : 1
(3,1) : 5
(43,6) : 1
(7,1) : 3
(46,0) : 1
(16,0) : 7
(36,1) : 1
(20,0) : 2
(12,0) : 8
(22,1) : 1
(39,0) : 1
(45,3) : 1
(13,1) : 1
(15,1) : 1
(12,1) : 1
(18,0) : 1
(5,1) : 2
(20,1) : 1
(30,0) : 1
(6,1) : 1
(8,1) : 1
(2,1) : 3
(0,1) : 2
(4,1) : 2
(1,1) : 1
(0,0) : 2
