pop size : 10000, betaG : 0.08500, lambdaH : 0.10000, lambdaW : 0.00100, gamma : 0.12500, Tmax : 150.00, threshold of infected : 0.010
0.37 0.32 0.13 0.12 0.04 0.02 
0.2192 0.12 0.08 0.06 0.05 0.045 0.04 0.035 0.03 0.02 0.02 0.02 0.015 0.015 0.015 0.015 0.001 0.001 0.001 0.001 0.001 0.001 0.001 0.001 0.001 0.001 0.001 0.001 0.001 0.001 0.001 0.001 0.001 0.001 0.001 0.001 0.001 0.001 0.001 0.001 0.001 0.0001 0.0001 0.0001 0.0001 0.0001 0.0001 0.0001 0.0001 0.175 
Proportion of infected at cutoff : 0.0100
Proportion of susceptibles at cutoff : 0.9766
(48,0) : 8
(49,0) : 22
(47,1) : 5
(49,1) : 16
(50,0) : 60
(48,2) : 6
(12,2) : 1
(44,4) : 1
(3,0) : 65
(1,0) : 141
(16,0) : 5
(48,1) : 4
(10,0) : 15
(45,3) : 1
(33,0) : 1
(47,3) : 1
(2,0) : 88
(38,0) : 2
(4,0) : 50
(45,2) : 2
(11,0) : 14
(25,0) : 1
(10,1) : 1
(7,0) : 26
(4,1) : 1
(6,0) : 31
(5,1) : 2
(41,0) : 1
(15,0) : 8
(13,0) : 17
(5,0) : 25
(26,0) : 1
(12,0) : 13
(46,1) : 1
(29,0) : 1
(8,0) : 20
(30,0) : 1
(47,2) : 3
(14,0) : 8
(9,0) : 18
(17,1) : 1
(33,1) : 1
(46,2) : 1
(46,4) : 1
(43,2) : 1
(38,5) : 1
(13,1) : 2
(39,1) : 1
(3,1) : 3
(45,1) : 1
(45,0) : 1
(32,0) : 1
(15,1) : 1
(47,0) : 1
(8,1) : 3
(0,0) : 2
(1,1) : 1
(9,1) : 1
(7,1) : 2
(6,1) : 4
(21,0) : 1
(0,1) : 1
(2,1) : 1
