pop size : 10000, betaG : 0.08500, lambdaH : 0.10000, lambdaW : 0.00100, gamma : 0.12500, Tmax : 150.00, threshold of infected : 0.010
0.37 0.32 0.13 0.12 0.04 0.02 
0.2192 0.12 0.08 0.06 0.05 0.045 0.04 0.035 0.03 0.02 0.02 0.02 0.015 0.015 0.015 0.015 0.001 0.001 0.001 0.001 0.001 0.001 0.001 0.001 0.001 0.001 0.001 0.001 0.001 0.001 0.001 0.001 0.001 0.001 0.001 0.001 0.001 0.001 0.001 0.001 0.001 0.0001 0.0001 0.0001 0.0001 0.0001 0.0001 0.0001 0.0001 0.175 
Proportion of infected at cutoff : 0.0100
Proportion of susceptibles at cutoff : 0.9758
(49,0) : 20
(48,2) : 3
(50,0) : 48
(47,1) : 7
(32,0) : 1
(13,0) : 13
(1,0) : 180
(49,1) : 15
(9,0) : 21
(42,1) : 1
(3,0) : 55
(48,1) : 12
(2,0) : 105
(48,0) : 7
(8,0) : 37
(41,2) : 1
(46,2) : 3
(11,0) : 17
(15,0) : 13
(5,0) : 37
(47,3) : 2
(8,1) : 1
(12,0) : 19
(6,0) : 35
(4,0) : 44
(7,0) : 32
(37,0) : 1
(45,4) : 1
(32,1) : 1
(38,0) : 1
(46,3) : 2
(47,0) : 1
(12,1) : 2
(46,0) : 2
(35,0) : 1
(26,1) : 1
(39,1) : 1
(16,0) : 7
(14,0) : 8
(38,1) : 1
(45,3) : 1
(10,0) : 13
(29,0) : 1
(14,1) : 2
(47,2) : 1
(41,4) : 1
(6,1) : 4
(27,0) : 1
(5,2) : 1
(19,0) : 1
(1,1) : 2
(13,1) : 1
(10,1) : 1
(11,1) : 2
(21,0) : 1
(2,1) : 2
(20,0) : 1
(17,0) : 1
(4,1) : 1
(5,1) : 1
(7,1) : 1
(0,0) : 1
