pop size : 10000, betaG : 0.08500, lambdaH : 0.10000, lambdaW : 0.00100, gamma : 0.12500, Tmax : 150.00, threshold of infected : 0.010
0.37 0.32 0.13 0.12 0.04 0.02 
0.2192 0.12 0.08 0.06 0.05 0.045 0.04 0.035 0.03 0.02 0.02 0.02 0.015 0.015 0.015 0.015 0.001 0.001 0.001 0.001 0.001 0.001 0.001 0.001 0.001 0.001 0.001 0.001 0.001 0.001 0.001 0.001 0.001 0.001 0.001 0.001 0.001 0.001 0.001 0.001 0.001 0.0001 0.0001 0.0001 0.0001 0.0001 0.0001 0.0001 0.0001 0.175 
Proportion of infected at cutoff : 0.0100
Proportion of susceptibles at cutoff : 0.9759
(50,0) : 48
(49,1) : 9
(49,0) : 21
(6,0) : 29
(9,2) : 1
(3,0) : 64
(46,2) : 1
(27,0) : 2
(11,0) : 16
(48,0) : 10
(2,0) : 93
(47,2) : 4
(7,0) : 25
(4,0) : 29
(8,0) : 22
(46,0) : 1
(47,1) : 5
(48,1) : 15
(10,0) : 19
(5,0) : 33
(36,1) : 1
(24,0) : 2
(12,0) : 12
(46,4) : 2
(15,0) : 11
(46,3) : 1
(9,0) : 22
(30,0) : 3
(48,2) : 5
(1,0) : 151
(36,2) : 1
(16,0) : 11
(14,0) : 13
(31,0) : 1
(35,1) : 1
(11,1) : 4
(15,1) : 1
(33,0) : 1
(47,0) : 4
(47,3) : 3
(5,1) : 3
(40,1) : 1
(10,1) : 4
(40,0) : 1
(38,1) : 1
(8,1) : 3
(28,0) : 2
(35,0) : 2
(13,0) : 5
(0,1) : 1
(3,1) : 1
(17,1) : 1
(21,0) : 1
(6,1) : 2
(2,1) : 1
(23,0) : 1
(0,0) : 5
(4,2) : 1
