pop size : 10000, betaG : 0.08500, lambdaH : 0.10000, lambdaW : 0.00100, gamma : 0.12500, Tmax : 150.00, threshold of infected : 0.010
0.37 0.32 0.13 0.12 0.04 0.02 
0.2192 0.12 0.08 0.06 0.05 0.045 0.04 0.035 0.03 0.02 0.02 0.02 0.015 0.015 0.015 0.015 0.001 0.001 0.001 0.001 0.001 0.001 0.001 0.001 0.001 0.001 0.001 0.001 0.001 0.001 0.001 0.001 0.001 0.001 0.001 0.001 0.001 0.001 0.001 0.001 0.001 0.0001 0.0001 0.0001 0.0001 0.0001 0.0001 0.0001 0.0001 0.175 
Proportion of infected at cutoff : 0.0100
Proportion of susceptibles at cutoff : 0.9777
(4,0) : 51
(40,0) : 3
(17,0) : 2
(2,0) : 87
(6,0) : 37
(50,0) : 54
(46,4) : 2
(49,0) : 24
(49,1) : 13
(25,0) : 3
(5,0) : 41
(48,0) : 6
(12,0) : 12
(13,0) : 14
(10,0) : 16
(48,2) : 4
(15,0) : 12
(46,2) : 1
(45,5) : 1
(47,1) : 5
(38,0) : 2
(46,0) : 1
(9,0) : 20
(16,0) : 9
(3,0) : 55
(24,1) : 1
(22,1) : 1
(45,1) : 1
(7,1) : 2
(11,0) : 17
(48,1) : 5
(1,0) : 163
(14,0) : 6
(47,2) : 6
(9,1) : 1
(46,1) : 3
(6,1) : 3
(44,3) : 1
(7,0) : 22
(8,0) : 22
(26,0) : 1
(36,0) : 3
(47,3) : 1
(47,0) : 1
(4,1) : 2
(13,1) : 1
(10,1) : 2
(13,2) : 1
(14,1) : 1
(0,1) : 4
(19,0) : 1
(12,1) : 1
(24,0) : 1
(22,0) : 1
(8,1) : 5
(29,0) : 1
(2,1) : 5
(3,1) : 1
(0,0) : 1
