pop size : 10000, betaG : 0.08500, lambdaH : 0.10000, lambdaW : 0.00100, gamma : 0.12500, Tmax : 150.00, threshold of infected : 0.010
0.37 0.32 0.13 0.12 0.04 0.02 
0.2192 0.12 0.08 0.06 0.05 0.045 0.04 0.035 0.03 0.02 0.02 0.02 0.015 0.015 0.015 0.015 0.001 0.001 0.001 0.001 0.001 0.001 0.001 0.001 0.001 0.001 0.001 0.001 0.001 0.001 0.001 0.001 0.001 0.001 0.001 0.001 0.001 0.001 0.001 0.001 0.001 0.0001 0.0001 0.0001 0.0001 0.0001 0.0001 0.0001 0.0001 0.175 
Proportion of infected at cutoff : 0.0100
Proportion of susceptibles at cutoff : 0.9706
(49,0) : 26
(50,0) : 34
(48,1) : 11
(16,0) : 5
(26,0) : 1
(8,0) : 22
(48,0) : 13
(13,0) : 11
(10,0) : 12
(34,0) : 1
(49,1) : 17
(47,1) : 6
(9,0) : 24
(7,0) : 31
(6,0) : 27
(47,2) : 5
(36,0) : 4
(42,3) : 1
(5,0) : 42
(45,0) : 3
(47,0) : 2
(27,0) : 1
(1,0) : 153
(37,0) : 2
(14,0) : 9
(2,0) : 94
(21,0) : 1
(42,5) : 1
(46,1) : 1
(45,2) : 1
(36,1) : 1
(11,0) : 7
(34,1) : 1
(48,2) : 3
(18,0) : 2
(12,0) : 15
(46,0) : 2
(43,0) : 1
(12,1) : 2
(4,0) : 37
(47,3) : 1
(25,0) : 1
(32,0) : 1
(38,0) : 1
(46,2) : 1
(44,3) : 1
(24,0) : 1
(7,1) : 2
(31,1) : 1
(46,3) : 1
(3,0) : 52
(11,1) : 2
(35,0) : 1
(22,2) : 1
(6,1) : 2
(14,1) : 2
(2,1) : 3
(32,1) : 1
(15,0) : 6
(27,1) : 1
(15,1) : 1
(31,0) : 1
(33,1) : 1
(10,1) : 1
(20,0) : 1
(4,1) : 2
(0,1) : 2
(1,1) : 1
(0,0) : 1
