pop size : 10000, betaG : 0.08500, lambdaH : 0.10000, lambdaW : 0.00100, gamma : 0.12500, Tmax : 150.00, threshold of infected : 0.010
0.37 0.32 0.13 0.12 0.04 0.02 
0.2192 0.12 0.08 0.06 0.05 0.045 0.04 0.035 0.03 0.02 0.02 0.02 0.015 0.015 0.015 0.015 0.001 0.001 0.001 0.001 0.001 0.001 0.001 0.001 0.001 0.001 0.001 0.001 0.001 0.001 0.001 0.001 0.001 0.001 0.001 0.001 0.001 0.001 0.001 0.001 0.001 0.0001 0.0001 0.0001 0.0001 0.0001 0.0001 0.0001 0.0001 0.175 
Proportion of infected at cutoff : 0.0100
Proportion of susceptibles at cutoff : 0.9739
(49,1) : 11
(48,2) : 5
(46,1) : 3
(49,0) : 25
(5,0) : 45
(1,0) : 182
(16,0) : 12
(6,0) : 27
(50,0) : 41
(30,1) : 1
(8,0) : 28
(47,2) : 4
(3,0) : 76
(48,0) : 11
(7,0) : 35
(13,0) : 13
(48,1) : 11
(14,0) : 9
(11,0) : 13
(15,0) : 15
(12,0) : 14
(31,0) : 1
(44,0) : 1
(44,3) : 1
(2,0) : 112
(46,0) : 1
(41,1) : 1
(47,3) : 3
(7,1) : 3
(9,0) : 22
(39,2) : 1
(47,1) : 3
(4,0) : 34
(37,0) : 1
(10,0) : 15
(26,0) : 2
(25,0) : 1
(43,2) : 1
(24,0) : 1
(23,0) : 1
(30,0) : 1
(26,1) : 1
(44,1) : 1
(27,0) : 1
(5,1) : 1
(13,1) : 1
(9,2) : 1
(47,0) : 1
(15,1) : 1
(18,0) : 1
(6,1) : 2
(46,3) : 1
(32,0) : 1
(45,2) : 2
(23,1) : 1
(12,1) : 1
(4,1) : 3
(1,1) : 3
(8,1) : 3
(10,1) : 2
(12,2) : 1
(2,1) : 2
