pop size : 10000, betaG : 0.08500, lambdaH : 0.10000, lambdaW : 0.00100, gamma : 0.12500, Tmax : 150.00, threshold of infected : 0.010
0.37 0.32 0.13 0.12 0.04 0.02 
0.2192 0.12 0.08 0.06 0.05 0.045 0.04 0.035 0.03 0.02 0.02 0.02 0.015 0.015 0.015 0.015 0.001 0.001 0.001 0.001 0.001 0.001 0.001 0.001 0.001 0.001 0.001 0.001 0.001 0.001 0.001 0.001 0.001 0.001 0.001 0.001 0.001 0.001 0.001 0.001 0.001 0.0001 0.0001 0.0001 0.0001 0.0001 0.0001 0.0001 0.0001 0.175 
Proportion of infected at cutoff : 0.0100
Proportion of susceptibles at cutoff : 0.9830
(49,1) : 21
(49,0) : 25
(50,0) : 56
(48,0) : 4
(4,0) : 50
(9,0) : 19
(5,0) : 46
(2,0) : 121
(13,0) : 8
(29,0) : 1
(7,0) : 27
(3,0) : 60
(38,0) : 1
(8,0) : 26
(6,0) : 45
(15,1) : 1
(16,0) : 7
(32,5) : 1
(19,0) : 1
(15,0) : 8
(12,0) : 11
(48,1) : 7
(48,2) : 8
(39,7) : 1
(45,5) : 1
(27,1) : 1
(47,3) : 2
(47,1) : 1
(5,1) : 3
(1,0) : 202
(14,0) : 11
(41,0) : 2
(45,0) : 1
(37,1) : 1
(11,0) : 12
(25,0) : 1
(10,0) : 16
(43,4) : 1
(12,1) : 2
(10,2) : 1
(39,0) : 1
(21,0) : 1
(11,1) : 1
(36,0) : 1
(40,0) : 1
(24,1) : 1
(17,0) : 1
(10,1) : 1
(14,1) : 2
(19,1) : 1
(46,2) : 1
(7,1) : 1
(8,1) : 3
(4,1) : 2
(6,1) : 2
(27,0) : 1
(20,0) : 1
(0,1) : 1
(3,1) : 1
(0,0) : 1
