pop size : 10000, betaG : 0.08500, lambdaH : 0.10000, lambdaW : 0.00100, gamma : 0.12500, Tmax : 150.00, threshold of infected : 0.010
0.37 0.32 0.13 0.12 0.04 0.02 
0.2192 0.12 0.08 0.06 0.05 0.045 0.04 0.035 0.03 0.02 0.02 0.02 0.015 0.015 0.015 0.015 0.001 0.001 0.001 0.001 0.001 0.001 0.001 0.001 0.001 0.001 0.001 0.001 0.001 0.001 0.001 0.001 0.001 0.001 0.001 0.001 0.001 0.001 0.001 0.001 0.001 0.0001 0.0001 0.0001 0.0001 0.0001 0.0001 0.0001 0.0001 0.175 
Proportion of infected at cutoff : 0.0100
Proportion of susceptibles at cutoff : 0.9840
(13,0) : 14
(41,0) : 1
(49,0) : 13
(12,0) : 24
(7,0) : 25
(50,0) : 62
(1,0) : 166
(46,3) : 1
(8,0) : 22
(49,1) : 23
(27,2) : 1
(48,1) : 8
(9,0) : 23
(35,0) : 1
(47,0) : 1
(24,0) : 3
(48,0) : 4
(10,0) : 15
(5,0) : 42
(30,0) : 1
(30,1) : 1
(21,0) : 1
(27,0) : 1
(2,0) : 73
(46,4) : 1
(3,2) : 1
(46,1) : 1
(1,2) : 1
(48,2) : 7
(14,1) : 2
(4,0) : 43
(15,0) : 4
(31,0) : 1
(47,3) : 2
(6,0) : 36
(39,0) : 2
(9,2) : 1
(16,0) : 5
(23,0) : 1
(11,0) : 12
(3,0) : 59
(22,0) : 1
(28,0) : 1
(46,2) : 1
(6,1) : 2
(19,0) : 1
(45,2) : 1
(45,3) : 1
(14,0) : 8
(4,1) : 2
(47,2) : 1
(37,1) : 1
(44,0) : 1
(37,0) : 2
(32,0) : 1
(29,0) : 1
(45,4) : 1
(20,0) : 1
(17,0) : 1
(3,1) : 1
(36,1) : 1
(15,1) : 1
(20,1) : 1
(7,1) : 1
(11,1) : 2
(0,0) : 1
(0,1) : 2
(1,1) : 2
(5,1) : 1
