pop size : 10000, betaG : 0.08500, lambdaH : 0.10000, lambdaW : 0.00100, gamma : 0.12500, Tmax : 150.00, threshold of infected : 0.010
0.37 0.32 0.13 0.12 0.04 0.02 
0.2192 0.12 0.08 0.06 0.05 0.045 0.04 0.035 0.03 0.02 0.02 0.02 0.015 0.015 0.015 0.015 0.001 0.001 0.001 0.001 0.001 0.001 0.001 0.001 0.001 0.001 0.001 0.001 0.001 0.001 0.001 0.001 0.001 0.001 0.001 0.001 0.001 0.001 0.001 0.001 0.001 0.0001 0.0001 0.0001 0.0001 0.0001 0.0001 0.0001 0.0001 0.175 
Proportion of infected at cutoff : 0.0100
Proportion of susceptibles at cutoff : 0.9794
(49,1) : 21
(50,0) : 50
(48,1) : 11
(34,0) : 1
(49,0) : 18
(19,1) : 1
(8,0) : 32
(3,0) : 51
(46,1) : 1
(12,0) : 15
(31,0) : 1
(23,0) : 1
(6,0) : 28
(15,1) : 3
(48,2) : 6
(9,1) : 4
(5,0) : 46
(40,2) : 1
(7,0) : 28
(11,1) : 2
(10,0) : 14
(46,3) : 1
(15,0) : 8
(2,0) : 99
(4,0) : 36
(47,0) : 2
(46,4) : 1
(1,0) : 180
(48,0) : 3
(33,0) : 1
(37,0) : 3
(9,0) : 29
(47,2) : 2
(4,1) : 1
(14,0) : 13
(37,2) : 1
(32,0) : 1
(5,1) : 2
(19,0) : 1
(46,2) : 2
(39,2) : 1
(44,2) : 1
(11,0) : 15
(16,0) : 8
(29,0) : 2
(26,0) : 2
(24,0) : 2
(47,1) : 1
(13,0) : 16
(28,0) : 1
(7,1) : 3
(25,0) : 1
(22,0) : 1
(17,0) : 1
(10,1) : 1
(30,1) : 1
(14,1) : 2
(46,0) : 1
(30,0) : 1
(3,1) : 1
(0,1) : 1
(26,1) : 1
(1,1) : 4
(6,1) : 1
(14,2) : 1
(0,0) : 3
(2,1) : 1
