pop size : 10000, betaG : 0.08500, lambdaH : 0.10000, lambdaW : 0.00100, gamma : 0.12500, Tmax : 150.00, threshold of infected : 0.010
0.37 0.32 0.13 0.12 0.04 0.02 
0.2192 0.12 0.08 0.06 0.05 0.045 0.04 0.035 0.03 0.02 0.02 0.02 0.015 0.015 0.015 0.015 0.001 0.001 0.001 0.001 0.001 0.001 0.001 0.001 0.001 0.001 0.001 0.001 0.001 0.001 0.001 0.001 0.001 0.001 0.001 0.001 0.001 0.001 0.001 0.001 0.001 0.0001 0.0001 0.0001 0.0001 0.0001 0.0001 0.0001 0.0001 0.175 
Proportion of infected at cutoff : 0.0100
Proportion of susceptibles at cutoff : 0.9795
(46,1) : 2
(48,1) : 11
(9,0) : 20
(47,2) : 5
(49,0) : 21
(50,0) : 57
(48,0) : 6
(14,0) : 14
(49,1) : 22
(2,0) : 103
(48,2) : 5
(16,0) : 9
(13,0) : 7
(15,0) : 8
(1,0) : 146
(47,3) : 1
(7,0) : 28
(21,0) : 2
(38,0) : 1
(47,0) : 1
(8,0) : 18
(3,0) : 49
(4,0) : 48
(25,0) : 1
(5,0) : 29
(6,0) : 33
(29,0) : 1
(10,0) : 10
(12,0) : 13
(47,1) : 3
(5,1) : 2
(10,1) : 3
(14,1) : 1
(46,2) : 2
(46,3) : 1
(46,0) : 3
(11,0) : 11
(15,1) : 1
(45,4) : 1
(39,1) : 1
(24,1) : 1
(26,0) : 1
(18,0) : 1
(26,2) : 1
(6,1) : 2
(13,2) : 1
(0,1) : 5
(11,1) : 2
(8,1) : 2
(7,1) : 2
(2,1) : 2
