pop size : 10000, betaG : 0.08500, lambdaH : 0.10000, lambdaW : 0.00100, gamma : 0.12500, Tmax : 150.00, threshold of infected : 0.010
0.37 0.32 0.13 0.12 0.04 0.02 
0.2192 0.12 0.08 0.06 0.05 0.045 0.04 0.035 0.03 0.02 0.02 0.02 0.015 0.015 0.015 0.015 0.001 0.001 0.001 0.001 0.001 0.001 0.001 0.001 0.001 0.001 0.001 0.001 0.001 0.001 0.001 0.001 0.001 0.001 0.001 0.001 0.001 0.001 0.001 0.001 0.001 0.0001 0.0001 0.0001 0.0001 0.0001 0.0001 0.0001 0.0001 0.175 
Proportion of infected at cutoff : 0.0100
Proportion of susceptibles at cutoff : 0.9804
(46,2) : 2
(50,0) : 62
(49,1) : 23
(5,0) : 38
(47,2) : 2
(49,0) : 15
(11,0) : 10
(34,2) : 1
(48,0) : 4
(48,1) : 11
(9,0) : 19
(47,1) : 5
(15,1) : 1
(2,0) : 80
(7,0) : 28
(47,3) : 3
(3,0) : 53
(37,0) : 2
(40,0) : 2
(46,3) : 1
(25,0) : 2
(16,0) : 6
(38,2) : 1
(8,0) : 30
(13,0) : 11
(45,1) : 1
(26,0) : 1
(14,0) : 10
(1,0) : 142
(6,0) : 19
(12,0) : 8
(47,0) : 1
(10,0) : 10
(23,2) : 1
(48,2) : 5
(38,1) : 1
(35,0) : 1
(31,0) : 2
(4,0) : 39
(15,0) : 3
(29,0) : 1
(27,0) : 1
(6,1) : 3
(23,0) : 1
(30,1) : 1
(14,1) : 3
(32,1) : 1
(42,1) : 1
(34,0) : 1
(38,0) : 1
(10,1) : 1
(7,1) : 1
(8,1) : 3
(0,0) : 3
(4,1) : 3
(21,1) : 1
(36,0) : 1
(11,1) : 1
(9,1) : 1
(3,1) : 1
(1,1) : 1
