pop size : 10000, betaG : 0.08500, lambdaH : 0.10000, lambdaW : 0.00100, gamma : 0.12500, Tmax : 150.00, threshold of infected : 0.010
0.37 0.32 0.13 0.12 0.04 0.02 
0.2192 0.12 0.08 0.06 0.05 0.045 0.04 0.035 0.03 0.02 0.02 0.02 0.015 0.015 0.015 0.015 0.001 0.001 0.001 0.001 0.001 0.001 0.001 0.001 0.001 0.001 0.001 0.001 0.001 0.001 0.001 0.001 0.001 0.001 0.001 0.001 0.001 0.001 0.001 0.001 0.001 0.0001 0.0001 0.0001 0.0001 0.0001 0.0001 0.0001 0.0001 0.175 
Proportion of infected at cutoff : 0.0100
Proportion of susceptibles at cutoff : 0.9702
(48,1) : 6
(49,0) : 29
(45,1) : 1
(50,0) : 37
(11,0) : 11
(48,0) : 11
(13,0) : 8
(41,0) : 1
(10,1) : 2
(4,1) : 2
(20,0) : 3
(48,2) : 3
(46,3) : 1
(49,1) : 13
(4,0) : 43
(5,0) : 44
(33,0) : 1
(47,0) : 5
(35,0) : 1
(47,1) : 4
(28,0) : 1
(9,0) : 25
(7,0) : 27
(3,0) : 62
(47,2) : 4
(10,0) : 7
(31,1) : 1
(15,0) : 8
(44,1) : 2
(44,0) : 1
(32,1) : 1
(34,0) : 3
(21,0) : 1
(43,3) : 2
(1,0) : 196
(27,2) : 1
(8,0) : 21
(46,0) : 1
(30,0) : 1
(19,0) : 2
(46,2) : 2
(2,0) : 101
(23,0) : 1
(37,0) : 1
(46,1) : 2
(11,2) : 1
(6,0) : 30
(14,0) : 3
(40,0) : 1
(16,0) : 5
(11,1) : 2
(7,1) : 3
(38,0) : 2
(32,0) : 1
(38,2) : 1
(26,0) : 1
(45,0) : 1
(43,2) : 1
(2,1) : 2
(47,3) : 1
(27,0) : 2
(25,0) : 1
(12,0) : 10
(45,3) : 1
(23,1) : 1
(8,1) : 2
(26,1) : 1
(31,0) : 1
(14,1) : 1
(22,0) : 1
(0,1) : 3
(17,0) : 1
(5,1) : 1
(13,1) : 1
(12,1) : 1
(3,1) : 2
(1,2) : 1
(0,0) : 4
(6,1) : 1
(1,1) : 2
