pop size : 10000, betaG : 0.08500, lambdaH : 0.10000, lambdaW : 0.00100, gamma : 0.12500, Tmax : 150.00, threshold of infected : 0.010
0.37 0.32 0.13 0.12 0.04 0.02 
0.2192 0.12 0.08 0.06 0.05 0.045 0.04 0.035 0.03 0.02 0.02 0.02 0.015 0.015 0.015 0.015 0.001 0.001 0.001 0.001 0.001 0.001 0.001 0.001 0.001 0.001 0.001 0.001 0.001 0.001 0.001 0.001 0.001 0.001 0.001 0.001 0.001 0.001 0.001 0.001 0.001 0.0001 0.0001 0.0001 0.0001 0.0001 0.0001 0.0001 0.0001 0.175 
Proportion of infected at cutoff : 0.0100
Proportion of susceptibles at cutoff : 0.9710
(50,0) : 34
(48,2) : 4
(49,0) : 31
(47,1) : 5
(45,2) : 2
(46,1) : 5
(49,1) : 16
(46,3) : 1
(3,0) : 71
(35,0) : 1
(14,0) : 14
(5,0) : 36
(48,0) : 11
(12,0) : 16
(45,1) : 1
(48,1) : 10
(2,0) : 75
(11,0) : 18
(10,0) : 16
(6,0) : 42
(44,0) : 1
(16,0) : 5
(9,0) : 14
(15,0) : 4
(19,0) : 2
(4,0) : 52
(45,4) : 1
(45,3) : 2
(24,0) : 1
(30,2) : 1
(7,0) : 29
(21,0) : 2
(33,1) : 1
(8,0) : 18
(47,0) : 1
(42,5) : 1
(33,0) : 1
(25,0) : 1
(10,1) : 1
(20,0) : 1
(34,0) : 1
(1,0) : 146
(31,0) : 1
(11,1) : 2
(12,1) : 1
(39,0) : 1
(46,2) : 3
(28,0) : 1
(36,2) : 1
(47,2) : 1
(13,0) : 5
(27,0) : 1
(11,2) : 1
(35,1) : 2
(43,1) : 1
(21,1) : 1
(13,1) : 1
(17,0) : 1
(26,0) : 1
(40,0) : 1
(8,1) : 1
(15,1) : 2
(9,1) : 2
(7,1) : 2
(0,0) : 5
(5,1) : 1
(0,1) : 1
