pop size : 10000, betaG : 0.08500, lambdaH : 0.10000, lambdaW : 0.00100, gamma : 0.12500, Tmax : 150.00, threshold of infected : 0.010
0.37 0.32 0.13 0.12 0.04 0.02 
0.2192 0.12 0.08 0.06 0.05 0.045 0.04 0.035 0.03 0.02 0.02 0.02 0.015 0.015 0.015 0.015 0.001 0.001 0.001 0.001 0.001 0.001 0.001 0.001 0.001 0.001 0.001 0.001 0.001 0.001 0.001 0.001 0.001 0.001 0.001 0.001 0.001 0.001 0.001 0.001 0.001 0.0001 0.0001 0.0001 0.0001 0.0001 0.0001 0.0001 0.0001 0.175 
Proportion of infected at cutoff : 0.0100
Proportion of susceptibles at cutoff : 0.9742
(4,0) : 46
(6,0) : 26
(50,0) : 51
(47,1) : 6
(48,2) : 2
(7,0) : 39
(5,0) : 45
(48,0) : 8
(49,1) : 17
(8,0) : 30
(30,0) : 2
(13,0) : 9
(37,1) : 1
(11,0) : 10
(48,1) : 10
(2,0) : 100
(15,0) : 5
(45,1) : 1
(44,0) : 1
(49,0) : 19
(16,0) : 11
(3,0) : 58
(44,3) : 1
(1,0) : 194
(46,2) : 2
(9,0) : 19
(12,0) : 9
(27,0) : 2
(46,1) : 3
(7,1) : 3
(47,0) : 6
(14,0) : 9
(10,0) : 11
(12,1) : 2
(47,2) : 2
(41,2) : 1
(23,0) : 1
(24,0) : 1
(19,0) : 1
(39,2) : 1
(43,2) : 1
(32,0) : 2
(14,1) : 2
(15,1) : 2
(5,1) : 2
(27,1) : 2
(8,2) : 2
(46,4) : 1
(3,1) : 3
(18,0) : 1
(6,1) : 2
(8,1) : 3
(10,1) : 1
(11,1) : 2
(29,0) : 1
(13,1) : 1
(4,1) : 2
(21,0) : 1
(2,1) : 3
(1,1) : 3
(0,0) : 6
