pop size : 10000, betaG : 0.08500, lambdaH : 0.10000, lambdaW : 0.00100, gamma : 0.12500, Tmax : 150.00, threshold of infected : 0.010
0.37 0.32 0.13 0.12 0.04 0.02 
0.2192 0.12 0.08 0.06 0.05 0.045 0.04 0.035 0.03 0.02 0.02 0.02 0.015 0.015 0.015 0.015 0.001 0.001 0.001 0.001 0.001 0.001 0.001 0.001 0.001 0.001 0.001 0.001 0.001 0.001 0.001 0.001 0.001 0.001 0.001 0.001 0.001 0.001 0.001 0.001 0.001 0.0001 0.0001 0.0001 0.0001 0.0001 0.0001 0.0001 0.0001 0.175 
Proportion of infected at cutoff : 0.0100
Proportion of susceptibles at cutoff : 0.9705
(50,0) : 41
(48,2) : 7
(49,1) : 12
(7,0) : 30
(16,0) : 7
(12,0) : 8
(49,0) : 29
(13,0) : 15
(3,0) : 53
(14,0) : 12
(46,1) : 2
(47,3) : 1
(47,2) : 3
(27,0) : 1
(2,0) : 84
(37,1) : 1
(15,0) : 12
(44,3) : 1
(21,0) : 1
(4,0) : 32
(48,0) : 9
(18,0) : 1
(48,1) : 14
(8,0) : 32
(47,0) : 2
(13,1) : 2
(47,1) : 8
(10,0) : 13
(1,0) : 167
(39,0) : 1
(18,2) : 1
(5,0) : 35
(29,0) : 1
(6,0) : 25
(4,1) : 3
(27,2) : 1
(30,0) : 1
(10,1) : 1
(45,0) : 1
(22,0) : 1
(5,1) : 1
(43,1) : 1
(37,0) : 1
(46,0) : 3
(11,0) : 18
(11,1) : 1
(15,1) : 2
(26,1) : 1
(9,0) : 17
(10,2) : 1
(6,1) : 1
(4,2) : 1
(12,1) : 2
(44,4) : 1
(9,1) : 1
(3,1) : 1
(2,1) : 4
(8,2) : 1
(0,1) : 2
(0,0) : 2
