pop size : 10000, betaG : 0.08500, lambdaH : 0.10000, lambdaW : 0.00100, gamma : 0.12500, Tmax : 150.00, threshold of infected : 0.010
0.37 0.32 0.13 0.12 0.04 0.02 
0.2192 0.12 0.08 0.06 0.05 0.045 0.04 0.035 0.03 0.02 0.02 0.02 0.015 0.015 0.015 0.015 0.001 0.001 0.001 0.001 0.001 0.001 0.001 0.001 0.001 0.001 0.001 0.001 0.001 0.001 0.001 0.001 0.001 0.001 0.001 0.001 0.001 0.001 0.001 0.001 0.001 0.0001 0.0001 0.0001 0.0001 0.0001 0.0001 0.0001 0.0001 0.175 
Proportion of infected at cutoff : 0.0100
Proportion of susceptibles at cutoff : 0.9805
(14,0) : 13
(50,0) : 58
(49,0) : 23
(6,0) : 30
(8,0) : 17
(34,0) : 1
(49,1) : 19
(26,0) : 1
(48,0) : 5
(1,0) : 178
(48,1) : 6
(16,0) : 6
(15,0) : 11
(10,0) : 14
(13,1) : 2
(5,0) : 36
(13,0) : 12
(41,0) : 2
(3,0) : 63
(47,1) : 2
(12,0) : 12
(48,2) : 9
(7,0) : 23
(11,0) : 4
(4,0) : 41
(9,0) : 18
(8,1) : 3
(2,0) : 87
(44,3) : 1
(39,1) : 1
(35,0) : 1
(36,0) : 1
(27,0) : 1
(30,0) : 1
(7,1) : 2
(47,2) : 2
(42,3) : 1
(39,0) : 1
(47,0) : 1
(28,1) : 1
(46,4) : 1
(31,0) : 1
(40,1) : 1
(46,2) : 1
(14,1) : 1
(4,1) : 1
(24,0) : 1
(45,1) : 2
(45,3) : 2
(47,3) : 1
(37,0) : 1
(11,1) : 1
(21,0) : 1
(5,1) : 1
(44,4) : 1
(9,1) : 1
(0,1) : 2
(40,0) : 1
(28,0) : 1
(36,2) : 1
(6,1) : 1
(1,1) : 3
(3,1) : 1
