pop size : 10000, betaG : 0.08500, lambdaH : 0.10000, lambdaW : 0.00100, gamma : 0.12500, Tmax : 150.00, threshold of infected : 0.010
0.37 0.32 0.13 0.12 0.04 0.02 
0.2192 0.12 0.08 0.06 0.05 0.045 0.04 0.035 0.03 0.02 0.02 0.02 0.015 0.015 0.015 0.015 0.001 0.001 0.001 0.001 0.001 0.001 0.001 0.001 0.001 0.001 0.001 0.001 0.001 0.001 0.001 0.001 0.001 0.001 0.001 0.001 0.001 0.001 0.001 0.001 0.001 0.0001 0.0001 0.0001 0.0001 0.0001 0.0001 0.0001 0.0001 0.175 
Proportion of infected at cutoff : 0.0100
Proportion of susceptibles at cutoff : 0.9745
(50,0) : 54
(10,0) : 12
(49,0) : 25
(9,0) : 13
(5,0) : 41
(47,1) : 7
(48,0) : 10
(48,1) : 10
(1,0) : 151
(48,2) : 5
(46,0) : 3
(47,0) : 4
(46,1) : 4
(2,0) : 86
(16,0) : 4
(4,0) : 43
(27,0) : 2
(12,0) : 14
(11,0) : 12
(13,0) : 6
(8,0) : 29
(38,1) : 2
(45,4) : 1
(14,0) : 6
(49,1) : 9
(7,0) : 24
(46,3) : 2
(20,0) : 1
(6,0) : 18
(45,2) : 1
(0,0) : 3
(19,0) : 1
(35,0) : 1
(31,0) : 1
(43,0) : 1
(3,0) : 48
(43,5) : 1
(34,0) : 1
(26,0) : 1
(23,0) : 1
(15,0) : 6
(14,1) : 3
(3,1) : 3
(15,1) : 3
(47,2) : 1
(39,1) : 1
(24,0) : 1
(25,1) : 1
(8,1) : 4
(46,4) : 1
(41,0) : 1
(25,0) : 1
(13,1) : 1
(4,1) : 2
(34,1) : 1
(9,2) : 1
(46,2) : 1
(12,1) : 1
(9,1) : 2
(10,1) : 1
(10,2) : 1
(1,1) : 2
(5,1) : 1
(2,1) : 1
(5,2) : 1
