pop size : 10000, betaG : 0.08500, lambdaH : 0.10000, lambdaW : 0.00100, gamma : 0.12500, Tmax : 150.00, threshold of infected : 0.010
0.37 0.32 0.13 0.12 0.04 0.02 
0.2192 0.12 0.08 0.06 0.05 0.045 0.04 0.035 0.03 0.02 0.02 0.02 0.015 0.015 0.015 0.015 0.001 0.001 0.001 0.001 0.001 0.001 0.001 0.001 0.001 0.001 0.001 0.001 0.001 0.001 0.001 0.001 0.001 0.001 0.001 0.001 0.001 0.001 0.001 0.001 0.001 0.0001 0.0001 0.0001 0.0001 0.0001 0.0001 0.0001 0.0001 0.175 
Proportion of infected at cutoff : 0.0100
Proportion of susceptibles at cutoff : 0.9747
(45,1) : 1
(49,0) : 18
(15,0) : 16
(2,0) : 72
(43,0) : 1
(50,0) : 52
(14,0) : 10
(49,1) : 15
(6,0) : 31
(48,1) : 7
(48,0) : 13
(5,0) : 29
(45,0) : 2
(43,3) : 1
(9,0) : 20
(41,0) : 1
(1,0) : 163
(46,4) : 2
(3,0) : 60
(8,0) : 35
(39,0) : 1
(47,0) : 2
(11,0) : 12
(29,2) : 1
(30,0) : 1
(13,0) : 18
(47,2) : 2
(48,2) : 2
(46,3) : 1
(10,0) : 14
(47,1) : 2
(27,0) : 3
(16,0) : 6
(4,0) : 46
(25,0) : 1
(42,3) : 1
(46,1) : 2
(31,0) : 1
(44,3) : 2
(22,0) : 1
(12,0) : 9
(7,0) : 29
(47,3) : 1
(6,1) : 2
(46,0) : 1
(25,1) : 1
(15,1) : 1
(44,6) : 1
(8,1) : 1
(45,2) : 1
(44,2) : 1
(19,0) : 1
(13,1) : 1
(14,1) : 1
(10,1) : 1
(7,1) : 2
(5,1) : 2
(4,2) : 1
(3,2) : 1
(46,2) : 1
(11,1) : 1
(3,1) : 1
(35,1) : 1
(9,1) : 1
(21,0) : 2
(12,2) : 1
(26,1) : 1
(1,1) : 1
(0,1) : 1
