pop size : 10000, betaG : 0.08500, lambdaH : 0.10000, lambdaW : 0.00100, gamma : 0.12500, Tmax : 150.00, threshold of infected : 0.010
0.37 0.32 0.13 0.12 0.04 0.02 
0.2192 0.12 0.08 0.06 0.05 0.045 0.04 0.035 0.03 0.02 0.02 0.02 0.015 0.015 0.015 0.015 0.001 0.001 0.001 0.001 0.001 0.001 0.001 0.001 0.001 0.001 0.001 0.001 0.001 0.001 0.001 0.001 0.001 0.001 0.001 0.001 0.001 0.001 0.001 0.001 0.001 0.0001 0.0001 0.0001 0.0001 0.0001 0.0001 0.0001 0.0001 0.175 
Proportion of infected at cutoff : 0.0100
Proportion of susceptibles at cutoff : 0.9750
(49,1) : 15
(49,0) : 33
(8,0) : 31
(50,0) : 39
(10,0) : 18
(16,0) : 7
(47,0) : 4
(7,0) : 31
(48,0) : 5
(48,1) : 10
(5,0) : 39
(9,0) : 24
(45,4) : 1
(46,3) : 2
(47,3) : 2
(11,0) : 19
(12,0) : 14
(35,0) : 2
(47,1) : 2
(25,0) : 2
(6,0) : 35
(1,0) : 169
(3,0) : 62
(44,2) : 1
(45,3) : 2
(15,0) : 7
(4,0) : 45
(46,1) : 2
(46,4) : 1
(14,0) : 8
(36,0) : 1
(33,1) : 1
(24,0) : 1
(48,2) : 3
(45,2) : 1
(44,3) : 1
(47,2) : 5
(3,1) : 2
(19,0) : 1
(12,1) : 1
(46,0) : 2
(38,0) : 1
(13,0) : 8
(2,0) : 82
(13,1) : 1
(4,1) : 1
(17,0) : 2
(28,0) : 1
(7,1) : 3
(24,1) : 1
(8,1) : 2
(21,0) : 3
(45,1) : 1
(14,1) : 1
(0,0) : 2
(1,1) : 2
(31,0) : 1
(16,1) : 1
(5,1) : 1
(2,1) : 2
(0,1) : 2
