pop size : 10000, betaG : 0.08500, lambdaH : 0.10000, lambdaW : 0.00100, gamma : 0.12500, Tmax : 150.00, threshold of infected : 0.010
0.37 0.32 0.13 0.12 0.04 0.02 
0.2192 0.12 0.08 0.06 0.05 0.045 0.04 0.035 0.03 0.02 0.02 0.02 0.015 0.015 0.015 0.015 0.001 0.001 0.001 0.001 0.001 0.001 0.001 0.001 0.001 0.001 0.001 0.001 0.001 0.001 0.001 0.001 0.001 0.001 0.001 0.001 0.001 0.001 0.001 0.001 0.001 0.0001 0.0001 0.0001 0.0001 0.0001 0.0001 0.0001 0.0001 0.175 
Proportion of infected at cutoff : 0.0100
Proportion of susceptibles at cutoff : 0.9844
(38,1) : 1
(3,0) : 44
(50,0) : 65
(11,0) : 14
(8,0) : 20
(4,0) : 44
(49,0) : 16
(13,0) : 9
(2,0) : 84
(1,0) : 174
(37,0) : 1
(49,1) : 24
(34,1) : 1
(48,1) : 6
(10,0) : 16
(11,1) : 1
(15,0) : 14
(46,4) : 1
(48,0) : 3
(9,0) : 21
(5,0) : 34
(12,0) : 13
(6,0) : 29
(48,2) : 7
(42,3) : 1
(16,0) : 4
(36,0) : 3
(7,0) : 30
(12,2) : 1
(14,0) : 11
(38,0) : 1
(10,1) : 2
(23,0) : 1
(21,0) : 2
(45,3) : 2
(8,1) : 1
(30,2) : 1
(31,1) : 2
(19,0) : 1
(4,1) : 3
(27,1) : 1
(17,0) : 1
(47,2) : 1
(26,0) : 1
(24,1) : 1
(47,3) : 2
(14,1) : 1
(46,3) : 2
(22,0) : 2
(25,0) : 1
(24,0) : 2
(5,1) : 1
(46,2) : 1
(29,0) : 1
(15,1) : 3
(35,0) : 1
(2,1) : 1
(3,1) : 2
(0,1) : 2
(0,0) : 1
