pop size : 10000, betaG : 0.08500, lambdaH : 0.10000, lambdaW : 0.00100, gamma : 0.12500, Tmax : 150.00, threshold of infected : 0.010
0.37 0.32 0.13 0.12 0.04 0.02 
0.2192 0.12 0.08 0.06 0.05 0.045 0.04 0.035 0.03 0.02 0.02 0.02 0.015 0.015 0.015 0.015 0.001 0.001 0.001 0.001 0.001 0.001 0.001 0.001 0.001 0.001 0.001 0.001 0.001 0.001 0.001 0.001 0.001 0.001 0.001 0.001 0.001 0.001 0.001 0.001 0.001 0.0001 0.0001 0.0001 0.0001 0.0001 0.0001 0.0001 0.0001 0.175 
Proportion of infected at cutoff : 0.0100
Proportion of susceptibles at cutoff : 0.9753
(7,0) : 30
(48,2) : 9
(48,1) : 6
(6,0) : 43
(50,0) : 48
(49,0) : 32
(49,1) : 9
(13,0) : 12
(4,2) : 1
(3,0) : 66
(10,0) : 10
(16,0) : 9
(47,2) : 4
(9,1) : 2
(14,0) : 9
(12,1) : 2
(15,0) : 13
(48,0) : 6
(4,0) : 49
(1,0) : 182
(6,1) : 2
(46,1) : 3
(12,0) : 8
(3,1) : 4
(47,3) : 1
(39,0) : 1
(11,0) : 21
(5,0) : 41
(2,0) : 101
(45,1) : 1
(13,1) : 4
(47,1) : 5
(8,0) : 25
(22,0) : 2
(44,3) : 2
(17,0) : 1
(10,1) : 1
(9,0) : 20
(5,1) : 2
(46,4) : 1
(46,0) : 1
(31,1) : 1
(30,0) : 1
(15,1) : 1
(21,0) : 1
(7,1) : 2
(36,0) : 2
(44,2) : 1
(26,0) : 1
(46,2) : 1
(11,1) : 2
(0,1) : 1
(34,2) : 1
(8,1) : 3
(2,1) : 1
(0,0) : 3
(1,1) : 1
