pop size : 10000, betaG : 0.08500, lambdaH : 0.10000, lambdaW : 0.00100, gamma : 0.12500, Tmax : 150.00, threshold of infected : 0.010
0.37 0.32 0.13 0.12 0.04 0.02 
0.2192 0.12 0.08 0.06 0.05 0.045 0.04 0.035 0.03 0.02 0.02 0.02 0.015 0.015 0.015 0.015 0.001 0.001 0.001 0.001 0.001 0.001 0.001 0.001 0.001 0.001 0.001 0.001 0.001 0.001 0.001 0.001 0.001 0.001 0.001 0.001 0.001 0.001 0.001 0.001 0.001 0.0001 0.0001 0.0001 0.0001 0.0001 0.0001 0.0001 0.0001 0.175 
Proportion of infected at cutoff : 0.0100
Proportion of susceptibles at cutoff : 0.9760
(48,0) : 11
(13,0) : 10
(50,0) : 45
(24,1) : 1
(47,2) : 3
(48,2) : 6
(11,0) : 12
(49,1) : 21
(30,2) : 1
(6,0) : 42
(49,0) : 20
(4,0) : 37
(38,2) : 1
(3,0) : 64
(44,3) : 1
(30,0) : 1
(7,0) : 27
(47,1) : 6
(48,1) : 7
(10,0) : 14
(5,0) : 38
(39,0) : 1
(47,0) : 2
(2,0) : 94
(8,0) : 31
(1,0) : 164
(21,1) : 1
(45,0) : 1
(9,0) : 15
(13,1) : 2
(46,0) : 1
(16,0) : 10
(46,3) : 2
(35,3) : 1
(15,0) : 12
(36,0) : 1
(14,0) : 7
(11,1) : 1
(40,1) : 1
(12,0) : 15
(32,1) : 1
(5,1) : 3
(10,1) : 1
(24,0) : 1
(27,0) : 1
(20,0) : 1
(17,0) : 2
(44,6) : 1
(9,1) : 1
(46,2) : 1
(13,2) : 1
(42,0) : 1
(14,1) : 1
(29,0) : 1
(19,0) : 2
(22,0) : 1
(31,1) : 1
(32,0) : 1
(15,1) : 1
(3,1) : 1
(34,0) : 1
(8,1) : 1
(0,0) : 7
(6,1) : 1
(0,1) : 3
(1,1) : 1
