pop size : 10000, betaG : 0.08500, lambdaH : 0.10000, lambdaW : 0.00100, gamma : 0.12500, Tmax : 150.00, threshold of infected : 0.010
0.37 0.32 0.13 0.12 0.04 0.02 
0.2192 0.12 0.08 0.06 0.05 0.045 0.04 0.035 0.03 0.02 0.02 0.02 0.015 0.015 0.015 0.015 0.001 0.001 0.001 0.001 0.001 0.001 0.001 0.001 0.001 0.001 0.001 0.001 0.001 0.001 0.001 0.001 0.001 0.001 0.001 0.001 0.001 0.001 0.001 0.001 0.001 0.0001 0.0001 0.0001 0.0001 0.0001 0.0001 0.0001 0.0001 0.175 
Proportion of infected at cutoff : 0.0100
Proportion of susceptibles at cutoff : 0.9752
(49,0) : 25
(50,0) : 43
(12,0) : 9
(14,0) : 10
(49,1) : 14
(48,0) : 6
(48,2) : 8
(1,0) : 161
(8,0) : 25
(46,4) : 1
(45,0) : 1
(47,2) : 2
(48,1) : 14
(11,0) : 19
(47,1) : 3
(4,0) : 57
(9,0) : 19
(6,0) : 33
(44,1) : 1
(2,0) : 76
(3,0) : 61
(34,1) : 1
(34,0) : 3
(40,0) : 2
(10,0) : 14
(27,0) : 2
(33,0) : 2
(42,0) : 1
(16,0) : 4
(7,0) : 33
(28,0) : 1
(6,1) : 3
(46,3) : 2
(5,0) : 37
(13,0) : 12
(15,0) : 5
(5,1) : 2
(47,0) : 1
(46,1) : 1
(46,0) : 1
(45,2) : 1
(15,1) : 2
(11,1) : 3
(39,0) : 3
(26,0) : 1
(14,1) : 1
(17,1) : 1
(36,1) : 1
(8,1) : 1
(37,0) : 3
(24,0) : 1
(38,1) : 1
(44,2) : 1
(12,1) : 1
(3,1) : 2
(2,2) : 1
(20,0) : 1
(19,0) : 2
(7,1) : 1
(4,1) : 2
(0,0) : 5
(47,3) : 1
(25,0) : 1
(0,1) : 4
(2,1) : 1
(1,1) : 1
