pop size : 10000, betaG : 0.08500, lambdaH : 0.10000, lambdaW : 0.00100, gamma : 0.12500, Tmax : 150.00, threshold of infected : 0.010
0.37 0.32 0.13 0.12 0.04 0.02 
0.2192 0.12 0.08 0.06 0.05 0.045 0.04 0.035 0.03 0.02 0.02 0.02 0.015 0.015 0.015 0.015 0.001 0.001 0.001 0.001 0.001 0.001 0.001 0.001 0.001 0.001 0.001 0.001 0.001 0.001 0.001 0.001 0.001 0.001 0.001 0.001 0.001 0.001 0.001 0.001 0.001 0.0001 0.0001 0.0001 0.0001 0.0001 0.0001 0.0001 0.0001 0.175 
Proportion of infected at cutoff : 0.0100
Proportion of susceptibles at cutoff : 0.9802
(0,0) : 1
(47,2) : 6
(50,0) : 55
(49,1) : 25
(9,0) : 25
(48,2) : 4
(16,0) : 11
(46,2) : 2
(2,0) : 92
(49,0) : 12
(45,2) : 2
(4,0) : 48
(35,0) : 1
(48,0) : 3
(47,1) : 6
(6,0) : 37
(47,3) : 3
(7,0) : 32
(10,0) : 17
(46,0) : 2
(40,2) : 1
(11,0) : 18
(47,0) : 3
(12,0) : 11
(8,0) : 20
(36,0) : 2
(1,0) : 169
(4,1) : 2
(17,0) : 1
(34,0) : 1
(15,0) : 11
(48,1) : 10
(13,1) : 1
(33,0) : 1
(14,0) : 6
(30,0) : 1
(13,0) : 7
(46,1) : 1
(5,0) : 28
(7,1) : 1
(3,0) : 48
(28,0) : 2
(32,0) : 1
(11,1) : 1
(20,2) : 1
(14,1) : 1
(25,0) : 1
(0,1) : 1
(25,1) : 1
(24,0) : 1
(15,1) : 2
(3,1) : 3
(6,1) : 1
(18,0) : 1
(12,1) : 1
(5,1) : 2
