pop size : 10000, betaG : 0.08500, lambdaH : 0.10000, lambdaW : 0.00100, gamma : 0.12500, Tmax : 150.00, threshold of infected : 0.010
0.37 0.32 0.13 0.12 0.04 0.02 
0.2192 0.12 0.08 0.06 0.05 0.045 0.04 0.035 0.03 0.02 0.02 0.02 0.015 0.015 0.015 0.015 0.001 0.001 0.001 0.001 0.001 0.001 0.001 0.001 0.001 0.001 0.001 0.001 0.001 0.001 0.001 0.001 0.001 0.001 0.001 0.001 0.001 0.001 0.001 0.001 0.001 0.0001 0.0001 0.0001 0.0001 0.0001 0.0001 0.0001 0.0001 0.175 
Proportion of infected at cutoff : 0.0100
Proportion of susceptibles at cutoff : 0.9730
(48,0) : 11
(16,0) : 10
(49,0) : 23
(50,0) : 45
(7,0) : 28
(49,1) : 12
(12,0) : 28
(4,1) : 3
(3,0) : 57
(47,2) : 4
(14,0) : 10
(5,0) : 33
(4,0) : 41
(1,0) : 165
(48,1) : 13
(0,0) : 4
(44,3) : 1
(15,1) : 2
(40,0) : 1
(11,0) : 21
(11,1) : 2
(15,0) : 10
(44,0) : 1
(8,0) : 26
(2,0) : 99
(48,2) : 2
(9,0) : 23
(45,3) : 1
(13,0) : 10
(45,4) : 1
(14,1) : 2
(46,2) : 1
(45,1) : 1
(45,5) : 1
(37,0) : 1
(47,3) : 1
(10,0) : 14
(44,1) : 1
(47,0) : 4
(34,0) : 1
(3,1) : 4
(42,4) : 1
(36,0) : 1
(46,0) : 3
(6,0) : 29
(23,0) : 1
(8,1) : 3
(45,0) : 1
(5,1) : 2
(45,2) : 1
(12,1) : 2
(39,1) : 1
(30,0) : 1
(27,0) : 1
(17,1) : 1
(24,0) : 1
(6,1) : 2
(20,1) : 1
(2,1) : 2
(9,1) : 2
(1,1) : 1
(0,1) : 4
(7,1) : 1
