pop size : 10000, betaG : 0.08500, lambdaH : 0.10000, lambdaW : 0.00100, gamma : 0.12500, Tmax : 150.00, threshold of infected : 0.010
0.37 0.32 0.13 0.12 0.04 0.02 
0.2192 0.12 0.08 0.06 0.05 0.045 0.04 0.035 0.03 0.02 0.02 0.02 0.015 0.015 0.015 0.015 0.001 0.001 0.001 0.001 0.001 0.001 0.001 0.001 0.001 0.001 0.001 0.001 0.001 0.001 0.001 0.001 0.001 0.001 0.001 0.001 0.001 0.001 0.001 0.001 0.001 0.0001 0.0001 0.0001 0.0001 0.0001 0.0001 0.0001 0.0001 0.175 
Proportion of infected at cutoff : 0.0100
Proportion of susceptibles at cutoff : 0.9746
(12,0) : 14
(26,0) : 1
(50,0) : 45
(3,0) : 57
(49,0) : 26
(11,1) : 4
(16,0) : 8
(15,1) : 2
(40,0) : 2
(44,2) : 1
(48,0) : 8
(10,1) : 2
(38,2) : 1
(7,0) : 27
(47,1) : 3
(48,2) : 4
(45,2) : 2
(2,0) : 89
(39,0) : 1
(49,1) : 13
(28,0) : 2
(28,1) : 1
(6,0) : 35
(5,0) : 42
(10,0) : 17
(9,0) : 19
(4,0) : 48
(47,3) : 1
(46,1) : 2
(45,0) : 3
(1,0) : 192
(45,4) : 1
(40,1) : 1
(8,0) : 24
(47,0) : 2
(48,1) : 8
(44,0) : 2
(24,0) : 2
(7,1) : 2
(14,0) : 15
(46,3) : 1
(46,2) : 1
(15,0) : 6
(47,2) : 5
(44,3) : 1
(13,0) : 10
(36,0) : 1
(8,1) : 1
(34,2) : 1
(23,1) : 1
(11,0) : 12
(5,1) : 1
(46,0) : 1
(3,1) : 2
(14,1) : 1
(12,1) : 1
(9,1) : 1
(27,0) : 1
(19,0) : 1
(13,1) : 2
(6,1) : 1
(1,1) : 3
(4,1) : 2
(0,0) : 4
(0,1) : 3
