pop size : 10000, betaG : 0.08500, lambdaH : 0.10000, lambdaW : 0.00100, gamma : 0.12500, Tmax : 150.00, threshold of infected : 0.010
0.37 0.32 0.13 0.12 0.04 0.02 
0.2192 0.12 0.08 0.06 0.05 0.045 0.04 0.035 0.03 0.02 0.02 0.02 0.015 0.015 0.015 0.015 0.001 0.001 0.001 0.001 0.001 0.001 0.001 0.001 0.001 0.001 0.001 0.001 0.001 0.001 0.001 0.001 0.001 0.001 0.001 0.001 0.001 0.001 0.001 0.001 0.001 0.0001 0.0001 0.0001 0.0001 0.0001 0.0001 0.0001 0.0001 0.175 
Proportion of infected at cutoff : 0.0100
Proportion of susceptibles at cutoff : 0.9795
(2,0) : 91
(49,0) : 27
(44,6) : 1
(50,0) : 54
(37,2) : 1
(12,0) : 17
(13,0) : 10
(15,0) : 11
(47,2) : 8
(6,0) : 34
(6,1) : 3
(14,0) : 13
(47,3) : 1
(46,2) : 1
(11,0) : 13
(48,2) : 3
(49,1) : 17
(45,5) : 1
(3,0) : 53
(27,2) : 1
(9,0) : 26
(4,0) : 38
(46,3) : 2
(5,0) : 34
(48,0) : 5
(8,0) : 33
(7,0) : 29
(35,1) : 1
(47,1) : 3
(23,0) : 3
(1,0) : 160
(48,1) : 4
(10,0) : 17
(16,0) : 7
(29,1) : 1
(21,0) : 1
(47,0) : 1
(7,1) : 4
(45,2) : 2
(46,0) : 1
(10,1) : 1
(24,0) : 1
(44,0) : 1
(13,1) : 2
(37,0) : 1
(3,1) : 1
(5,1) : 2
(32,1) : 1
(18,1) : 1
(16,1) : 1
(9,1) : 2
(18,0) : 1
(30,0) : 1
(1,1) : 3
(2,1) : 1
(0,0) : 1
