pop size : 10000, betaG : 0.08500, lambdaH : 0.10000, lambdaW : 0.00100, gamma : 0.12500, Tmax : 150.00, threshold of infected : 0.010
0.37 0.32 0.13 0.12 0.04 0.02 
0.2192 0.12 0.08 0.06 0.05 0.045 0.04 0.035 0.03 0.02 0.02 0.02 0.015 0.015 0.015 0.015 0.001 0.001 0.001 0.001 0.001 0.001 0.001 0.001 0.001 0.001 0.001 0.001 0.001 0.001 0.001 0.001 0.001 0.001 0.001 0.001 0.001 0.001 0.001 0.001 0.001 0.0001 0.0001 0.0001 0.0001 0.0001 0.0001 0.0001 0.0001 0.175 
Proportion of infected at cutoff : 0.0100
Proportion of susceptibles at cutoff : 0.9709
(50,0) : 39
(49,0) : 22
(2,0) : 111
(24,0) : 1
(12,0) : 15
(48,1) : 5
(40,1) : 1
(49,1) : 12
(48,0) : 19
(47,1) : 7
(10,1) : 3
(1,0) : 182
(46,2) : 4
(38,0) : 1
(6,0) : 41
(37,1) : 2
(48,2) : 2
(32,0) : 1
(46,0) : 3
(46,1) : 2
(14,0) : 6
(12,1) : 2
(44,4) : 1
(47,2) : 3
(9,0) : 20
(11,2) : 1
(35,1) : 1
(3,0) : 62
(45,0) : 1
(25,0) : 1
(15,0) : 12
(11,0) : 13
(47,0) : 4
(45,1) : 1
(5,0) : 41
(8,0) : 33
(24,1) : 1
(21,0) : 2
(13,0) : 14
(14,1) : 3
(7,0) : 27
(30,1) : 1
(16,0) : 5
(18,4) : 1
(6,1) : 3
(4,0) : 42
(5,1) : 2
(9,1) : 1
(10,0) : 10
(4,1) : 2
(39,0) : 1
(0,0) : 4
(31,0) : 1
(33,0) : 2
(45,4) : 1
(14,2) : 1
(13,1) : 1
(18,0) : 1
(7,1) : 3
(23,0) : 1
(8,1) : 2
(3,1) : 3
(11,1) : 1
(2,1) : 3
(0,1) : 2
(1,1) : 2
