pop size : 10000, betaG : 0.08500, lambdaH : 0.10000, lambdaW : 0.00100, gamma : 0.12500, Tmax : 150.00, threshold of infected : 0.010
0.37 0.32 0.13 0.12 0.04 0.02 
0.2192 0.12 0.08 0.06 0.05 0.045 0.04 0.035 0.03 0.02 0.02 0.02 0.015 0.015 0.015 0.015 0.001 0.001 0.001 0.001 0.001 0.001 0.001 0.001 0.001 0.001 0.001 0.001 0.001 0.001 0.001 0.001 0.001 0.001 0.001 0.001 0.001 0.001 0.001 0.001 0.001 0.0001 0.0001 0.0001 0.0001 0.0001 0.0001 0.0001 0.0001 0.175 
Proportion of infected at cutoff : 0.0100
Proportion of susceptibles at cutoff : 0.9807
(50,0) : 56
(49,1) : 34
(47,0) : 2
(49,0) : 15
(6,0) : 40
(10,1) : 1
(48,0) : 8
(8,0) : 20
(35,1) : 1
(22,0) : 1
(9,0) : 19
(45,2) : 1
(47,2) : 2
(10,0) : 11
(47,1) : 1
(16,0) : 10
(2,0) : 82
(13,0) : 16
(1,0) : 133
(21,0) : 1
(0,0) : 2
(48,2) : 3
(14,1) : 4
(48,1) : 5
(41,0) : 2
(7,0) : 32
(44,3) : 1
(3,0) : 50
(15,0) : 11
(43,3) : 1
(39,0) : 1
(30,2) : 1
(12,0) : 14
(36,0) : 3
(36,1) : 1
(4,0) : 56
(47,3) : 1
(42,2) : 1
(5,0) : 34
(28,1) : 1
(8,1) : 2
(25,1) : 1
(31,0) : 1
(46,2) : 1
(6,1) : 2
(26,0) : 1
(11,0) : 7
(34,0) : 1
(12,1) : 2
(14,0) : 4
(11,1) : 2
(13,1) : 1
(5,1) : 2
(17,0) : 1
(4,1) : 1
(7,1) : 4
(3,1) : 2
(9,1) : 2
(1,1) : 1
(0,1) : 2
(2,1) : 1
