pop size : 10000, betaG : 0.08500, lambdaH : 0.10000, lambdaW : 0.00100, gamma : 0.12500, Tmax : 150.00, threshold of infected : 0.010
0.37 0.32 0.13 0.12 0.04 0.02 
0.2192 0.12 0.08 0.06 0.05 0.045 0.04 0.035 0.03 0.02 0.02 0.02 0.015 0.015 0.015 0.015 0.001 0.001 0.001 0.001 0.001 0.001 0.001 0.001 0.001 0.001 0.001 0.001 0.001 0.001 0.001 0.001 0.001 0.001 0.001 0.001 0.001 0.001 0.001 0.001 0.001 0.0001 0.0001 0.0001 0.0001 0.0001 0.0001 0.0001 0.0001 0.175 
Proportion of infected at cutoff : 0.0100
Proportion of susceptibles at cutoff : 0.9828
(50,0) : 71
(49,0) : 16
(44,5) : 1
(5,0) : 37
(48,2) : 7
(49,1) : 18
(11,0) : 10
(8,0) : 22
(14,0) : 12
(9,0) : 30
(15,0) : 9
(44,2) : 1
(47,2) : 4
(47,1) : 1
(48,0) : 5
(1,0) : 150
(14,2) : 1
(12,1) : 2
(48,1) : 5
(12,0) : 12
(14,1) : 2
(29,1) : 1
(4,0) : 44
(6,0) : 22
(3,0) : 55
(33,0) : 2
(39,2) : 1
(34,0) : 2
(45,3) : 1
(31,0) : 1
(10,0) : 10
(46,2) : 1
(2,0) : 95
(13,0) : 9
(11,1) : 1
(27,0) : 2
(36,2) : 1
(7,0) : 32
(1,1) : 3
(32,0) : 1
(6,1) : 2
(9,1) : 1
(45,2) : 1
(3,1) : 1
(16,0) : 5
(5,1) : 2
(47,3) : 1
(43,4) : 1
(7,1) : 2
(25,0) : 1
(36,0) : 1
(16,1) : 1
(26,0) : 1
(23,0) : 1
(41,2) : 1
(19,0) : 1
(38,1) : 1
(0,1) : 3
(4,1) : 2
(10,1) : 1
