pop size : 10000, betaG : 0.08500, lambdaH : 0.10000, lambdaW : 0.00100, gamma : 0.12500, Tmax : 150.00, threshold of infected : 0.010
0.37 0.32 0.13 0.12 0.04 0.02 
0.2192 0.12 0.08 0.06 0.05 0.045 0.04 0.035 0.03 0.02 0.02 0.02 0.015 0.015 0.015 0.015 0.001 0.001 0.001 0.001 0.001 0.001 0.001 0.001 0.001 0.001 0.001 0.001 0.001 0.001 0.001 0.001 0.001 0.001 0.001 0.001 0.001 0.001 0.001 0.001 0.001 0.0001 0.0001 0.0001 0.0001 0.0001 0.0001 0.0001 0.0001 0.175 
Proportion of infected at cutoff : 0.0100
Proportion of susceptibles at cutoff : 0.9787
(50,0) : 59
(49,0) : 18
(48,1) : 14
(45,3) : 1
(47,3) : 2
(47,2) : 6
(48,0) : 8
(49,1) : 20
(14,0) : 8
(12,0) : 14
(6,0) : 27
(46,2) : 1
(46,3) : 1
(10,0) : 12
(47,1) : 4
(8,1) : 1
(39,0) : 1
(11,0) : 14
(47,0) : 2
(3,0) : 57
(4,0) : 31
(8,0) : 24
(14,1) : 1
(7,0) : 25
(45,2) : 1
(12,1) : 1
(40,3) : 1
(48,2) : 4
(13,0) : 7
(5,0) : 24
(16,0) : 7
(9,0) : 21
(15,0) : 8
(35,0) : 2
(2,0) : 67
(38,2) : 1
(9,1) : 1
(23,0) : 1
(40,1) : 1
(37,0) : 1
(38,0) : 1
(44,3) : 1
(1,0) : 153
(43,3) : 1
(30,0) : 1
(18,0) : 1
(3,1) : 2
(11,1) : 1
(21,0) : 1
(22,0) : 1
(6,1) : 1
(7,1) : 2
(5,1) : 1
(1,1) : 2
(0,1) : 1
(0,0) : 4
