pop size : 10000, betaG : 0.08500, lambdaH : 0.10000, lambdaW : 0.00100, gamma : 0.12500, Tmax : 150.00, threshold of infected : 0.010
0.37 0.32 0.13 0.12 0.04 0.02 
0.2192 0.12 0.08 0.06 0.05 0.045 0.04 0.035 0.03 0.02 0.02 0.02 0.015 0.015 0.015 0.015 0.001 0.001 0.001 0.001 0.001 0.001 0.001 0.001 0.001 0.001 0.001 0.001 0.001 0.001 0.001 0.001 0.001 0.001 0.001 0.001 0.001 0.001 0.001 0.001 0.001 0.0001 0.0001 0.0001 0.0001 0.0001 0.0001 0.0001 0.0001 0.175 
Proportion of infected at cutoff : 0.0100
Proportion of susceptibles at cutoff : 0.9795
(3,0) : 73
(43,4) : 1
(50,0) : 49
(7,0) : 48
(48,2) : 6
(12,0) : 17
(2,0) : 86
(27,0) : 1
(14,0) : 11
(8,1) : 4
(49,0) : 16
(8,0) : 36
(6,0) : 43
(46,0) : 2
(48,1) : 8
(49,1) : 17
(37,0) : 3
(6,1) : 4
(46,1) : 1
(22,0) : 1
(48,0) : 4
(30,0) : 2
(19,0) : 1
(9,0) : 20
(5,0) : 34
(16,0) : 15
(4,0) : 44
(10,0) : 11
(25,0) : 2
(13,0) : 13
(15,0) : 10
(11,0) : 17
(1,0) : 179
(31,1) : 2
(28,0) : 1
(47,3) : 1
(47,1) : 7
(31,0) : 1
(29,0) : 1
(47,0) : 1
(25,7) : 1
(10,1) : 2
(11,1) : 2
(15,1) : 1
(46,4) : 1
(38,0) : 2
(47,2) : 3
(13,2) : 2
(21,0) : 1
(26,0) : 1
(13,1) : 1
(9,1) : 1
(41,0) : 1
(12,1) : 2
(22,1) : 1
(4,1) : 3
(5,1) : 2
(17,0) : 1
(7,1) : 1
(0,1) : 1
(0,0) : 1
