pop size : 10000, betaG : 0.08500, lambdaH : 0.10000, lambdaW : 0.00100, gamma : 0.12500, Tmax : 150.00, threshold of infected : 0.010
0.37 0.32 0.13 0.12 0.04 0.02 
0.2192 0.12 0.08 0.06 0.05 0.045 0.04 0.035 0.03 0.02 0.02 0.02 0.015 0.015 0.015 0.015 0.001 0.001 0.001 0.001 0.001 0.001 0.001 0.001 0.001 0.001 0.001 0.001 0.001 0.001 0.001 0.001 0.001 0.001 0.001 0.001 0.001 0.001 0.001 0.001 0.001 0.0001 0.0001 0.0001 0.0001 0.0001 0.0001 0.0001 0.0001 0.175 
Proportion of infected at cutoff : 0.0100
Proportion of susceptibles at cutoff : 0.9809
(49,0) : 21
(50,0) : 60
(48,0) : 5
(48,1) : 12
(49,1) : 17
(10,0) : 12
(45,4) : 1
(15,0) : 11
(7,0) : 31
(12,0) : 11
(44,5) : 1
(9,0) : 18
(2,0) : 97
(4,0) : 49
(8,0) : 28
(29,0) : 1
(48,2) : 5
(11,0) : 18
(14,0) : 11
(32,0) : 1
(28,1) : 1
(47,1) : 2
(13,0) : 7
(43,5) : 1
(43,2) : 1
(5,0) : 33
(24,0) : 1
(32,1) : 1
(47,3) : 3
(41,0) : 1
(3,0) : 71
(34,2) : 1
(35,1) : 1
(47,0) : 1
(6,0) : 34
(20,1) : 1
(47,2) : 1
(1,0) : 157
(16,0) : 5
(7,1) : 2
(46,0) : 1
(22,1) : 1
(8,1) : 2
(35,0) : 1
(6,1) : 5
(23,0) : 1
(13,1) : 3
(14,1) : 1
(22,0) : 1
(11,1) : 2
(12,1) : 3
(0,1) : 2
(21,0) : 1
(15,1) : 1
(25,0) : 1
(17,0) : 1
(1,1) : 1
(18,0) : 1
(9,1) : 1
(10,1) : 1
(5,1) : 1
