pop size : 10000, betaG : 0.08500, lambdaH : 0.10000, lambdaW : 0.00100, gamma : 0.12500, Tmax : 150.00, threshold of infected : 0.010
0.37 0.32 0.13 0.12 0.04 0.02 
0.2192 0.12 0.08 0.06 0.05 0.045 0.04 0.035 0.03 0.02 0.02 0.02 0.015 0.015 0.015 0.015 0.001 0.001 0.001 0.001 0.001 0.001 0.001 0.001 0.001 0.001 0.001 0.001 0.001 0.001 0.001 0.001 0.001 0.001 0.001 0.001 0.001 0.001 0.001 0.001 0.001 0.0001 0.0001 0.0001 0.0001 0.0001 0.0001 0.0001 0.0001 0.175 
Proportion of infected at cutoff : 0.0100
Proportion of susceptibles at cutoff : 0.9759
(7,0) : 34
(48,2) : 2
(16,0) : 10
(4,0) : 59
(46,0) : 1
(14,0) : 9
(50,0) : 49
(12,0) : 19
(45,3) : 1
(49,0) : 21
(25,0) : 2
(47,2) : 3
(47,3) : 3
(49,1) : 15
(13,0) : 14
(22,0) : 1
(32,0) : 1
(24,0) : 1
(15,0) : 13
(8,0) : 34
(34,0) : 1
(5,0) : 43
(10,0) : 19
(45,2) : 2
(48,1) : 8
(15,1) : 1
(11,0) : 12
(25,1) : 1
(2,0) : 80
(47,1) : 1
(48,0) : 6
(5,1) : 1
(29,0) : 2
(9,0) : 26
(44,2) : 2
(1,0) : 172
(6,0) : 36
(26,1) : 1
(40,0) : 1
(3,0) : 55
(46,3) : 1
(46,2) : 1
(41,1) : 1
(17,0) : 2
(2,1) : 4
(45,4) : 1
(35,0) : 1
(3,1) : 2
(8,1) : 3
(47,0) : 2
(10,1) : 4
(14,1) : 2
(27,0) : 1
(28,0) : 1
(38,1) : 1
(9,4) : 1
(23,0) : 1
(33,3) : 1
(7,1) : 2
(19,1) : 1
(4,1) : 1
(36,0) : 1
(20,0) : 1
(6,1) : 3
(11,1) : 1
(0,1) : 1
