pop size : 10000, betaG : 0.08500, lambdaH : 0.10000, lambdaW : 0.00100, gamma : 0.12500, Tmax : 150.00, threshold of infected : 0.010
0.37 0.32 0.13 0.12 0.04 0.02 
0.2192 0.12 0.08 0.06 0.05 0.045 0.04 0.035 0.03 0.02 0.02 0.02 0.015 0.015 0.015 0.015 0.001 0.001 0.001 0.001 0.001 0.001 0.001 0.001 0.001 0.001 0.001 0.001 0.001 0.001 0.001 0.001 0.001 0.001 0.001 0.001 0.001 0.001 0.001 0.001 0.001 0.0001 0.0001 0.0001 0.0001 0.0001 0.0001 0.0001 0.0001 0.175 
Proportion of infected at cutoff : 0.0100
Proportion of susceptibles at cutoff : 0.9745
(12,1) : 2
(48,0) : 5
(50,0) : 47
(16,0) : 12
(47,2) : 4
(40,0) : 1
(49,0) : 24
(23,0) : 2
(10,0) : 19
(47,1) : 5
(12,0) : 18
(48,1) : 5
(15,0) : 8
(49,1) : 13
(11,1) : 1
(47,3) : 1
(47,0) : 5
(5,0) : 36
(32,3) : 1
(14,0) : 10
(46,4) : 2
(48,2) : 9
(3,0) : 68
(45,2) : 1
(32,1) : 1
(19,0) : 2
(13,0) : 16
(4,0) : 40
(8,0) : 19
(46,1) : 1
(46,0) : 2
(11,0) : 11
(30,0) : 1
(6,0) : 35
(7,0) : 32
(3,1) : 3
(32,0) : 3
(9,0) : 22
(1,1) : 2
(22,0) : 1
(2,0) : 81
(31,0) : 1
(1,0) : 132
(5,2) : 1
(12,2) : 1
(20,0) : 3
(35,0) : 1
(0,0) : 4
(44,2) : 1
(36,0) : 1
(28,0) : 1
(8,1) : 3
(25,1) : 1
(42,0) : 1
(45,1) : 1
(10,1) : 3
(25,0) : 1
(2,1) : 4
(7,1) : 2
(6,1) : 1
(14,1) : 1
(5,1) : 3
