pop size : 10000, betaG : 0.08500, lambdaH : 0.10000, lambdaW : 0.00100, gamma : 0.12500, Tmax : 150.00, threshold of infected : 0.010
0.37 0.32 0.13 0.12 0.04 0.02 
0.2192 0.12 0.08 0.06 0.05 0.045 0.04 0.035 0.03 0.02 0.02 0.02 0.015 0.015 0.015 0.015 0.001 0.001 0.001 0.001 0.001 0.001 0.001 0.001 0.001 0.001 0.001 0.001 0.001 0.001 0.001 0.001 0.001 0.001 0.001 0.001 0.001 0.001 0.001 0.001 0.001 0.0001 0.0001 0.0001 0.0001 0.0001 0.0001 0.0001 0.0001 0.175 
Proportion of infected at cutoff : 0.0100
Proportion of susceptibles at cutoff : 0.9806
(48,2) : 5
(50,0) : 54
(12,0) : 13
(49,1) : 24
(10,0) : 18
(19,0) : 2
(48,1) : 9
(26,0) : 2
(49,0) : 21
(3,0) : 58
(7,0) : 27
(12,1) : 1
(15,0) : 10
(1,0) : 155
(46,2) : 2
(13,0) : 13
(46,0) : 1
(47,3) : 3
(45,3) : 2
(48,0) : 4
(45,0) : 1
(40,0) : 1
(47,2) : 2
(6,0) : 44
(3,1) : 3
(47,1) : 3
(10,1) : 3
(8,0) : 26
(4,0) : 46
(2,0) : 109
(41,0) : 1
(5,1) : 2
(9,0) : 22
(32,0) : 2
(16,0) : 7
(11,0) : 16
(30,0) : 1
(10,2) : 1
(33,0) : 1
(47,0) : 1
(14,0) : 6
(22,0) : 1
(34,1) : 1
(5,0) : 29
(8,1) : 2
(9,1) : 1
(13,1) : 1
(7,1) : 1
(2,1) : 3
(15,1) : 1
(40,6) : 1
(45,1) : 1
(1,1) : 3
(0,0) : 1
