pop size : 10000, betaG : 0.08500, lambdaH : 0.10000, lambdaW : 0.00100, gamma : 0.12500, Tmax : 150.00, threshold of infected : 0.010
0.37 0.32 0.13 0.12 0.04 0.02 
0.2192 0.12 0.08 0.06 0.05 0.045 0.04 0.035 0.03 0.02 0.02 0.02 0.015 0.015 0.015 0.015 0.001 0.001 0.001 0.001 0.001 0.001 0.001 0.001 0.001 0.001 0.001 0.001 0.001 0.001 0.001 0.001 0.001 0.001 0.001 0.001 0.001 0.001 0.001 0.001 0.001 0.0001 0.0001 0.0001 0.0001 0.0001 0.0001 0.0001 0.0001 0.175 
Proportion of infected at cutoff : 0.0100
Proportion of susceptibles at cutoff : 0.9766
(50,0) : 55
(11,0) : 20
(14,0) : 14
(12,0) : 9
(48,1) : 9
(46,1) : 2
(5,0) : 38
(49,0) : 17
(49,1) : 12
(45,2) : 2
(48,2) : 8
(48,0) : 7
(7,0) : 27
(37,0) : 2
(4,0) : 57
(40,0) : 1
(9,0) : 26
(3,0) : 59
(41,0) : 1
(46,4) : 1
(16,0) : 8
(46,3) : 1
(47,2) : 2
(47,0) : 3
(10,0) : 17
(38,0) : 2
(28,1) : 1
(26,0) : 1
(23,0) : 2
(14,1) : 2
(47,3) : 2
(2,0) : 98
(43,0) : 1
(44,4) : 1
(8,0) : 19
(18,0) : 1
(6,0) : 22
(15,0) : 12
(13,0) : 12
(22,2) : 1
(31,0) : 1
(12,1) : 1
(47,1) : 1
(20,2) : 1
(7,1) : 2
(46,0) : 1
(33,0) : 1
(1,0) : 162
(36,2) : 1
(4,1) : 3
(45,1) : 1
(12,2) : 1
(11,1) : 2
(19,0) : 1
(27,1) : 1
(15,1) : 1
(13,1) : 2
(45,0) : 1
(8,1) : 1
(5,1) : 1
(6,1) : 2
(30,1) : 1
(3,1) : 1
(2,1) : 3
(9,1) : 1
(1,1) : 1
(0,0) : 2
