pop size : 10000, betaG : 0.08500, lambdaH : 0.10000, lambdaW : 0.00100, gamma : 0.12500, Tmax : 150.00, threshold of infected : 0.010
0.37 0.32 0.13 0.12 0.04 0.02 
0.2192 0.12 0.08 0.06 0.05 0.045 0.04 0.035 0.03 0.02 0.02 0.02 0.015 0.015 0.015 0.015 0.001 0.001 0.001 0.001 0.001 0.001 0.001 0.001 0.001 0.001 0.001 0.001 0.001 0.001 0.001 0.001 0.001 0.001 0.001 0.001 0.001 0.001 0.001 0.001 0.001 0.0001 0.0001 0.0001 0.0001 0.0001 0.0001 0.0001 0.0001 0.175 
Proportion of infected at cutoff : 0.0100
Proportion of susceptibles at cutoff : 0.9719
(49,0) : 40
(50,0) : 31
(18,0) : 2
(13,0) : 17
(49,1) : 7
(15,0) : 11
(48,0) : 10
(48,1) : 9
(11,0) : 11
(47,0) : 6
(47,2) : 1
(2,0) : 75
(8,0) : 34
(30,0) : 3
(5,0) : 34
(47,1) : 6
(9,0) : 13
(48,2) : 5
(4,0) : 46
(6,0) : 20
(12,0) : 14
(7,0) : 28
(46,2) : 2
(45,5) : 1
(46,3) : 2
(14,0) : 10
(31,3) : 1
(39,0) : 2
(45,2) : 1
(46,0) : 3
(4,2) : 1
(44,3) : 1
(46,1) : 3
(16,0) : 7
(23,0) : 2
(38,0) : 1
(1,0) : 180
(10,0) : 10
(46,4) : 1
(45,4) : 2
(37,0) : 1
(45,1) : 1
(43,3) : 1
(3,0) : 47
(41,0) : 1
(8,1) : 2
(33,1) : 1
(10,1) : 1
(28,0) : 1
(34,1) : 1
(29,1) : 1
(12,1) : 1
(36,0) : 1
(17,1) : 1
(2,1) : 2
(5,1) : 2
(32,0) : 1
(11,1) : 1
(14,1) : 1
(7,1) : 1
(15,1) : 1
(3,1) : 1
(4,1) : 2
(7,2) : 1
(1,1) : 1
(0,0) : 1
