pop size : 10000, betaG : 0.08500, lambdaH : 0.10000, lambdaW : 0.00100, gamma : 0.12500, Tmax : 150.00, threshold of infected : 0.010
0.37 0.32 0.13 0.12 0.04 0.02 
0.2192 0.12 0.08 0.06 0.05 0.045 0.04 0.035 0.03 0.02 0.02 0.02 0.015 0.015 0.015 0.015 0.001 0.001 0.001 0.001 0.001 0.001 0.001 0.001 0.001 0.001 0.001 0.001 0.001 0.001 0.001 0.001 0.001 0.001 0.001 0.001 0.001 0.001 0.001 0.001 0.001 0.0001 0.0001 0.0001 0.0001 0.0001 0.0001 0.0001 0.0001 0.175 
Proportion of infected at cutoff : 0.0100
Proportion of susceptibles at cutoff : 0.9752
(49,0) : 21
(10,0) : 12
(1,0) : 149
(50,0) : 43
(6,1) : 2
(11,0) : 17
(23,0) : 3
(2,0) : 96
(48,1) : 14
(16,0) : 13
(48,2) : 2
(14,0) : 12
(48,0) : 11
(45,0) : 2
(20,0) : 3
(6,0) : 27
(8,0) : 20
(47,0) : 2
(31,2) : 1
(5,0) : 43
(7,0) : 36
(4,0) : 42
(44,1) : 1
(45,1) : 1
(47,1) : 2
(47,2) : 4
(49,1) : 14
(11,1) : 5
(46,1) : 3
(15,0) : 6
(43,5) : 1
(9,0) : 24
(3,0) : 60
(44,4) : 1
(40,0) : 2
(43,3) : 1
(21,0) : 1
(25,0) : 1
(13,0) : 11
(12,0) : 13
(38,0) : 1
(47,3) : 2
(26,0) : 1
(10,1) : 1
(46,3) : 1
(14,1) : 2
(37,1) : 1
(42,0) : 1
(19,0) : 2
(45,3) : 1
(17,0) : 1
(8,1) : 2
(29,0) : 1
(7,1) : 1
(39,0) : 1
(10,2) : 1
(41,0) : 1
(18,0) : 1
(5,1) : 3
(4,1) : 2
(35,0) : 1
(2,1) : 2
(3,1) : 1
(1,1) : 3
(0,0) : 2
