pop size : 10000, betaG : 0.08500, lambdaH : 0.10000, lambdaW : 0.00100, gamma : 0.12500, Tmax : 150.00, threshold of infected : 0.010
0.37 0.32 0.13 0.12 0.04 0.02 
0.2192 0.12 0.08 0.06 0.05 0.045 0.04 0.035 0.03 0.02 0.02 0.02 0.015 0.015 0.015 0.015 0.001 0.001 0.001 0.001 0.001 0.001 0.001 0.001 0.001 0.001 0.001 0.001 0.001 0.001 0.001 0.001 0.001 0.001 0.001 0.001 0.001 0.001 0.001 0.001 0.001 0.0001 0.0001 0.0001 0.0001 0.0001 0.0001 0.0001 0.0001 0.175 
Proportion of infected at cutoff : 0.0100
Proportion of susceptibles at cutoff : 0.9751
(50,0) : 50
(49,0) : 24
(11,2) : 1
(49,1) : 13
(7,0) : 35
(11,0) : 16
(16,0) : 9
(48,0) : 6
(2,0) : 91
(6,0) : 34
(8,0) : 26
(33,0) : 3
(13,1) : 2
(4,0) : 37
(47,0) : 3
(14,0) : 7
(40,0) : 2
(37,1) : 2
(48,1) : 9
(12,0) : 14
(17,1) : 1
(44,4) : 3
(46,2) : 3
(1,0) : 167
(9,0) : 18
(47,1) : 2
(5,0) : 41
(48,2) : 4
(24,0) : 1
(19,1) : 2
(3,0) : 51
(30,0) : 1
(13,0) : 12
(46,1) : 3
(45,3) : 1
(26,2) : 1
(15,0) : 10
(27,1) : 1
(26,1) : 1
(6,1) : 2
(31,0) : 1
(10,0) : 18
(5,2) : 1
(11,1) : 3
(45,1) : 1
(43,0) : 1
(46,3) : 1
(28,0) : 1
(14,1) : 1
(46,0) : 1
(47,3) : 1
(19,0) : 1
(15,1) : 1
(18,0) : 1
(7,1) : 3
(37,0) : 1
(4,1) : 2
(2,1) : 1
(38,0) : 1
(44,1) : 1
(9,2) : 1
(9,1) : 2
(30,1) : 1
(5,1) : 1
(0,0) : 3
(0,1) : 2
