pop size : 10000, betaG : 0.08500, lambdaH : 0.10000, lambdaW : 0.00100, gamma : 0.12500, Tmax : 150.00, threshold of infected : 0.010
0.37 0.32 0.13 0.12 0.04 0.02 
0.2192 0.12 0.08 0.06 0.05 0.045 0.04 0.035 0.03 0.02 0.02 0.02 0.015 0.015 0.015 0.015 0.001 0.001 0.001 0.001 0.001 0.001 0.001 0.001 0.001 0.001 0.001 0.001 0.001 0.001 0.001 0.001 0.001 0.001 0.001 0.001 0.001 0.001 0.001 0.001 0.001 0.0001 0.0001 0.0001 0.0001 0.0001 0.0001 0.0001 0.0001 0.175 
Proportion of infected at cutoff : 0.0100
Proportion of susceptibles at cutoff : 0.9759
(2,0) : 83
(12,0) : 18
(45,4) : 1
(49,1) : 14
(47,0) : 4
(35,0) : 2
(48,0) : 12
(50,0) : 54
(10,0) : 18
(49,0) : 21
(9,0) : 29
(47,2) : 6
(48,1) : 9
(4,0) : 43
(48,2) : 5
(8,0) : 20
(10,1) : 1
(44,3) : 3
(3,0) : 57
(7,0) : 21
(14,1) : 2
(6,0) : 23
(18,0) : 5
(6,1) : 3
(13,0) : 8
(28,0) : 2
(27,1) : 1
(11,0) : 13
(47,1) : 1
(46,3) : 1
(8,1) : 3
(47,3) : 2
(5,0) : 27
(46,2) : 1
(38,1) : 1
(15,0) : 6
(15,1) : 1
(1,0) : 152
(39,0) : 1
(42,0) : 1
(32,1) : 1
(22,0) : 2
(24,0) : 1
(3,1) : 2
(23,0) : 1
(28,1) : 1
(44,0) : 1
(13,1) : 1
(46,4) : 1
(14,0) : 5
(36,0) : 1
(26,0) : 1
(5,1) : 2
(41,0) : 1
(16,0) : 1
(34,0) : 1
(7,1) : 3
(2,1) : 3
(4,1) : 1
(0,0) : 1
