pop size : 10000, betaG : 0.08500, lambdaH : 0.10000, lambdaW : 0.00100, gamma : 0.12500, Tmax : 150.00, threshold of infected : 0.010
0.37 0.32 0.13 0.12 0.04 0.02 
0.2192 0.12 0.08 0.06 0.05 0.045 0.04 0.035 0.03 0.02 0.02 0.02 0.015 0.015 0.015 0.015 0.001 0.001 0.001 0.001 0.001 0.001 0.001 0.001 0.001 0.001 0.001 0.001 0.001 0.001 0.001 0.001 0.001 0.001 0.001 0.001 0.001 0.001 0.001 0.001 0.001 0.0001 0.0001 0.0001 0.0001 0.0001 0.0001 0.0001 0.0001 0.175 
Proportion of infected at cutoff : 0.0100
Proportion of susceptibles at cutoff : 0.9805
(50,0) : 59
(46,4) : 2
(4,0) : 33
(48,0) : 5
(48,1) : 8
(49,1) : 21
(49,0) : 23
(44,1) : 1
(2,0) : 73
(7,0) : 26
(15,0) : 14
(13,0) : 8
(8,1) : 2
(8,0) : 16
(48,2) : 3
(14,0) : 14
(44,3) : 1
(13,1) : 2
(10,0) : 8
(16,0) : 9
(10,1) : 1
(5,0) : 27
(14,1) : 3
(34,0) : 1
(1,0) : 169
(9,0) : 19
(12,0) : 17
(26,1) : 1
(37,0) : 2
(31,1) : 1
(34,2) : 1
(6,0) : 33
(18,1) : 1
(47,2) : 1
(47,1) : 4
(46,2) : 1
(11,0) : 8
(45,2) : 1
(33,0) : 1
(3,0) : 69
(41,0) : 2
(47,3) : 2
(0,0) : 2
(45,3) : 1
(20,0) : 1
(34,1) : 1
(32,1) : 1
(5,1) : 2
(11,1) : 3
(35,0) : 1
(21,0) : 1
(9,1) : 1
(12,1) : 2
(19,0) : 1
(6,1) : 3
(27,0) : 1
(16,1) : 1
(26,0) : 1
(25,0) : 1
(1,1) : 2
(2,1) : 2
(7,1) : 1
(4,1) : 1
(0,1) : 1
