pop size : 10000, betaG : 0.08500, lambdaH : 0.10000, lambdaW : 0.00100, gamma : 0.12500, Tmax : 150.00, threshold of infected : 0.010
0.37 0.32 0.13 0.12 0.04 0.02 
0.2192 0.12 0.08 0.06 0.05 0.045 0.04 0.035 0.03 0.02 0.02 0.02 0.015 0.015 0.015 0.015 0.001 0.001 0.001 0.001 0.001 0.001 0.001 0.001 0.001 0.001 0.001 0.001 0.001 0.001 0.001 0.001 0.001 0.001 0.001 0.001 0.001 0.001 0.001 0.001 0.001 0.0001 0.0001 0.0001 0.0001 0.0001 0.0001 0.0001 0.0001 0.175 
Proportion of infected at cutoff : 0.0100
Proportion of susceptibles at cutoff : 0.9753
(49,0) : 21
(39,0) : 2
(48,2) : 5
(9,0) : 26
(5,0) : 33
(50,0) : 48
(11,0) : 11
(6,0) : 32
(47,2) : 2
(45,0) : 1
(38,1) : 2
(48,1) : 12
(49,1) : 16
(3,0) : 62
(8,0) : 26
(48,0) : 8
(7,0) : 31
(14,0) : 10
(1,0) : 155
(2,0) : 77
(46,2) : 1
(45,2) : 1
(10,0) : 14
(14,1) : 2
(41,0) : 1
(46,1) : 4
(42,2) : 1
(4,0) : 48
(30,0) : 2
(47,1) : 1
(26,0) : 3
(36,0) : 3
(29,1) : 1
(20,0) : 1
(12,0) : 8
(45,1) : 1
(10,1) : 2
(15,0) : 11
(33,1) : 1
(46,3) : 2
(27,1) : 2
(35,1) : 1
(32,0) : 1
(42,3) : 1
(16,0) : 7
(8,1) : 4
(38,0) : 1
(47,0) : 1
(13,1) : 2
(35,0) : 1
(17,0) : 1
(19,2) : 1
(15,1) : 1
(3,1) : 1
(4,1) : 2
(13,0) : 8
(6,1) : 3
(9,1) : 2
(12,1) : 2
(22,0) : 1
(25,0) : 1
(7,1) : 2
(2,1) : 2
(19,0) : 1
(1,1) : 1
(0,1) : 2
(0,0) : 3
