pop size : 10000, betaG : 0.08500, lambdaH : 0.10000, lambdaW : 0.00100, gamma : 0.12500, Tmax : 150.00, threshold of infected : 0.010
0.37 0.32 0.13 0.12 0.04 0.02 
0.2192 0.12 0.08 0.06 0.05 0.045 0.04 0.035 0.03 0.02 0.02 0.02 0.015 0.015 0.015 0.015 0.001 0.001 0.001 0.001 0.001 0.001 0.001 0.001 0.001 0.001 0.001 0.001 0.001 0.001 0.001 0.001 0.001 0.001 0.001 0.001 0.001 0.001 0.001 0.001 0.001 0.0001 0.0001 0.0001 0.0001 0.0001 0.0001 0.0001 0.0001 0.175 
Proportion of infected at cutoff : 0.0100
Proportion of susceptibles at cutoff : 0.9769
(50,0) : 55
(49,0) : 26
(15,0) : 11
(47,2) : 5
(48,1) : 8
(46,3) : 1
(49,1) : 13
(12,0) : 14
(9,0) : 16
(5,0) : 43
(8,0) : 27
(4,0) : 39
(37,0) : 1
(10,0) : 12
(48,0) : 9
(6,0) : 28
(1,0) : 172
(48,2) : 7
(11,0) : 12
(14,1) : 2
(2,0) : 84
(14,0) : 8
(47,1) : 5
(42,2) : 1
(18,0) : 1
(29,0) : 2
(16,0) : 4
(43,6) : 1
(3,0) : 49
(31,0) : 1
(35,0) : 2
(5,2) : 1
(15,1) : 1
(46,0) : 2
(13,1) : 2
(46,4) : 1
(20,0) : 2
(22,0) : 1
(2,1) : 3
(43,3) : 1
(25,0) : 1
(32,0) : 1
(7,0) : 25
(13,0) : 6
(19,0) : 1
(45,2) : 1
(45,4) : 1
(2,2) : 1
(7,1) : 4
(9,1) : 1
(33,1) : 1
(46,1) : 1
(30,0) : 1
(17,0) : 1
(38,0) : 1
(6,1) : 1
(14,2) : 1
(8,1) : 1
(5,1) : 2
(11,1) : 1
(0,0) : 6
