pop size : 10000, betaG : 0.08500, lambdaH : 0.10000, lambdaW : 0.00100, gamma : 0.12500, Tmax : 150.00, threshold of infected : 0.010
0.37 0.32 0.13 0.12 0.04 0.02 
0.2192 0.12 0.08 0.06 0.05 0.045 0.04 0.035 0.03 0.02 0.02 0.02 0.015 0.015 0.015 0.015 0.001 0.001 0.001 0.001 0.001 0.001 0.001 0.001 0.001 0.001 0.001 0.001 0.001 0.001 0.001 0.001 0.001 0.001 0.001 0.001 0.001 0.001 0.001 0.001 0.001 0.0001 0.0001 0.0001 0.0001 0.0001 0.0001 0.0001 0.0001 0.175 
Proportion of infected at cutoff : 0.0100
Proportion of susceptibles at cutoff : 0.9799
(50,0) : 56
(4,0) : 53
(48,1) : 14
(7,0) : 31
(34,0) : 2
(14,0) : 11
(5,0) : 44
(48,2) : 7
(6,0) : 32
(47,2) : 4
(39,0) : 2
(13,0) : 13
(8,0) : 17
(49,1) : 16
(48,0) : 3
(49,0) : 21
(2,0) : 74
(37,0) : 1
(17,0) : 2
(32,0) : 1
(31,0) : 1
(47,1) : 4
(12,0) : 6
(10,0) : 13
(46,2) : 2
(32,3) : 1
(3,0) : 53
(1,0) : 169
(16,0) : 7
(47,3) : 1
(25,0) : 2
(15,0) : 5
(11,0) : 16
(46,0) : 1
(9,0) : 19
(38,2) : 1
(23,0) : 2
(42,6) : 1
(15,1) : 2
(22,0) : 1
(35,0) : 1
(13,1) : 1
(9,1) : 1
(24,0) : 1
(28,0) : 2
(33,0) : 2
(44,1) : 1
(21,0) : 2
(11,1) : 1
(45,3) : 1
(5,1) : 2
(7,1) : 2
(4,1) : 2
(0,1) : 2
(6,1) : 1
(8,1) : 2
(10,1) : 1
(0,0) : 1
(1,1) : 2
(3,1) : 1
(7,2) : 1
