pop size : 10000, betaG : 0.08500, lambdaH : 0.10000, lambdaW : 0.00100, gamma : 0.12500, Tmax : 150.00, threshold of infected : 0.010
0.37 0.32 0.13 0.12 0.04 0.02 
0.2192 0.12 0.08 0.06 0.05 0.045 0.04 0.035 0.03 0.02 0.02 0.02 0.015 0.015 0.015 0.015 0.001 0.001 0.001 0.001 0.001 0.001 0.001 0.001 0.001 0.001 0.001 0.001 0.001 0.001 0.001 0.001 0.001 0.001 0.001 0.001 0.001 0.001 0.001 0.001 0.001 0.0001 0.0001 0.0001 0.0001 0.0001 0.0001 0.0001 0.0001 0.175 
Proportion of infected at cutoff : 0.0100
Proportion of susceptibles at cutoff : 0.9749
(48,0) : 11
(39,0) : 2
(49,0) : 27
(9,1) : 3
(46,0) : 2
(29,0) : 2
(50,0) : 41
(4,0) : 43
(48,1) : 14
(8,0) : 19
(47,1) : 7
(9,0) : 27
(11,0) : 9
(49,1) : 17
(21,0) : 1
(13,0) : 10
(40,1) : 1
(13,2) : 1
(12,0) : 17
(10,0) : 15
(6,0) : 37
(36,0) : 3
(37,1) : 1
(7,1) : 2
(28,0) : 1
(47,0) : 2
(1,0) : 141
(7,0) : 31
(16,0) : 7
(15,0) : 6
(14,0) : 11
(12,1) : 2
(2,0) : 99
(19,0) : 1
(41,0) : 2
(3,0) : 62
(10,1) : 1
(15,1) : 3
(5,0) : 31
(6,1) : 1
(8,1) : 4
(14,1) : 2
(12,2) : 3
(0,0) : 4
(47,2) : 2
(44,3) : 1
(36,1) : 1
(31,0) : 2
(48,2) : 1
(4,1) : 3
(46,2) : 1
(47,3) : 1
(11,1) : 2
(10,2) : 2
(22,0) : 1
(23,0) : 1
(5,1) : 2
(1,1) : 2
(2,2) : 1
(2,1) : 2
(0,1) : 1
(3,1) : 1
