pop size : 10000, betaG : 0.08500, lambdaH : 0.10000, lambdaW : 0.00100, gamma : 0.12500, Tmax : 150.00, threshold of infected : 0.010
0.37 0.32 0.13 0.12 0.04 0.02 
0.2192 0.12 0.08 0.06 0.05 0.045 0.04 0.035 0.03 0.02 0.02 0.02 0.015 0.015 0.015 0.015 0.001 0.001 0.001 0.001 0.001 0.001 0.001 0.001 0.001 0.001 0.001 0.001 0.001 0.001 0.001 0.001 0.001 0.001 0.001 0.001 0.001 0.001 0.001 0.001 0.001 0.0001 0.0001 0.0001 0.0001 0.0001 0.0001 0.0001 0.0001 0.175 
Proportion of infected at cutoff : 0.0100
Proportion of susceptibles at cutoff : 0.9818
(49,0) : 14
(50,0) : 56
(36,0) : 1
(12,0) : 15
(49,1) : 22
(33,1) : 2
(48,0) : 4
(2,0) : 71
(9,0) : 18
(15,0) : 16
(7,0) : 34
(16,0) : 6
(5,0) : 43
(14,0) : 13
(48,2) : 4
(3,0) : 54
(48,1) : 11
(11,0) : 19
(37,0) : 3
(4,0) : 54
(35,1) : 1
(47,1) : 2
(8,0) : 27
(44,3) : 1
(38,0) : 1
(46,2) : 3
(10,0) : 17
(47,0) : 2
(45,3) : 2
(47,3) : 3
(7,1) : 1
(1,0) : 155
(13,0) : 9
(46,3) : 1
(21,1) : 1
(47,2) : 2
(27,0) : 1
(4,1) : 1
(6,0) : 28
(46,1) : 1
(39,1) : 1
(15,1) : 2
(35,2) : 1
(24,1) : 1
(22,0) : 1
(8,1) : 1
(10,1) : 2
(41,0) : 1
(20,0) : 1
(19,0) : 1
(6,1) : 3
(30,0) : 1
(18,0) : 1
(1,1) : 1
(2,1) : 3
(3,1) : 2
(5,1) : 1
(0,0) : 2
