pop size : 10000, betaG : 0.08500, lambdaH : 0.10000, lambdaW : 0.00100, gamma : 0.12500, Tmax : 150.00, threshold of infected : 0.010
0.37 0.32 0.13 0.12 0.04 0.02 
0.2192 0.12 0.08 0.06 0.05 0.045 0.04 0.035 0.03 0.02 0.02 0.02 0.015 0.015 0.015 0.015 0.001 0.001 0.001 0.001 0.001 0.001 0.001 0.001 0.001 0.001 0.001 0.001 0.001 0.001 0.001 0.001 0.001 0.001 0.001 0.001 0.001 0.001 0.001 0.001 0.001 0.0001 0.0001 0.0001 0.0001 0.0001 0.0001 0.0001 0.0001 0.175 
Proportion of infected at cutoff : 0.0100
Proportion of susceptibles at cutoff : 0.9764
(16,0) : 7
(48,1) : 11
(50,0) : 51
(47,0) : 5
(49,0) : 20
(45,0) : 1
(49,1) : 14
(6,0) : 35
(13,0) : 12
(44,2) : 1
(24,0) : 1
(1,0) : 165
(12,1) : 2
(45,1) : 1
(35,0) : 2
(45,4) : 1
(48,0) : 6
(11,0) : 20
(8,0) : 21
(4,0) : 60
(34,0) : 3
(12,0) : 14
(48,2) : 7
(3,0) : 56
(46,2) : 2
(5,1) : 6
(5,0) : 42
(6,1) : 2
(12,2) : 2
(23,0) : 2
(10,0) : 18
(15,0) : 12
(47,1) : 1
(47,2) : 4
(9,0) : 19
(46,0) : 1
(2,0) : 80
(42,5) : 1
(9,1) : 2
(44,1) : 1
(7,0) : 25
(32,0) : 3
(29,0) : 1
(31,0) : 1
(14,0) : 9
(11,1) : 2
(2,1) : 2
(7,2) : 1
(46,3) : 1
(7,1) : 1
(22,1) : 1
(13,1) : 2
(8,1) : 1
(27,1) : 1
(17,0) : 1
(14,1) : 1
(0,0) : 2
(3,1) : 1
(4,1) : 1
(1,1) : 1
