pop size : 10000, betaG : 0.08500, lambdaH : 0.10000, lambdaW : 0.00100, gamma : 0.12500, Tmax : 150.00, threshold of infected : 0.010
0.37 0.32 0.13 0.12 0.04 0.02 
0.2192 0.12 0.08 0.06 0.05 0.045 0.04 0.035 0.03 0.02 0.02 0.02 0.015 0.015 0.015 0.015 0.001 0.001 0.001 0.001 0.001 0.001 0.001 0.001 0.001 0.001 0.001 0.001 0.001 0.001 0.001 0.001 0.001 0.001 0.001 0.001 0.001 0.001 0.001 0.001 0.001 0.0001 0.0001 0.0001 0.0001 0.0001 0.0001 0.0001 0.0001 0.175 
Proportion of infected at cutoff : 0.0100
Proportion of susceptibles at cutoff : 0.9732
(15,0) : 5
(24,0) : 2
(50,0) : 39
(16,0) : 7
(48,0) : 10
(47,1) : 8
(47,2) : 6
(3,0) : 60
(18,0) : 3
(11,0) : 13
(45,0) : 1
(49,0) : 27
(35,2) : 1
(2,0) : 96
(6,0) : 22
(10,0) : 20
(5,0) : 39
(13,1) : 3
(8,1) : 2
(1,0) : 191
(9,0) : 17
(48,1) : 11
(46,0) : 3
(7,0) : 24
(49,1) : 17
(4,0) : 49
(47,3) : 2
(41,0) : 1
(7,1) : 2
(46,1) : 1
(8,0) : 22
(23,0) : 1
(45,2) : 3
(9,1) : 2
(48,2) : 2
(43,3) : 1
(13,0) : 13
(6,1) : 2
(27,0) : 1
(12,0) : 9
(17,1) : 1
(34,0) : 1
(46,2) : 3
(14,0) : 8
(44,1) : 1
(47,0) : 1
(26,0) : 2
(37,0) : 1
(28,0) : 1
(46,3) : 1
(11,2) : 1
(31,1) : 1
(14,1) : 1
(17,0) : 1
(3,1) : 1
(11,1) : 1
(4,1) : 1
(0,1) : 1
(0,0) : 4
