pop size : 10000, betaG : 0.08500, lambdaH : 0.10000, lambdaW : 0.00100, gamma : 0.12500, Tmax : 150.00, threshold of infected : 0.010
0.37 0.32 0.13 0.12 0.04 0.02 
0.2192 0.12 0.08 0.06 0.05 0.045 0.04 0.035 0.03 0.02 0.02 0.02 0.015 0.015 0.015 0.015 0.001 0.001 0.001 0.001 0.001 0.001 0.001 0.001 0.001 0.001 0.001 0.001 0.001 0.001 0.001 0.001 0.001 0.001 0.001 0.001 0.001 0.001 0.001 0.001 0.001 0.0001 0.0001 0.0001 0.0001 0.0001 0.0001 0.0001 0.0001 0.175 
Proportion of infected at cutoff : 0.0100
Proportion of susceptibles at cutoff : 0.9748
(31,0) : 2
(49,0) : 11
(48,1) : 8
(2,0) : 93
(49,1) : 14
(6,0) : 44
(50,0) : 56
(21,0) : 1
(33,0) : 1
(1,0) : 147
(47,2) : 6
(45,3) : 2
(11,0) : 14
(46,3) : 2
(47,1) : 6
(4,0) : 47
(47,0) : 5
(14,0) : 23
(12,0) : 18
(44,1) : 1
(3,0) : 61
(39,0) : 2
(48,0) : 8
(5,0) : 34
(47,3) : 1
(44,0) : 2
(23,0) : 2
(9,0) : 30
(7,1) : 4
(14,1) : 3
(13,0) : 9
(15,0) : 8
(16,0) : 7
(8,0) : 21
(5,1) : 3
(45,5) : 1
(24,1) : 1
(7,0) : 20
(10,0) : 9
(4,2) : 1
(32,0) : 1
(45,0) : 1
(40,0) : 1
(11,1) : 2
(46,0) : 1
(48,2) : 1
(34,1) : 1
(4,1) : 2
(19,1) : 1
(37,0) : 1
(8,1) : 2
(35,0) : 1
(18,0) : 2
(26,1) : 1
(34,0) : 1
(10,1) : 1
(6,1) : 1
(13,1) : 2
(3,1) : 3
(1,1) : 2
(15,1) : 1
(0,1) : 3
(2,1) : 2
(0,0) : 2
