pop size : 10000, betaG : 0.08500, lambdaH : 0.10000, lambdaW : 0.00100, gamma : 0.12500, Tmax : 150.00, threshold of infected : 0.010
0.37 0.32 0.13 0.12 0.04 0.02 
0.2192 0.12 0.08 0.06 0.05 0.045 0.04 0.035 0.03 0.02 0.02 0.02 0.015 0.015 0.015 0.015 0.001 0.001 0.001 0.001 0.001 0.001 0.001 0.001 0.001 0.001 0.001 0.001 0.001 0.001 0.001 0.001 0.001 0.001 0.001 0.001 0.001 0.001 0.001 0.001 0.001 0.0001 0.0001 0.0001 0.0001 0.0001 0.0001 0.0001 0.0001 0.175 
Proportion of infected at cutoff : 0.0100
Proportion of susceptibles at cutoff : 0.9741
(50,0) : 51
(48,0) : 13
(18,0) : 1
(20,0) : 1
(12,0) : 13
(49,1) : 15
(48,1) : 8
(48,2) : 5
(4,0) : 52
(46,1) : 2
(49,0) : 21
(15,0) : 11
(8,0) : 23
(24,0) : 1
(5,0) : 29
(6,0) : 24
(45,1) : 1
(2,0) : 85
(46,2) : 4
(38,0) : 2
(7,0) : 25
(10,0) : 13
(47,0) : 3
(7,1) : 2
(45,2) : 1
(47,1) : 3
(13,0) : 13
(45,3) : 3
(19,0) : 2
(28,0) : 2
(43,4) : 1
(46,0) : 2
(9,0) : 18
(1,0) : 162
(32,0) : 2
(13,1) : 1
(28,3) : 1
(11,0) : 8
(3,0) : 53
(34,1) : 1
(0,0) : 2
(34,0) : 1
(17,0) : 1
(5,1) : 3
(14,0) : 12
(16,0) : 7
(46,4) : 1
(33,1) : 1
(11,1) : 3
(6,1) : 4
(39,0) : 1
(27,0) : 1
(15,1) : 1
(14,1) : 1
(10,1) : 2
(9,1) : 1
(30,1) : 1
(3,1) : 3
(12,2) : 1
(0,1) : 4
(2,1) : 1
