pop size : 10000, betaG : 0.08500, lambdaH : 0.10000, lambdaW : 0.00100, gamma : 0.12500, Tmax : 150.00, threshold of infected : 0.010
0.37 0.32 0.13 0.12 0.04 0.02 
0.2192 0.12 0.08 0.06 0.05 0.045 0.04 0.035 0.03 0.02 0.02 0.02 0.015 0.015 0.015 0.015 0.001 0.001 0.001 0.001 0.001 0.001 0.001 0.001 0.001 0.001 0.001 0.001 0.001 0.001 0.001 0.001 0.001 0.001 0.001 0.001 0.001 0.001 0.001 0.001 0.001 0.0001 0.0001 0.0001 0.0001 0.0001 0.0001 0.0001 0.0001 0.175 
Proportion of infected at cutoff : 0.0100
Proportion of susceptibles at cutoff : 0.9847
(16,0) : 12
(50,0) : 84
(49,1) : 22
(47,1) : 1
(10,0) : 14
(6,0) : 27
(11,0) : 14
(19,0) : 1
(4,0) : 39
(10,1) : 2
(49,0) : 8
(3,0) : 51
(47,2) : 2
(31,0) : 1
(9,0) : 19
(12,0) : 11
(15,0) : 10
(45,5) : 2
(32,0) : 1
(46,2) : 2
(47,3) : 2
(1,0) : 165
(1,1) : 2
(5,0) : 39
(14,0) : 8
(48,1) : 6
(38,0) : 1
(34,1) : 2
(2,0) : 84
(8,0) : 24
(8,1) : 1
(26,2) : 1
(39,0) : 1
(14,1) : 3
(46,3) : 2
(7,0) : 24
(40,0) : 1
(18,0) : 1
(35,0) : 1
(48,2) : 2
(4,1) : 2
(10,2) : 1
(35,1) : 1
(21,0) : 1
(43,4) : 1
(48,0) : 1
(46,1) : 1
(5,1) : 1
(25,0) : 1
(5,2) : 1
(17,0) : 1
(13,0) : 2
(47,0) : 1
(12,1) : 2
(13,1) : 1
(7,2) : 1
(22,0) : 1
(7,1) : 1
(9,1) : 1
(2,1) : 2
(17,1) : 1
(11,1) : 1
(6,1) : 1
