pop size : 10000, betaG : 0.08500, lambdaH : 0.10000, lambdaW : 0.00100, gamma : 0.12500, Tmax : 150.00, threshold of infected : 0.010
0.37 0.32 0.13 0.12 0.04 0.02 
0.2192 0.12 0.08 0.06 0.05 0.045 0.04 0.035 0.03 0.02 0.02 0.02 0.015 0.015 0.015 0.015 0.001 0.001 0.001 0.001 0.001 0.001 0.001 0.001 0.001 0.001 0.001 0.001 0.001 0.001 0.001 0.001 0.001 0.001 0.001 0.001 0.001 0.001 0.001 0.001 0.001 0.0001 0.0001 0.0001 0.0001 0.0001 0.0001 0.0001 0.0001 0.175 
Proportion of infected at cutoff : 0.0100
Proportion of susceptibles at cutoff : 0.9789
(49,0) : 25
(50,0) : 50
(47,1) : 8
(4,0) : 42
(27,0) : 1
(32,0) : 2
(14,0) : 10
(48,0) : 4
(7,0) : 28
(47,2) : 3
(46,1) : 2
(41,0) : 2
(3,0) : 55
(6,0) : 31
(49,1) : 18
(16,0) : 10
(48,2) : 4
(11,0) : 15
(5,0) : 38
(1,0) : 178
(48,1) : 9
(12,1) : 3
(12,0) : 10
(15,0) : 7
(9,1) : 2
(10,1) : 1
(46,3) : 2
(42,3) : 1
(13,0) : 11
(2,0) : 89
(46,2) : 1
(10,0) : 17
(40,0) : 1
(47,0) : 1
(9,0) : 21
(35,0) : 1
(34,0) : 1
(47,3) : 2
(14,1) : 3
(13,1) : 2
(45,1) : 1
(8,0) : 12
(3,1) : 3
(20,0) : 2
(15,1) : 3
(22,0) : 1
(26,0) : 1
(21,0) : 1
(33,1) : 1
(7,1) : 2
(24,0) : 2
(29,0) : 1
(17,1) : 2
(6,1) : 1
(8,1) : 1
(19,0) : 1
(5,1) : 2
(28,0) : 1
(11,2) : 1
(4,1) : 1
(2,1) : 1
(18,0) : 1
(0,0) : 3
(1,1) : 1
