pop size : 10000, betaG : 0.08500, lambdaH : 0.10000, lambdaW : 0.00100, gamma : 0.12500, Tmax : 150.00, threshold of infected : 0.010
0.37 0.32 0.13 0.12 0.04 0.02 
0.2192 0.12 0.08 0.06 0.05 0.045 0.04 0.035 0.03 0.02 0.02 0.02 0.015 0.015 0.015 0.015 0.001 0.001 0.001 0.001 0.001 0.001 0.001 0.001 0.001 0.001 0.001 0.001 0.001 0.001 0.001 0.001 0.001 0.001 0.001 0.001 0.001 0.001 0.001 0.001 0.001 0.0001 0.0001 0.0001 0.0001 0.0001 0.0001 0.0001 0.0001 0.175 
Proportion of infected at cutoff : 0.0100
Proportion of susceptibles at cutoff : 0.9765
(49,1) : 20
(50,0) : 46
(5,0) : 28
(49,0) : 27
(10,0) : 18
(12,0) : 11
(47,1) : 5
(8,0) : 24
(40,0) : 2
(45,0) : 1
(48,1) : 13
(6,0) : 25
(1,0) : 157
(46,0) : 1
(16,0) : 8
(26,0) : 2
(14,0) : 8
(42,0) : 1
(11,0) : 11
(44,0) : 1
(15,0) : 13
(29,0) : 1
(48,2) : 6
(7,0) : 29
(9,0) : 15
(3,0) : 56
(48,0) : 8
(45,1) : 1
(14,1) : 1
(47,2) : 2
(2,0) : 70
(13,0) : 14
(41,0) : 1
(28,1) : 1
(1,1) : 1
(4,0) : 36
(27,2) : 1
(6,1) : 3
(45,3) : 1
(20,0) : 2
(43,3) : 1
(28,0) : 1
(46,1) : 1
(32,2) : 1
(22,1) : 1
(47,3) : 1
(12,1) : 2
(13,1) : 1
(7,1) : 2
(5,1) : 2
(11,1) : 3
(8,2) : 2
(37,1) : 1
(30,0) : 1
(9,1) : 2
(4,1) : 1
(18,1) : 1
(8,1) : 1
(0,1) : 2
(3,1) : 1
(15,1) : 1
