pop size : 10000, betaG : 0.08500, lambdaH : 0.10000, lambdaW : 0.00100, gamma : 0.12500, Tmax : 150.00, threshold of infected : 0.010
0.37 0.32 0.13 0.12 0.04 0.02 
0.2192 0.12 0.08 0.06 0.05 0.045 0.04 0.035 0.03 0.02 0.02 0.02 0.015 0.015 0.015 0.015 0.001 0.001 0.001 0.001 0.001 0.001 0.001 0.001 0.001 0.001 0.001 0.001 0.001 0.001 0.001 0.001 0.001 0.001 0.001 0.001 0.001 0.001 0.001 0.001 0.001 0.0001 0.0001 0.0001 0.0001 0.0001 0.0001 0.0001 0.0001 0.175 
Proportion of infected at cutoff : 0.0100
Proportion of susceptibles at cutoff : 0.9791
(48,1) : 11
(2,0) : 95
(49,0) : 25
(50,0) : 49
(47,1) : 5
(49,1) : 18
(22,0) : 1
(11,1) : 2
(36,1) : 2
(16,0) : 10
(47,2) : 1
(3,1) : 5
(3,0) : 56
(45,3) : 1
(23,0) : 2
(12,0) : 9
(13,0) : 15
(48,2) : 7
(25,1) : 1
(46,1) : 2
(46,2) : 3
(4,0) : 53
(5,0) : 26
(6,0) : 31
(14,0) : 4
(46,3) : 1
(15,0) : 12
(48,0) : 6
(9,0) : 31
(8,0) : 17
(30,0) : 1
(47,0) : 2
(45,1) : 1
(1,0) : 176
(11,0) : 12
(29,0) : 1
(46,4) : 1
(7,0) : 26
(27,1) : 1
(7,1) : 1
(18,0) : 3
(36,0) : 2
(10,0) : 10
(28,0) : 2
(21,0) : 1
(27,0) : 1
(2,1) : 2
(37,0) : 1
(31,1) : 1
(14,1) : 2
(4,1) : 2
(26,0) : 1
(6,1) : 2
(8,1) : 1
(5,1) : 3
(9,1) : 1
(0,1) : 4
(1,1) : 1
