pop size : 10000, betaG : 0.08500, lambdaH : 0.10000, lambdaW : 0.00100, gamma : 0.12500, Tmax : 150.00, threshold of infected : 0.010
0.37 0.32 0.13 0.12 0.04 0.02 
0.2192 0.12 0.08 0.06 0.05 0.045 0.04 0.035 0.03 0.02 0.02 0.02 0.015 0.015 0.015 0.015 0.001 0.001 0.001 0.001 0.001 0.001 0.001 0.001 0.001 0.001 0.001 0.001 0.001 0.001 0.001 0.001 0.001 0.001 0.001 0.001 0.001 0.001 0.001 0.001 0.001 0.0001 0.0001 0.0001 0.0001 0.0001 0.0001 0.0001 0.0001 0.175 
Proportion of infected at cutoff : 0.0100
Proportion of susceptibles at cutoff : 0.9777
(11,0) : 12
(9,0) : 20
(2,0) : 78
(49,0) : 23
(50,0) : 51
(4,0) : 38
(33,0) : 1
(48,1) : 10
(6,0) : 35
(49,1) : 24
(48,0) : 6
(10,0) : 14
(42,3) : 1
(16,0) : 12
(47,0) : 2
(15,0) : 12
(47,3) : 2
(26,0) : 1
(16,1) : 1
(48,2) : 3
(1,0) : 154
(46,0) : 2
(12,0) : 11
(45,0) : 1
(3,0) : 48
(47,1) : 1
(7,0) : 34
(37,1) : 1
(30,1) : 1
(29,0) : 1
(36,0) : 1
(13,0) : 11
(5,0) : 42
(15,1) : 1
(13,1) : 2
(35,0) : 1
(21,2) : 1
(47,2) : 2
(14,0) : 7
(2,1) : 1
(45,3) : 1
(45,4) : 1
(41,0) : 2
(34,2) : 1
(46,3) : 1
(25,0) : 2
(28,0) : 1
(44,4) : 1
(8,0) : 11
(20,0) : 2
(19,0) : 3
(11,1) : 2
(30,0) : 1
(11,2) : 1
(17,0) : 1
(3,1) : 2
(1,1) : 3
(6,1) : 3
(12,1) : 2
(7,1) : 1
(22,0) : 1
(4,1) : 2
(5,1) : 2
(0,0) : 2
(0,1) : 2
