pop size : 10000, betaG : 0.08500, lambdaH : 0.10000, lambdaW : 0.00100, gamma : 0.12500, Tmax : 150.00, threshold of infected : 0.010
0.37 0.32 0.13 0.12 0.04 0.02 
0.2192 0.12 0.08 0.06 0.05 0.045 0.04 0.035 0.03 0.02 0.02 0.02 0.015 0.015 0.015 0.015 0.001 0.001 0.001 0.001 0.001 0.001 0.001 0.001 0.001 0.001 0.001 0.001 0.001 0.001 0.001 0.001 0.001 0.001 0.001 0.001 0.001 0.001 0.001 0.001 0.001 0.0001 0.0001 0.0001 0.0001 0.0001 0.0001 0.0001 0.0001 0.175 
Proportion of infected at cutoff : 0.0100
Proportion of susceptibles at cutoff : 0.9810
(49,0) : 19
(48,2) : 3
(50,0) : 63
(49,1) : 18
(16,0) : 13
(1,0) : 164
(47,2) : 2
(5,0) : 35
(14,0) : 16
(2,0) : 79
(34,0) : 2
(48,1) : 8
(43,3) : 1
(46,1) : 3
(9,0) : 22
(3,0) : 57
(48,0) : 5
(12,0) : 8
(9,1) : 3
(6,0) : 19
(47,3) : 1
(25,0) : 1
(47,1) : 4
(31,0) : 2
(11,0) : 16
(34,1) : 1
(10,0) : 16
(7,0) : 22
(4,0) : 39
(13,0) : 11
(23,1) : 1
(8,0) : 25
(45,4) : 1
(19,0) : 1
(35,0) : 1
(47,0) : 1
(32,1) : 1
(44,5) : 1
(5,1) : 4
(15,0) : 10
(10,1) : 3
(11,1) : 4
(1,1) : 2
(29,0) : 1
(19,1) : 1
(13,1) : 2
(15,1) : 2
(46,3) : 1
(14,1) : 2
(12,1) : 2
(6,1) : 1
(29,1) : 1
(21,0) : 1
(10,2) : 1
(36,0) : 1
(8,1) : 1
(2,1) : 3
(33,0) : 1
(4,1) : 1
(7,1) : 1
(0,0) : 3
(3,1) : 1
