pop size : 10000, betaG : 0.08500, lambdaH : 0.10000, lambdaW : 0.00100, gamma : 0.12500, Tmax : 150.00, threshold of infected : 0.010
0.37 0.32 0.13 0.12 0.04 0.02 
0.2192 0.12 0.08 0.06 0.05 0.045 0.04 0.035 0.03 0.02 0.02 0.02 0.015 0.015 0.015 0.015 0.001 0.001 0.001 0.001 0.001 0.001 0.001 0.001 0.001 0.001 0.001 0.001 0.001 0.001 0.001 0.001 0.001 0.001 0.001 0.001 0.001 0.001 0.001 0.001 0.001 0.0001 0.0001 0.0001 0.0001 0.0001 0.0001 0.0001 0.0001 0.175 
Proportion of infected at cutoff : 0.0100
Proportion of susceptibles at cutoff : 0.9832
(50,0) : 64
(4,0) : 40
(48,0) : 5
(10,0) : 13
(14,0) : 8
(6,0) : 24
(3,0) : 55
(49,0) : 24
(47,2) : 2
(6,1) : 2
(26,0) : 2
(47,3) : 3
(48,1) : 7
(49,1) : 20
(2,0) : 76
(25,1) : 1
(7,0) : 26
(1,1) : 4
(1,0) : 150
(12,0) : 13
(5,0) : 32
(47,0) : 1
(8,0) : 26
(38,0) : 1
(46,1) : 1
(11,0) : 14
(48,2) : 4
(9,0) : 18
(10,1) : 3
(39,1) : 2
(28,1) : 1
(29,0) : 1
(16,0) : 8
(47,1) : 1
(18,0) : 1
(13,2) : 1
(13,0) : 14
(9,2) : 1
(5,1) : 4
(44,5) : 1
(46,2) : 2
(21,0) : 2
(44,0) : 1
(25,0) : 1
(15,0) : 6
(46,3) : 1
(24,0) : 1
(14,1) : 1
(12,1) : 2
(33,1) : 1
(12,2) : 1
(27,0) : 1
(17,0) : 1
(15,1) : 2
(22,0) : 1
(0,1) : 2
(7,2) : 1
(11,1) : 1
(4,1) : 1
(8,1) : 3
(0,0) : 1
