pop size : 10000, betaG : 0.08500, lambdaH : 0.10000, lambdaW : 0.00100, gamma : 0.12500, Tmax : 150.00, threshold of infected : 0.010
0.37 0.32 0.13 0.12 0.04 0.02 
0.2192 0.12 0.08 0.06 0.05 0.045 0.04 0.035 0.03 0.02 0.02 0.02 0.015 0.015 0.015 0.015 0.001 0.001 0.001 0.001 0.001 0.001 0.001 0.001 0.001 0.001 0.001 0.001 0.001 0.001 0.001 0.001 0.001 0.001 0.001 0.001 0.001 0.001 0.001 0.001 0.001 0.0001 0.0001 0.0001 0.0001 0.0001 0.0001 0.0001 0.0001 0.175 
Proportion of infected at cutoff : 0.0100
Proportion of susceptibles at cutoff : 0.9759
(50,0) : 50
(48,1) : 10
(7,0) : 30
(46,0) : 1
(4,0) : 46
(48,2) : 4
(14,0) : 13
(40,0) : 1
(47,1) : 4
(45,3) : 3
(49,0) : 18
(8,0) : 28
(11,0) : 17
(30,1) : 1
(17,1) : 2
(48,0) : 9
(10,0) : 10
(5,0) : 32
(44,0) : 1
(49,1) : 17
(13,0) : 7
(1,0) : 156
(2,0) : 84
(45,2) : 1
(32,0) : 1
(15,0) : 15
(47,3) : 2
(9,0) : 21
(6,0) : 38
(47,0) : 1
(47,2) : 4
(46,1) : 2
(3,0) : 58
(12,0) : 10
(16,0) : 10
(32,1) : 1
(19,1) : 1
(14,1) : 2
(35,0) : 2
(11,1) : 2
(18,1) : 1
(29,0) : 2
(13,1) : 2
(46,2) : 1
(46,3) : 1
(23,0) : 2
(3,1) : 1
(2,1) : 1
(42,2) : 1
(21,0) : 1
(36,0) : 1
(41,3) : 1
(30,0) : 1
(25,0) : 1
(15,1) : 1
(4,1) : 1
(1,1) : 3
(6,1) : 1
(5,1) : 1
(7,1) : 2
(9,1) : 1
(0,0) : 3
