pop size : 10000, betaG : 0.08500, lambdaH : 0.10000, lambdaW : 0.00100, gamma : 0.12500, Tmax : 150.00, threshold of infected : 0.010
0.37 0.32 0.13 0.12 0.04 0.02 
0.2192 0.12 0.08 0.06 0.05 0.045 0.04 0.035 0.03 0.02 0.02 0.02 0.015 0.015 0.015 0.015 0.001 0.001 0.001 0.001 0.001 0.001 0.001 0.001 0.001 0.001 0.001 0.001 0.001 0.001 0.001 0.001 0.001 0.001 0.001 0.001 0.001 0.001 0.001 0.001 0.001 0.0001 0.0001 0.0001 0.0001 0.0001 0.0001 0.0001 0.0001 0.175 
Proportion of infected at cutoff : 0.0100
Proportion of susceptibles at cutoff : 0.9800
(37,0) : 2
(13,0) : 5
(23,0) : 1
(49,1) : 16
(48,1) : 8
(14,1) : 1
(49,0) : 17
(50,0) : 65
(20,0) : 1
(11,0) : 15
(4,0) : 50
(1,0) : 163
(48,0) : 10
(48,2) : 7
(6,0) : 32
(47,0) : 2
(35,3) : 1
(16,0) : 3
(44,1) : 1
(47,2) : 4
(47,1) : 6
(3,0) : 57
(12,0) : 14
(9,0) : 21
(8,0) : 18
(5,0) : 43
(34,0) : 1
(7,0) : 20
(36,0) : 1
(2,0) : 98
(9,1) : 2
(14,0) : 9
(36,1) : 1
(26,0) : 3
(15,0) : 8
(5,1) : 4
(8,1) : 3
(27,0) : 1
(0,1) : 2
(13,2) : 1
(47,3) : 1
(22,0) : 1
(6,1) : 2
(40,0) : 1
(10,0) : 6
(11,2) : 1
(7,2) : 1
(45,5) : 1
(10,1) : 1
(12,2) : 1
(11,1) : 3
(46,2) : 1
(12,1) : 1
(1,1) : 3
(0,0) : 1
(2,1) : 2
(7,1) : 1
