pop size : 10000, betaG : 0.08500, lambdaH : 0.10000, lambdaW : 0.00100, gamma : 0.12500, Tmax : 150.00, threshold of infected : 0.010
0.37 0.32 0.13 0.12 0.04 0.02 
0.2192 0.12 0.08 0.06 0.05 0.045 0.04 0.035 0.03 0.02 0.02 0.02 0.015 0.015 0.015 0.015 0.001 0.001 0.001 0.001 0.001 0.001 0.001 0.001 0.001 0.001 0.001 0.001 0.001 0.001 0.001 0.001 0.001 0.001 0.001 0.001 0.001 0.001 0.001 0.001 0.001 0.0001 0.0001 0.0001 0.0001 0.0001 0.0001 0.0001 0.0001 0.175 
Proportion of infected at cutoff : 0.0100
Proportion of susceptibles at cutoff : 0.9805
(9,0) : 22
(2,0) : 116
(50,0) : 58
(10,0) : 14
(12,0) : 17
(49,1) : 14
(11,0) : 13
(15,0) : 4
(4,0) : 46
(1,0) : 154
(5,0) : 51
(48,1) : 6
(13,1) : 2
(49,0) : 15
(7,0) : 28
(48,2) : 9
(6,0) : 35
(47,1) : 3
(8,0) : 24
(15,1) : 1
(48,0) : 8
(16,0) : 7
(47,2) : 6
(3,0) : 61
(39,1) : 1
(14,0) : 11
(13,0) : 11
(47,0) : 2
(3,1) : 2
(36,0) : 2
(19,0) : 1
(29,0) : 1
(36,2) : 1
(46,2) : 1
(45,0) : 2
(28,0) : 3
(47,3) : 2
(27,1) : 1
(14,1) : 1
(38,0) : 2
(24,0) : 1
(23,0) : 1
(27,0) : 2
(34,0) : 1
(17,1) : 1
(1,1) : 1
(44,6) : 1
(6,1) : 2
(12,1) : 1
(33,0) : 1
(22,1) : 1
(5,1) : 3
(2,1) : 3
(28,1) : 1
(9,1) : 2
(22,0) : 1
(31,0) : 1
(12,2) : 1
(8,1) : 1
(4,1) : 1
(10,1) : 1
(0,1) : 3
(0,0) : 2
