pop size : 10000, betaG : 0.08500, lambdaH : 0.10000, lambdaW : 0.00100, gamma : 0.12500, Tmax : 150.00, threshold of infected : 0.010
0.37 0.32 0.13 0.12 0.04 0.02 
0.2192 0.12 0.08 0.06 0.05 0.045 0.04 0.035 0.03 0.02 0.02 0.02 0.015 0.015 0.015 0.015 0.001 0.001 0.001 0.001 0.001 0.001 0.001 0.001 0.001 0.001 0.001 0.001 0.001 0.001 0.001 0.001 0.001 0.001 0.001 0.001 0.001 0.001 0.001 0.001 0.001 0.0001 0.0001 0.0001 0.0001 0.0001 0.0001 0.0001 0.0001 0.175 
Proportion of infected at cutoff : 0.0100
Proportion of susceptibles at cutoff : 0.9769
(18,0) : 3
(49,0) : 25
(48,2) : 2
(50,0) : 54
(46,1) : 2
(48,0) : 7
(1,0) : 178
(7,0) : 24
(13,1) : 1
(3,0) : 67
(5,0) : 31
(48,1) : 10
(40,0) : 1
(10,0) : 17
(45,4) : 2
(28,0) : 2
(47,2) : 5
(11,0) : 16
(46,3) : 1
(2,0) : 81
(49,1) : 15
(15,0) : 9
(47,0) : 2
(46,0) : 3
(6,0) : 26
(32,0) : 1
(4,0) : 38
(47,1) : 4
(14,0) : 12
(16,0) : 9
(12,0) : 14
(14,1) : 2
(8,0) : 26
(7,1) : 2
(21,1) : 1
(9,0) : 12
(47,3) : 1
(35,0) : 1
(21,0) : 1
(45,2) : 1
(36,0) : 2
(13,0) : 7
(27,0) : 1
(44,4) : 1
(23,3) : 1
(31,0) : 1
(12,1) : 2
(10,1) : 1
(0,0) : 3
(46,4) : 1
(8,1) : 1
(24,0) : 1
(3,1) : 4
(1,1) : 2
(9,1) : 2
(2,1) : 2
(6,1) : 1
(5,1) : 2
(0,1) : 2
(4,1) : 1
(3,2) : 1
