pop size : 10000, betaG : 0.08500, lambdaH : 0.10000, lambdaW : 0.00100, gamma : 0.12500, Tmax : 150.00, threshold of infected : 0.010
0.37 0.32 0.13 0.12 0.04 0.02 
0.2192 0.12 0.08 0.06 0.05 0.045 0.04 0.035 0.03 0.02 0.02 0.02 0.015 0.015 0.015 0.015 0.001 0.001 0.001 0.001 0.001 0.001 0.001 0.001 0.001 0.001 0.001 0.001 0.001 0.001 0.001 0.001 0.001 0.001 0.001 0.001 0.001 0.001 0.001 0.001 0.001 0.0001 0.0001 0.0001 0.0001 0.0001 0.0001 0.0001 0.0001 0.175 
Proportion of infected at cutoff : 0.0100
Proportion of susceptibles at cutoff : 0.9776
(48,0) : 11
(46,3) : 2
(16,0) : 11
(50,0) : 50
(14,0) : 9
(6,0) : 33
(49,0) : 27
(49,1) : 13
(48,1) : 7
(13,0) : 8
(1,0) : 157
(48,2) : 9
(9,0) : 22
(7,0) : 27
(44,2) : 1
(46,0) : 2
(45,4) : 2
(12,0) : 13
(35,0) : 3
(22,0) : 2
(15,0) : 15
(38,4) : 1
(3,0) : 55
(8,0) : 25
(33,0) : 1
(2,0) : 69
(43,6) : 1
(4,0) : 33
(21,0) : 1
(10,0) : 10
(31,0) : 1
(29,0) : 2
(12,1) : 1
(46,1) : 3
(45,3) : 1
(5,0) : 35
(19,0) : 1
(7,1) : 2
(8,1) : 1
(11,0) : 14
(47,1) : 1
(32,0) : 1
(6,1) : 3
(9,1) : 2
(47,0) : 1
(0,1) : 1
(34,0) : 1
(17,0) : 1
(46,2) : 1
(27,0) : 2
(10,1) : 1
(14,1) : 2
(3,1) : 3
(4,1) : 1
(46,4) : 1
(24,0) : 1
(15,1) : 1
(13,1) : 1
(5,1) : 1
(30,1) : 1
(1,1) : 1
(2,1) : 1
(0,0) : 1
