pop size : 10000, betaG : 0.08500, lambdaH : 0.10000, lambdaW : 0.00100, gamma : 0.12500, Tmax : 150.00, threshold of infected : 0.010
0.37 0.32 0.13 0.12 0.04 0.02 
0.2192 0.12 0.08 0.06 0.05 0.045 0.04 0.035 0.03 0.02 0.02 0.02 0.015 0.015 0.015 0.015 0.001 0.001 0.001 0.001 0.001 0.001 0.001 0.001 0.001 0.001 0.001 0.001 0.001 0.001 0.001 0.001 0.001 0.001 0.001 0.001 0.001 0.001 0.001 0.001 0.001 0.0001 0.0001 0.0001 0.0001 0.0001 0.0001 0.0001 0.0001 0.175 
Proportion of infected at cutoff : 0.0100
Proportion of susceptibles at cutoff : 0.9803
(50,0) : 50
(48,1) : 10
(49,0) : 21
(13,0) : 12
(16,0) : 6
(14,1) : 2
(4,0) : 28
(5,0) : 45
(38,2) : 1
(12,0) : 13
(8,0) : 17
(43,2) : 1
(49,1) : 25
(10,0) : 14
(37,1) : 2
(47,2) : 6
(6,0) : 34
(28,0) : 1
(25,0) : 2
(3,0) : 58
(48,0) : 2
(7,0) : 27
(24,0) : 1
(2,0) : 92
(47,1) : 3
(11,0) : 14
(45,0) : 1
(37,0) : 1
(48,2) : 6
(32,0) : 1
(15,1) : 1
(20,0) : 4
(47,0) : 5
(18,0) : 1
(40,0) : 1
(45,4) : 1
(30,0) : 1
(31,1) : 1
(9,0) : 17
(1,0) : 156
(15,0) : 10
(9,2) : 1
(23,0) : 1
(14,2) : 1
(40,1) : 1
(14,0) : 6
(26,0) : 1
(6,1) : 1
(9,1) : 1
(22,0) : 1
(46,3) : 1
(33,0) : 1
(32,1) : 1
(41,0) : 1
(26,2) : 1
(8,1) : 1
(10,1) : 1
(5,1) : 1
(13,1) : 1
(2,1) : 1
(19,0) : 1
(3,1) : 4
(0,0) : 2
(4,1) : 1
(0,1) : 1
