pop size : 10000, betaG : 0.08500, lambdaH : 0.10000, lambdaW : 0.00100, gamma : 0.12500, Tmax : 150.00, threshold of infected : 0.010
0.37 0.32 0.13 0.12 0.04 0.02 
0.2192 0.12 0.08 0.06 0.05 0.045 0.04 0.035 0.03 0.02 0.02 0.02 0.015 0.015 0.015 0.015 0.001 0.001 0.001 0.001 0.001 0.001 0.001 0.001 0.001 0.001 0.001 0.001 0.001 0.001 0.001 0.001 0.001 0.001 0.001 0.001 0.001 0.001 0.001 0.001 0.001 0.0001 0.0001 0.0001 0.0001 0.0001 0.0001 0.0001 0.0001 0.175 
Proportion of infected at cutoff : 0.0100
Proportion of susceptibles at cutoff : 0.9782
(44,0) : 1
(49,1) : 18
(50,0) : 60
(48,2) : 5
(48,1) : 11
(9,0) : 21
(48,0) : 8
(49,0) : 20
(12,0) : 15
(11,0) : 9
(46,3) : 1
(47,1) : 6
(4,0) : 39
(8,0) : 26
(13,0) : 2
(45,4) : 1
(36,0) : 1
(7,0) : 29
(11,1) : 2
(46,4) : 1
(39,0) : 3
(40,0) : 1
(16,0) : 7
(2,0) : 72
(47,0) : 2
(1,0) : 155
(14,0) : 8
(6,0) : 26
(5,0) : 34
(3,0) : 65
(14,1) : 1
(37,0) : 2
(46,0) : 2
(45,3) : 1
(24,0) : 1
(35,0) : 1
(21,0) : 1
(4,1) : 2
(36,5) : 1
(46,2) : 1
(41,3) : 1
(15,0) : 5
(47,3) : 2
(1,1) : 2
(15,1) : 1
(28,0) : 1
(0,0) : 4
(12,1) : 1
(10,0) : 6
(17,1) : 1
(8,1) : 2
(4,2) : 1
(3,2) : 1
(17,0) : 1
(2,1) : 1
(38,0) : 1
(5,1) : 2
(21,1) : 1
(22,0) : 1
(13,1) : 1
(3,1) : 2
(0,1) : 2
