pop size : 10000, betaG : 0.08500, lambdaH : 0.10000, lambdaW : 0.00100, gamma : 0.12500, Tmax : 150.00, threshold of infected : 0.010
0.37 0.32 0.13 0.12 0.04 0.02 
0.2192 0.12 0.08 0.06 0.05 0.045 0.04 0.035 0.03 0.02 0.02 0.02 0.015 0.015 0.015 0.015 0.001 0.001 0.001 0.001 0.001 0.001 0.001 0.001 0.001 0.001 0.001 0.001 0.001 0.001 0.001 0.001 0.001 0.001 0.001 0.001 0.001 0.001 0.001 0.001 0.001 0.0001 0.0001 0.0001 0.0001 0.0001 0.0001 0.0001 0.0001 0.175 
Proportion of infected at cutoff : 0.0100
Proportion of susceptibles at cutoff : 0.9800
(7,0) : 29
(50,0) : 62
(48,2) : 9
(44,5) : 1
(8,0) : 27
(48,0) : 6
(49,1) : 20
(9,0) : 22
(49,0) : 13
(48,1) : 8
(3,1) : 2
(18,0) : 3
(47,0) : 2
(5,0) : 30
(15,0) : 9
(6,0) : 30
(45,1) : 1
(11,1) : 1
(35,0) : 1
(47,1) : 4
(1,0) : 154
(12,0) : 12
(13,0) : 13
(47,3) : 4
(46,0) : 1
(11,0) : 12
(16,0) : 13
(21,1) : 1
(4,0) : 37
(10,0) : 12
(41,1) : 1
(14,0) : 10
(3,0) : 45
(27,0) : 1
(13,1) : 1
(10,1) : 4
(2,0) : 94
(21,0) : 1
(47,2) : 3
(34,0) : 2
(6,1) : 3
(0,0) : 3
(46,1) : 1
(38,0) : 1
(32,0) : 2
(8,1) : 1
(5,1) : 2
(20,0) : 1
(12,1) : 1
(18,1) : 1
(7,1) : 1
(2,1) : 2
(27,1) : 1
(3,2) : 1
(1,1) : 1
