pop size : 10000, betaG : 0.08500, lambdaH : 0.10000, lambdaW : 0.00100, gamma : 0.12500, Tmax : 150.00, threshold of infected : 0.010
0.37 0.32 0.13 0.12 0.04 0.02 
0.2192 0.12 0.08 0.06 0.05 0.045 0.04 0.035 0.03 0.02 0.02 0.02 0.015 0.015 0.015 0.015 0.001 0.001 0.001 0.001 0.001 0.001 0.001 0.001 0.001 0.001 0.001 0.001 0.001 0.001 0.001 0.001 0.001 0.001 0.001 0.001 0.001 0.001 0.001 0.001 0.001 0.0001 0.0001 0.0001 0.0001 0.0001 0.0001 0.0001 0.0001 0.175 
Proportion of infected at cutoff : 0.0100
Proportion of susceptibles at cutoff : 0.9810
(50,0) : 60
(48,0) : 2
(7,0) : 31
(14,0) : 11
(49,0) : 17
(37,0) : 1
(47,2) : 3
(47,1) : 2
(48,2) : 6
(2,0) : 87
(11,0) : 16
(23,0) : 2
(6,0) : 29
(49,1) : 25
(3,0) : 62
(46,2) : 2
(34,1) : 1
(8,0) : 23
(43,2) : 1
(47,0) : 3
(22,0) : 1
(1,0) : 151
(48,1) : 6
(10,2) : 1
(5,0) : 33
(40,0) : 1
(35,0) : 1
(44,4) : 1
(10,0) : 11
(46,3) : 1
(12,0) : 9
(46,4) : 1
(30,0) : 2
(17,0) : 2
(43,4) : 1
(13,0) : 12
(24,0) : 1
(4,0) : 43
(45,2) : 1
(45,1) : 1
(27,0) : 1
(9,0) : 17
(6,1) : 4
(15,0) : 8
(34,0) : 1
(18,0) : 2
(44,1) : 1
(16,0) : 6
(33,0) : 1
(32,0) : 1
(4,1) : 3
(45,4) : 1
(36,0) : 1
(11,1) : 1
(40,1) : 1
(38,0) : 1
(24,1) : 1
(8,1) : 2
(1,1) : 2
(3,1) : 2
(2,1) : 1
