pop size : 10000, betaG : 0.08500, lambdaH : 0.10000, lambdaW : 0.00100, gamma : 0.12500, Tmax : 150.00, threshold of infected : 0.010
0.37 0.32 0.13 0.12 0.04 0.02 
0.2192 0.12 0.08 0.06 0.05 0.045 0.04 0.035 0.03 0.02 0.02 0.02 0.015 0.015 0.015 0.015 0.001 0.001 0.001 0.001 0.001 0.001 0.001 0.001 0.001 0.001 0.001 0.001 0.001 0.001 0.001 0.001 0.001 0.001 0.001 0.001 0.001 0.001 0.001 0.001 0.001 0.0001 0.0001 0.0001 0.0001 0.0001 0.0001 0.0001 0.0001 0.175 
Proportion of infected at cutoff : 0.0100
Proportion of susceptibles at cutoff : 0.9815
(50,0) : 69
(48,0) : 3
(49,1) : 14
(12,1) : 1
(46,1) : 1
(16,0) : 4
(49,0) : 19
(5,1) : 3
(48,2) : 1
(4,0) : 42
(2,0) : 62
(48,1) : 12
(47,2) : 6
(47,1) : 1
(8,0) : 30
(6,0) : 28
(15,0) : 14
(12,0) : 8
(5,0) : 38
(10,0) : 20
(3,0) : 64
(47,3) : 2
(9,0) : 20
(11,0) : 13
(7,0) : 24
(1,0) : 150
(46,3) : 3
(46,2) : 3
(13,0) : 6
(35,0) : 1
(45,1) : 3
(14,1) : 1
(28,0) : 2
(13,1) : 1
(12,2) : 1
(14,0) : 12
(23,0) : 1
(10,1) : 1
(29,0) : 1
(39,1) : 1
(2,1) : 4
(30,0) : 1
(18,0) : 2
(8,1) : 2
(25,1) : 1
(14,2) : 1
(11,1) : 1
(17,0) : 1
(46,4) : 1
(39,0) : 1
(19,0) : 1
(4,1) : 2
(9,1) : 1
(10,2) : 2
(5,2) : 1
(0,1) : 1
(0,0) : 1
