pop size : 10000, betaG : 0.08500, lambdaH : 0.10000, lambdaW : 0.00100, gamma : 0.12500, Tmax : 150.00, threshold of infected : 0.010
0.37 0.32 0.13 0.12 0.04 0.02 
0.2192 0.12 0.08 0.06 0.05 0.045 0.04 0.035 0.03 0.02 0.02 0.02 0.015 0.015 0.015 0.015 0.001 0.001 0.001 0.001 0.001 0.001 0.001 0.001 0.001 0.001 0.001 0.001 0.001 0.001 0.001 0.001 0.001 0.001 0.001 0.001 0.001 0.001 0.001 0.001 0.001 0.0001 0.0001 0.0001 0.0001 0.0001 0.0001 0.0001 0.0001 0.175 
Proportion of infected at cutoff : 0.0100
Proportion of susceptibles at cutoff : 0.9781
(47,1) : 4
(1,0) : 160
(48,1) : 13
(49,0) : 27
(50,0) : 56
(48,0) : 8
(44,3) : 2
(49,1) : 13
(6,0) : 31
(13,0) : 17
(47,2) : 3
(2,0) : 88
(3,0) : 49
(21,0) : 2
(9,0) : 22
(7,0) : 14
(48,2) : 7
(11,0) : 13
(8,0) : 28
(16,0) : 5
(10,0) : 17
(22,0) : 1
(45,3) : 1
(5,0) : 36
(4,0) : 38
(12,0) : 8
(15,0) : 8
(45,1) : 1
(13,1) : 1
(37,0) : 1
(20,2) : 1
(20,0) : 2
(46,4) : 1
(17,1) : 1
(44,2) : 1
(47,0) : 1
(18,0) : 2
(24,0) : 2
(47,3) : 1
(14,0) : 7
(34,0) : 1
(14,1) : 1
(8,2) : 1
(8,1) : 2
(32,1) : 2
(19,0) : 1
(3,1) : 2
(6,1) : 2
(23,1) : 1
(1,1) : 3
(4,1) : 3
(0,0) : 1
(10,1) : 1
(7,1) : 1
(12,1) : 1
(2,1) : 2
(13,2) : 1
(5,1) : 1
(0,1) : 1
