pop size : 10000, betaG : 0.08500, lambdaH : 0.10000, lambdaW : 0.00100, gamma : 0.12500, Tmax : 150.00, threshold of infected : 0.010
0.37 0.32 0.13 0.12 0.04 0.02 
0.2192 0.12 0.08 0.06 0.05 0.045 0.04 0.035 0.03 0.02 0.02 0.02 0.015 0.015 0.015 0.015 0.001 0.001 0.001 0.001 0.001 0.001 0.001 0.001 0.001 0.001 0.001 0.001 0.001 0.001 0.001 0.001 0.001 0.001 0.001 0.001 0.001 0.001 0.001 0.001 0.001 0.0001 0.0001 0.0001 0.0001 0.0001 0.0001 0.0001 0.0001 0.175 
Proportion of infected at cutoff : 0.0100
Proportion of susceptibles at cutoff : 0.9799
(50,0) : 56
(49,0) : 23
(48,0) : 4
(48,2) : 11
(6,0) : 35
(24,1) : 1
(13,1) : 2
(5,0) : 29
(7,0) : 24
(47,1) : 3
(10,0) : 15
(49,1) : 15
(2,0) : 88
(8,1) : 3
(47,0) : 1
(48,1) : 8
(16,0) : 9
(45,2) : 1
(14,0) : 9
(12,0) : 13
(21,0) : 2
(15,0) : 13
(4,0) : 41
(11,0) : 10
(33,0) : 2
(28,1) : 2
(3,0) : 70
(8,0) : 31
(15,1) : 1
(29,0) : 1
(47,2) : 5
(47,3) : 1
(13,0) : 12
(9,0) : 17
(14,2) : 1
(3,1) : 3
(18,0) : 1
(30,0) : 1
(35,0) : 2
(10,1) : 3
(43,1) : 1
(1,0) : 142
(28,0) : 2
(43,0) : 1
(31,0) : 1
(37,0) : 1
(6,1) : 3
(4,1) : 2
(42,2) : 1
(24,0) : 1
(19,0) : 1
(23,0) : 1
(9,1) : 1
(11,2) : 1
(5,1) : 2
(12,1) : 1
(1,1) : 1
(16,1) : 1
(7,1) : 1
(2,1) : 1
(0,1) : 2
(0,0) : 1
