pop size : 10000, betaG : 0.08500, lambdaH : 0.10000, lambdaW : 0.00100, gamma : 0.12500, Tmax : 150.00, threshold of infected : 0.010
0.37 0.32 0.13 0.12 0.04 0.02 
0.2192 0.12 0.08 0.06 0.05 0.045 0.04 0.035 0.03 0.02 0.02 0.02 0.015 0.015 0.015 0.015 0.001 0.001 0.001 0.001 0.001 0.001 0.001 0.001 0.001 0.001 0.001 0.001 0.001 0.001 0.001 0.001 0.001 0.001 0.001 0.001 0.001 0.001 0.001 0.001 0.001 0.0001 0.0001 0.0001 0.0001 0.0001 0.0001 0.0001 0.0001 0.175 
Proportion of infected at cutoff : 0.0100
Proportion of susceptibles at cutoff : 0.9754
(16,0) : 7
(29,0) : 3
(48,2) : 2
(47,0) : 2
(42,2) : 1
(7,0) : 23
(10,0) : 16
(42,0) : 1
(49,0) : 24
(9,1) : 1
(27,0) : 2
(11,0) : 9
(47,2) : 3
(47,1) : 8
(47,3) : 2
(14,0) : 13
(50,0) : 50
(12,0) : 11
(13,0) : 7
(39,0) : 3
(1,0) : 142
(8,0) : 20
(45,2) : 1
(44,1) : 2
(49,1) : 13
(3,0) : 60
(2,0) : 89
(46,0) : 2
(9,0) : 16
(48,1) : 15
(5,0) : 33
(8,1) : 5
(20,0) : 1
(48,0) : 9
(4,1) : 2
(4,0) : 32
(6,0) : 28
(15,0) : 4
(46,3) : 1
(7,1) : 3
(45,0) : 1
(21,0) : 1
(10,2) : 1
(34,1) : 1
(19,1) : 1
(28,2) : 1
(30,0) : 2
(46,2) : 2
(14,2) : 1
(7,2) : 2
(14,1) : 3
(33,0) : 1
(2,1) : 2
(22,1) : 1
(31,2) : 1
(11,1) : 1
(5,1) : 1
(1,1) : 1
(29,1) : 1
(0,0) : 1
