pop size : 10000, betaG : 0.08500, lambdaH : 0.10000, lambdaW : 0.00100, gamma : 0.12500, Tmax : 150.00, threshold of infected : 0.010
0.37 0.32 0.13 0.12 0.04 0.02 
0.2192 0.12 0.08 0.06 0.05 0.045 0.04 0.035 0.03 0.02 0.02 0.02 0.015 0.015 0.015 0.015 0.001 0.001 0.001 0.001 0.001 0.001 0.001 0.001 0.001 0.001 0.001 0.001 0.001 0.001 0.001 0.001 0.001 0.001 0.001 0.001 0.001 0.001 0.001 0.001 0.001 0.0001 0.0001 0.0001 0.0001 0.0001 0.0001 0.0001 0.0001 0.175 
Proportion of infected at cutoff : 0.0100
Proportion of susceptibles at cutoff : 0.9774
(49,0) : 26
(50,0) : 55
(49,1) : 11
(47,0) : 2
(11,0) : 11
(1,0) : 159
(46,4) : 1
(6,0) : 47
(14,0) : 19
(3,0) : 47
(7,0) : 25
(48,1) : 12
(5,0) : 49
(9,0) : 20
(12,0) : 8
(48,2) : 8
(8,0) : 19
(0,1) : 2
(4,0) : 41
(47,2) : 6
(47,1) : 2
(16,0) : 9
(3,1) : 2
(48,0) : 6
(10,0) : 13
(9,1) : 1
(46,1) : 1
(40,1) : 1
(44,2) : 1
(2,0) : 95
(5,1) : 2
(15,0) : 7
(45,2) : 2
(6,1) : 3
(38,0) : 3
(32,3) : 1
(20,0) : 2
(13,0) : 1
(15,1) : 3
(40,0) : 1
(10,1) : 4
(11,1) : 2
(19,0) : 3
(46,2) : 1
(12,1) : 1
(47,3) : 1
(44,0) : 1
(31,0) : 1
(21,1) : 1
(4,1) : 2
(13,1) : 1
(7,2) : 1
(0,0) : 2
(2,1) : 1
