pop size : 10000, betaG : 0.08500, lambdaH : 0.10000, lambdaW : 0.00100, gamma : 0.12500, Tmax : 150.00, threshold of infected : 0.010
0.37 0.32 0.13 0.12 0.04 0.02 
0.2192 0.12 0.08 0.06 0.05 0.045 0.04 0.035 0.03 0.02 0.02 0.02 0.015 0.015 0.015 0.015 0.001 0.001 0.001 0.001 0.001 0.001 0.001 0.001 0.001 0.001 0.001 0.001 0.001 0.001 0.001 0.001 0.001 0.001 0.001 0.001 0.001 0.001 0.001 0.001 0.001 0.0001 0.0001 0.0001 0.0001 0.0001 0.0001 0.0001 0.0001 0.175 
Proportion of infected at cutoff : 0.0100
Proportion of susceptibles at cutoff : 0.9786
(50,0) : 47
(6,0) : 41
(9,1) : 1
(1,0) : 194
(15,0) : 6
(16,0) : 9
(24,0) : 2
(49,0) : 23
(27,1) : 2
(4,0) : 46
(48,2) : 8
(49,1) : 16
(48,1) : 11
(2,0) : 100
(7,0) : 29
(25,0) : 1
(47,0) : 1
(12,0) : 17
(9,0) : 17
(45,0) : 2
(13,1) : 1
(41,0) : 1
(13,0) : 16
(11,1) : 2
(3,0) : 71
(46,1) : 1
(47,2) : 4
(46,3) : 1
(44,0) : 1
(48,0) : 5
(8,0) : 25
(5,0) : 35
(34,0) : 1
(10,0) : 8
(43,3) : 1
(14,1) : 3
(10,1) : 2
(38,1) : 1
(28,1) : 1
(14,0) : 11
(28,0) : 1
(11,0) : 19
(37,0) : 1
(23,0) : 2
(47,1) : 3
(43,1) : 1
(6,1) : 4
(38,0) : 2
(47,3) : 1
(31,0) : 2
(1,1) : 1
(7,1) : 1
(12,1) : 1
(3,1) : 2
(30,1) : 1
(0,0) : 2
(2,1) : 3
(19,0) : 1
(4,1) : 1
(5,1) : 2
(17,0) : 1
(6,2) : 1
(8,1) : 2
(0,1) : 2
