pop size : 10000, betaG : 0.08500, lambdaH : 0.10000, lambdaW : 0.00100, gamma : 0.12500, Tmax : 150.00, threshold of infected : 0.010
0.37 0.32 0.13 0.12 0.04 0.02 
0.2192 0.12 0.08 0.06 0.05 0.045 0.04 0.035 0.03 0.02 0.02 0.02 0.015 0.015 0.015 0.015 0.001 0.001 0.001 0.001 0.001 0.001 0.001 0.001 0.001 0.001 0.001 0.001 0.001 0.001 0.001 0.001 0.001 0.001 0.001 0.001 0.001 0.001 0.001 0.001 0.001 0.0001 0.0001 0.0001 0.0001 0.0001 0.0001 0.0001 0.0001 0.175 
Proportion of infected at cutoff : 0.0100
Proportion of susceptibles at cutoff : 0.9755
(1,0) : 172
(45,0) : 2
(15,0) : 12
(50,0) : 43
(49,1) : 19
(49,0) : 24
(7,0) : 27
(11,0) : 16
(13,0) : 10
(4,0) : 46
(28,0) : 1
(48,1) : 9
(12,0) : 12
(47,1) : 2
(47,0) : 4
(10,2) : 1
(2,0) : 81
(14,1) : 1
(5,0) : 32
(21,0) : 2
(47,3) : 1
(45,2) : 1
(3,0) : 67
(8,0) : 23
(24,0) : 1
(46,0) : 3
(48,0) : 7
(46,3) : 1
(40,0) : 2
(17,0) : 1
(34,0) : 1
(47,2) : 5
(6,1) : 1
(35,0) : 1
(23,0) : 1
(44,4) : 1
(6,0) : 38
(7,1) : 4
(12,1) : 3
(46,1) : 2
(9,0) : 18
(10,0) : 17
(32,1) : 1
(11,1) : 2
(26,0) : 1
(16,0) : 8
(19,0) : 1
(48,2) : 5
(14,0) : 7
(22,1) : 1
(41,0) : 1
(3,1) : 5
(9,1) : 4
(46,2) : 1
(30,0) : 1
(29,1) : 1
(32,0) : 1
(10,1) : 3
(22,0) : 1
(13,1) : 1
(4,1) : 1
(5,1) : 1
(0,0) : 2
(2,2) : 1
(0,1) : 1
