pop size : 10000, betaG : 0.08500, lambdaH : 0.10000, lambdaW : 0.00100, gamma : 0.12500, Tmax : 150.00, threshold of infected : 0.010
0.37 0.32 0.13 0.12 0.04 0.02 
0.2192 0.12 0.08 0.06 0.05 0.045 0.04 0.035 0.03 0.02 0.02 0.02 0.015 0.015 0.015 0.015 0.001 0.001 0.001 0.001 0.001 0.001 0.001 0.001 0.001 0.001 0.001 0.001 0.001 0.001 0.001 0.001 0.001 0.001 0.001 0.001 0.001 0.001 0.001 0.001 0.001 0.0001 0.0001 0.0001 0.0001 0.0001 0.0001 0.0001 0.0001 0.175 
Proportion of infected at cutoff : 0.0100
Proportion of susceptibles at cutoff : 0.9690
(50,0) : 34
(14,0) : 10
(46,0) : 2
(47,2) : 4
(49,0) : 25
(47,0) : 4
(24,0) : 3
(48,0) : 10
(48,1) : 9
(4,0) : 40
(9,0) : 27
(3,0) : 54
(34,1) : 2
(7,0) : 35
(42,0) : 1
(2,0) : 90
(45,2) : 2
(10,0) : 13
(1,0) : 173
(49,1) : 12
(47,3) : 1
(15,0) : 19
(11,0) : 12
(48,2) : 3
(44,4) : 1
(12,1) : 1
(38,0) : 1
(47,1) : 9
(5,0) : 37
(8,0) : 24
(22,1) : 1
(12,0) : 15
(6,0) : 31
(46,2) : 1
(26,0) : 2
(9,1) : 1
(16,0) : 4
(45,1) : 3
(45,0) : 2
(43,3) : 1
(15,1) : 1
(13,0) : 11
(35,1) : 2
(44,0) : 1
(1,1) : 1
(26,1) : 1
(32,2) : 1
(29,0) : 1
(3,1) : 1
(13,1) : 2
(2,1) : 2
(36,1) : 1
(10,1) : 2
(41,3) : 1
(41,0) : 2
(32,0) : 1
(8,1) : 2
(35,0) : 1
(0,0) : 5
(5,1) : 2
(18,2) : 1
(4,1) : 4
(40,0) : 1
(17,0) : 1
(7,1) : 1
(0,1) : 3
