pop size : 10000, betaG : 0.08500, lambdaH : 0.10000, lambdaW : 0.00100, gamma : 0.12500, Tmax : 150.00, threshold of infected : 0.010
0.37 0.32 0.13 0.12 0.04 0.02 
0.2192 0.12 0.08 0.06 0.05 0.045 0.04 0.035 0.03 0.02 0.02 0.02 0.015 0.015 0.015 0.015 0.001 0.001 0.001 0.001 0.001 0.001 0.001 0.001 0.001 0.001 0.001 0.001 0.001 0.001 0.001 0.001 0.001 0.001 0.001 0.001 0.001 0.001 0.001 0.001 0.001 0.0001 0.0001 0.0001 0.0001 0.0001 0.0001 0.0001 0.0001 0.175 
Proportion of infected at cutoff : 0.0100
Proportion of susceptibles at cutoff : 0.9752
(49,1) : 20
(28,1) : 1
(50,0) : 53
(6,0) : 32
(1,0) : 160
(48,0) : 10
(47,0) : 6
(46,0) : 2
(12,0) : 13
(14,0) : 12
(49,0) : 16
(47,2) : 5
(48,1) : 12
(45,3) : 3
(44,1) : 1
(3,1) : 1
(11,0) : 20
(16,0) : 7
(48,2) : 4
(47,3) : 1
(3,0) : 51
(31,1) : 1
(40,0) : 1
(34,0) : 1
(9,0) : 18
(8,0) : 29
(2,0) : 80
(4,0) : 42
(8,1) : 3
(7,0) : 26
(10,0) : 8
(15,0) : 4
(5,0) : 30
(46,1) : 1
(25,0) : 1
(46,2) : 1
(14,1) : 1
(26,1) : 1
(13,0) : 9
(45,2) : 1
(0,0) : 4
(6,1) : 2
(47,1) : 1
(13,1) : 1
(29,0) : 2
(32,0) : 1
(43,5) : 1
(17,0) : 2
(15,1) : 1
(7,1) : 3
(5,1) : 3
(18,0) : 1
(33,1) : 1
(19,0) : 1
(10,1) : 1
(39,0) : 1
(6,2) : 1
(1,1) : 2
(4,1) : 1
(0,1) : 1
