pop size : 10000, betaG : 0.08500, lambdaH : 0.10000, lambdaW : 0.00100, gamma : 0.12500, Tmax : 150.00, threshold of infected : 0.010
0.37 0.32 0.13 0.12 0.04 0.02 
0.2192 0.12 0.08 0.06 0.05 0.045 0.04 0.035 0.03 0.02 0.02 0.02 0.015 0.015 0.015 0.015 0.001 0.001 0.001 0.001 0.001 0.001 0.001 0.001 0.001 0.001 0.001 0.001 0.001 0.001 0.001 0.001 0.001 0.001 0.001 0.001 0.001 0.001 0.001 0.001 0.001 0.0001 0.0001 0.0001 0.0001 0.0001 0.0001 0.0001 0.0001 0.175 
Proportion of infected at cutoff : 0.0100
Proportion of susceptibles at cutoff : 0.9826
(49,1) : 21
(16,0) : 9
(12,0) : 13
(47,1) : 1
(46,2) : 1
(15,0) : 22
(10,0) : 10
(22,2) : 1
(48,1) : 10
(50,0) : 62
(11,1) : 2
(47,0) : 1
(48,0) : 1
(3,0) : 65
(5,0) : 32
(47,2) : 3
(48,2) : 7
(49,0) : 17
(13,0) : 10
(24,0) : 2
(11,0) : 8
(25,0) : 1
(36,0) : 1
(9,0) : 23
(38,1) : 1
(8,0) : 36
(22,1) : 1
(45,4) : 2
(14,0) : 7
(5,1) : 2
(4,0) : 43
(35,0) : 1
(34,0) : 1
(2,0) : 91
(46,3) : 1
(7,0) : 37
(0,0) : 1
(14,2) : 2
(6,0) : 33
(30,1) : 1
(31,1) : 1
(1,0) : 137
(44,3) : 1
(13,2) : 2
(13,1) : 1
(15,1) : 1
(33,0) : 1
(38,0) : 1
(20,1) : 1
(18,0) : 1
(19,0) : 1
(35,1) : 1
(17,0) : 1
(8,1) : 1
(31,0) : 1
(18,1) : 1
(6,1) : 1
(3,1) : 3
(4,1) : 1
(0,1) : 1
(2,1) : 2
