pop size : 10000, betaG : 0.08500, lambdaH : 0.10000, lambdaW : 0.00100, gamma : 0.12500, Tmax : 150.00, threshold of infected : 0.010
0.37 0.32 0.13 0.12 0.04 0.02 
0.2192 0.12 0.08 0.06 0.05 0.045 0.04 0.035 0.03 0.02 0.02 0.02 0.015 0.015 0.015 0.015 0.001 0.001 0.001 0.001 0.001 0.001 0.001 0.001 0.001 0.001 0.001 0.001 0.001 0.001 0.001 0.001 0.001 0.001 0.001 0.001 0.001 0.001 0.001 0.001 0.001 0.0001 0.0001 0.0001 0.0001 0.0001 0.0001 0.0001 0.0001 0.175 
Proportion of infected at cutoff : 0.0100
Proportion of susceptibles at cutoff : 0.9845
(49,0) : 17
(50,0) : 66
(1,0) : 166
(2,0) : 106
(49,1) : 25
(48,2) : 7
(3,0) : 57
(47,3) : 3
(16,0) : 7
(4,0) : 49
(32,3) : 1
(28,0) : 1
(46,3) : 1
(8,0) : 18
(9,0) : 20
(43,3) : 1
(48,1) : 4
(15,0) : 9
(7,0) : 42
(12,0) : 16
(17,0) : 1
(47,2) : 2
(37,2) : 1
(13,0) : 10
(26,0) : 2
(6,0) : 30
(46,2) : 1
(4,1) : 2
(38,0) : 2
(10,0) : 14
(14,1) : 2
(8,1) : 2
(11,0) : 18
(14,2) : 1
(48,0) : 2
(45,3) : 1
(30,0) : 2
(5,0) : 28
(14,0) : 7
(11,1) : 1
(31,0) : 1
(32,1) : 1
(46,4) : 1
(47,1) : 1
(12,1) : 1
(22,0) : 1
(7,1) : 2
(18,0) : 1
(6,1) : 2
(22,1) : 1
(43,0) : 1
(1,1) : 1
(3,1) : 2
(32,0) : 1
(10,1) : 1
(9,1) : 1
(0,0) : 1
(19,1) : 1
(5,1) : 1
