pop size : 10000, betaG : 0.08500, lambdaH : 0.10000, lambdaW : 0.00100, gamma : 0.12500, Tmax : 150.00, threshold of infected : 0.010
0.37 0.32 0.13 0.12 0.04 0.02 
0.2192 0.12 0.08 0.06 0.05 0.045 0.04 0.035 0.03 0.02 0.02 0.02 0.015 0.015 0.015 0.015 0.001 0.001 0.001 0.001 0.001 0.001 0.001 0.001 0.001 0.001 0.001 0.001 0.001 0.001 0.001 0.001 0.001 0.001 0.001 0.001 0.001 0.001 0.001 0.001 0.001 0.0001 0.0001 0.0001 0.0001 0.0001 0.0001 0.0001 0.0001 0.175 
Proportion of infected at cutoff : 0.0100
Proportion of susceptibles at cutoff : 0.9713
(48,2) : 8
(48,0) : 14
(49,0) : 28
(50,0) : 37
(45,4) : 1
(8,0) : 23
(5,0) : 32
(13,1) : 2
(45,1) : 2
(35,0) : 2
(32,0) : 1
(7,0) : 31
(15,0) : 7
(47,1) : 7
(10,0) : 19
(2,0) : 100
(48,1) : 11
(3,0) : 50
(47,2) : 2
(40,0) : 1
(27,2) : 1
(47,0) : 4
(49,1) : 10
(11,0) : 13
(46,2) : 2
(14,0) : 14
(4,0) : 45
(17,0) : 1
(1,0) : 166
(12,0) : 15
(29,0) : 2
(39,0) : 2
(46,0) : 3
(6,0) : 24
(36,0) : 1
(38,0) : 1
(9,0) : 14
(16,0) : 5
(19,0) : 1
(46,4) : 2
(3,2) : 1
(13,0) : 7
(20,0) : 1
(12,1) : 4
(5,1) : 2
(24,0) : 1
(37,0) : 1
(43,2) : 1
(7,2) : 1
(14,3) : 1
(26,0) : 1
(46,1) : 1
(11,1) : 2
(6,1) : 1
(21,0) : 1
(9,1) : 1
(29,1) : 1
(3,1) : 2
(8,1) : 1
(1,1) : 1
(2,1) : 3
(0,1) : 1
(10,1) : 1
(0,0) : 3
