pop size : 10000, betaG : 0.08500, lambdaH : 0.10000, lambdaW : 0.00100, gamma : 0.12500, Tmax : 150.00, threshold of infected : 0.010
0.37 0.32 0.13 0.12 0.04 0.02 
0.2192 0.12 0.08 0.06 0.05 0.045 0.04 0.035 0.03 0.02 0.02 0.02 0.015 0.015 0.015 0.015 0.001 0.001 0.001 0.001 0.001 0.001 0.001 0.001 0.001 0.001 0.001 0.001 0.001 0.001 0.001 0.001 0.001 0.001 0.001 0.001 0.001 0.001 0.001 0.001 0.001 0.0001 0.0001 0.0001 0.0001 0.0001 0.0001 0.0001 0.0001 0.175 
Proportion of infected at cutoff : 0.0100
Proportion of susceptibles at cutoff : 0.9758
(49,0) : 14
(28,1) : 2
(11,0) : 13
(49,1) : 16
(50,0) : 53
(44,4) : 1
(30,1) : 1
(46,0) : 1
(48,2) : 6
(47,2) : 4
(2,0) : 74
(15,0) : 9
(14,0) : 12
(48,1) : 12
(5,0) : 53
(45,3) : 2
(46,2) : 2
(47,0) : 3
(46,3) : 1
(1,0) : 155
(46,1) : 1
(7,0) : 24
(9,0) : 24
(48,0) : 10
(6,0) : 29
(13,0) : 9
(18,0) : 2
(39,0) : 3
(23,0) : 2
(23,1) : 1
(8,0) : 17
(29,0) : 2
(4,0) : 39
(12,0) : 15
(42,2) : 1
(38,0) : 2
(47,1) : 2
(16,0) : 7
(10,0) : 7
(3,0) : 57
(14,1) : 2
(36,0) : 1
(15,1) : 3
(1,1) : 1
(35,0) : 2
(45,2) : 1
(4,1) : 2
(24,0) : 1
(5,1) : 1
(13,1) : 3
(45,0) : 1
(33,1) : 1
(6,1) : 2
(46,4) : 1
(19,0) : 1
(20,0) : 1
(12,1) : 1
(7,2) : 1
(7,1) : 2
(0,0) : 2
