pop size : 10000, betaG : 0.08500, lambdaH : 0.10000, lambdaW : 0.00100, gamma : 0.12500, Tmax : 150.00, threshold of infected : 0.010
0.37 0.32 0.13 0.12 0.04 0.02 
0.2192 0.12 0.08 0.06 0.05 0.045 0.04 0.035 0.03 0.02 0.02 0.02 0.015 0.015 0.015 0.015 0.001 0.001 0.001 0.001 0.001 0.001 0.001 0.001 0.001 0.001 0.001 0.001 0.001 0.001 0.001 0.001 0.001 0.001 0.001 0.001 0.001 0.001 0.001 0.001 0.001 0.0001 0.0001 0.0001 0.0001 0.0001 0.0001 0.0001 0.0001 0.175 
Proportion of infected at cutoff : 0.0100
Proportion of susceptibles at cutoff : 0.9759
(49,0) : 29
(50,0) : 37
(3,0) : 65
(49,1) : 23
(9,0) : 21
(47,0) : 8
(48,0) : 7
(45,5) : 1
(4,0) : 46
(47,2) : 5
(6,0) : 37
(1,0) : 184
(10,0) : 11
(47,1) : 6
(43,1) : 1
(48,1) : 8
(22,1) : 1
(35,0) : 1
(11,0) : 12
(14,0) : 12
(48,2) : 5
(33,0) : 1
(7,0) : 30
(8,0) : 21
(16,0) : 9
(15,0) : 8
(44,1) : 1
(12,1) : 1
(38,0) : 1
(5,0) : 39
(13,0) : 9
(2,0) : 81
(47,3) : 1
(46,1) : 1
(12,0) : 11
(44,0) : 1
(36,1) : 1
(25,0) : 1
(39,1) : 1
(15,1) : 2
(17,0) : 1
(45,1) : 1
(28,1) : 1
(31,1) : 1
(19,0) : 1
(2,1) : 2
(32,0) : 1
(43,2) : 1
(18,0) : 1
(41,7) : 1
(4,1) : 2
(9,2) : 1
(10,1) : 1
(7,1) : 2
(1,1) : 1
(6,1) : 1
(3,1) : 2
(5,1) : 1
(0,0) : 2
