pop size : 10000, betaG : 0.08500, lambdaH : 0.10000, lambdaW : 0.00100, gamma : 0.12500, Tmax : 150.00, threshold of infected : 0.010
0.37 0.32 0.13 0.12 0.04 0.02 
0.2192 0.12 0.08 0.06 0.05 0.045 0.04 0.035 0.03 0.02 0.02 0.02 0.015 0.015 0.015 0.015 0.001 0.001 0.001 0.001 0.001 0.001 0.001 0.001 0.001 0.001 0.001 0.001 0.001 0.001 0.001 0.001 0.001 0.001 0.001 0.001 0.001 0.001 0.001 0.001 0.001 0.0001 0.0001 0.0001 0.0001 0.0001 0.0001 0.0001 0.0001 0.175 
Proportion of infected at cutoff : 0.0100
Proportion of susceptibles at cutoff : 0.9815
(49,1) : 25
(13,0) : 10
(3,0) : 66
(16,0) : 7
(50,0) : 58
(7,0) : 27
(39,0) : 2
(41,0) : 1
(49,0) : 19
(4,0) : 43
(47,2) : 5
(45,2) : 1
(47,1) : 4
(11,0) : 7
(44,2) : 1
(10,0) : 15
(48,0) : 3
(48,1) : 9
(2,0) : 80
(33,0) : 2
(38,0) : 1
(12,0) : 11
(46,4) : 1
(46,3) : 1
(14,2) : 1
(46,2) : 1
(6,0) : 27
(14,0) : 5
(5,0) : 38
(48,2) : 7
(1,0) : 164
(8,0) : 23
(36,0) : 1
(13,1) : 2
(37,1) : 1
(17,0) : 1
(9,0) : 18
(26,0) : 1
(15,0) : 13
(43,0) : 1
(4,1) : 3
(35,1) : 1
(2,1) : 3
(21,0) : 1
(29,0) : 1
(7,1) : 1
(8,1) : 2
(26,1) : 1
(12,1) : 1
(19,0) : 1
(22,0) : 1
(9,1) : 1
(32,0) : 1
(5,1) : 1
(8,2) : 1
(37,0) : 1
(27,0) : 1
(1,1) : 2
(0,0) : 3
(3,1) : 1
(0,1) : 1
