pop size : 10000, betaG : 0.08500, lambdaH : 0.10000, lambdaW : 0.00100, gamma : 0.12500, Tmax : 150.00, threshold of infected : 0.010
0.37 0.32 0.13 0.12 0.04 0.02 
0.2192 0.12 0.08 0.06 0.05 0.045 0.04 0.035 0.03 0.02 0.02 0.02 0.015 0.015 0.015 0.015 0.001 0.001 0.001 0.001 0.001 0.001 0.001 0.001 0.001 0.001 0.001 0.001 0.001 0.001 0.001 0.001 0.001 0.001 0.001 0.001 0.001 0.001 0.001 0.001 0.001 0.0001 0.0001 0.0001 0.0001 0.0001 0.0001 0.0001 0.0001 0.175 
Proportion of infected at cutoff : 0.0100
Proportion of susceptibles at cutoff : 0.9772
(47,3) : 1
(50,0) : 50
(49,0) : 22
(48,1) : 6
(10,0) : 15
(7,0) : 22
(48,0) : 6
(47,1) : 6
(2,0) : 110
(46,0) : 2
(20,0) : 1
(48,2) : 6
(46,2) : 2
(1,0) : 200
(8,1) : 1
(16,0) : 7
(26,0) : 1
(5,0) : 33
(49,1) : 17
(47,0) : 3
(14,0) : 15
(31,1) : 2
(4,0) : 42
(9,0) : 23
(39,0) : 1
(15,0) : 9
(3,0) : 67
(45,3) : 1
(43,3) : 1
(13,0) : 8
(12,0) : 24
(8,0) : 25
(11,0) : 16
(41,4) : 1
(31,0) : 1
(15,1) : 2
(32,1) : 1
(47,2) : 2
(14,2) : 1
(6,0) : 41
(11,1) : 5
(46,1) : 1
(27,0) : 2
(6,1) : 2
(5,1) : 3
(14,1) : 2
(24,1) : 1
(0,1) : 1
(29,1) : 1
(46,3) : 1
(32,0) : 1
(9,1) : 1
(2,1) : 2
(4,1) : 1
(29,0) : 1
(13,1) : 2
(1,1) : 2
(3,1) : 1
(4,2) : 1
(0,0) : 1
