pop size : 10000, betaG : 0.08500, lambdaH : 0.10000, lambdaW : 0.00100, gamma : 0.12500, Tmax : 150.00, threshold of infected : 0.010
0.37 0.32 0.13 0.12 0.04 0.02 
0.2192 0.12 0.08 0.06 0.05 0.045 0.04 0.035 0.03 0.02 0.02 0.02 0.015 0.015 0.015 0.015 0.001 0.001 0.001 0.001 0.001 0.001 0.001 0.001 0.001 0.001 0.001 0.001 0.001 0.001 0.001 0.001 0.001 0.001 0.001 0.001 0.001 0.001 0.001 0.001 0.001 0.0001 0.0001 0.0001 0.0001 0.0001 0.0001 0.0001 0.0001 0.175 
Proportion of infected at cutoff : 0.0100
Proportion of susceptibles at cutoff : 0.9798
(8,0) : 24
(37,0) : 2
(48,1) : 3
(50,0) : 60
(5,0) : 30
(6,0) : 43
(13,0) : 9
(6,1) : 2
(49,0) : 12
(33,1) : 2
(11,0) : 18
(43,3) : 1
(12,0) : 12
(49,1) : 27
(48,0) : 2
(27,0) : 2
(47,3) : 2
(9,0) : 20
(15,0) : 7
(32,0) : 1
(16,0) : 8
(30,0) : 1
(10,0) : 11
(45,2) : 1
(46,3) : 1
(1,0) : 181
(46,4) : 2
(7,0) : 34
(47,0) : 2
(46,1) : 4
(14,0) : 14
(17,0) : 2
(18,0) : 1
(4,0) : 55
(13,1) : 3
(45,0) : 2
(25,0) : 1
(47,1) : 2
(47,2) : 1
(2,0) : 102
(45,3) : 1
(27,2) : 1
(46,0) : 1
(3,0) : 60
(8,1) : 2
(46,2) : 1
(26,1) : 1
(48,2) : 3
(35,0) : 1
(10,1) : 1
(31,0) : 1
(36,0) : 1
(28,0) : 2
(19,0) : 1
(6,2) : 1
(5,2) : 1
(5,1) : 1
(28,2) : 1
(15,1) : 1
(7,2) : 1
(20,0) : 1
(1,1) : 2
(0,0) : 5
(3,1) : 2
(2,1) : 1
(0,1) : 1
