pop size : 10000, betaG : 0.08500, lambdaH : 0.10000, lambdaW : 0.00100, gamma : 0.12500, Tmax : 150.00, threshold of infected : 0.010
0.37 0.32 0.13 0.12 0.04 0.02 
0.2192 0.12 0.08 0.06 0.05 0.045 0.04 0.035 0.03 0.02 0.02 0.02 0.015 0.015 0.015 0.015 0.001 0.001 0.001 0.001 0.001 0.001 0.001 0.001 0.001 0.001 0.001 0.001 0.001 0.001 0.001 0.001 0.001 0.001 0.001 0.001 0.001 0.001 0.001 0.001 0.001 0.0001 0.0001 0.0001 0.0001 0.0001 0.0001 0.0001 0.0001 0.175 
Proportion of infected at cutoff : 0.0100
Proportion of susceptibles at cutoff : 0.9791
(49,1) : 23
(49,0) : 21
(18,0) : 1
(50,0) : 51
(9,0) : 28
(1,0) : 158
(7,0) : 25
(2,0) : 94
(45,0) : 2
(14,0) : 15
(11,0) : 16
(11,1) : 2
(3,0) : 59
(45,1) : 1
(48,1) : 7
(10,0) : 13
(12,0) : 12
(26,0) : 1
(46,3) : 1
(15,0) : 8
(43,0) : 1
(16,0) : 10
(44,3) : 1
(4,0) : 43
(46,2) : 2
(10,2) : 1
(48,2) : 8
(8,0) : 32
(25,0) : 1
(48,0) : 4
(6,1) : 1
(9,1) : 1
(14,1) : 1
(6,0) : 23
(47,3) : 2
(46,0) : 2
(13,0) : 8
(28,0) : 2
(40,1) : 1
(5,0) : 36
(22,0) : 1
(45,2) : 2
(45,3) : 1
(29,0) : 1
(47,2) : 2
(16,1) : 1
(24,0) : 2
(31,1) : 1
(3,1) : 2
(23,0) : 1
(30,1) : 1
(5,1) : 3
(8,1) : 1
(30,0) : 1
(20,0) : 1
(41,0) : 1
(0,1) : 3
(4,1) : 2
(31,0) : 1
(19,0) : 2
(13,1) : 1
(10,1) : 1
(12,1) : 1
(1,1) : 1
(0,0) : 1
