pop size : 10000, betaG : 0.08500, lambdaH : 0.10000, lambdaW : 0.00100, gamma : 0.12500, Tmax : 150.00, threshold of infected : 0.010
0.37 0.32 0.13 0.12 0.04 0.02 
0.2192 0.12 0.08 0.06 0.05 0.045 0.04 0.035 0.03 0.02 0.02 0.02 0.015 0.015 0.015 0.015 0.001 0.001 0.001 0.001 0.001 0.001 0.001 0.001 0.001 0.001 0.001 0.001 0.001 0.001 0.001 0.001 0.001 0.001 0.001 0.001 0.001 0.001 0.001 0.001 0.001 0.0001 0.0001 0.0001 0.0001 0.0001 0.0001 0.0001 0.0001 0.175 
Proportion of infected at cutoff : 0.0100
Proportion of susceptibles at cutoff : 0.9815
(47,2) : 4
(49,0) : 25
(50,0) : 57
(13,0) : 13
(7,0) : 31
(49,1) : 23
(22,0) : 1
(2,0) : 83
(12,0) : 14
(14,0) : 9
(15,0) : 10
(48,1) : 7
(6,0) : 24
(5,0) : 30
(26,0) : 1
(9,0) : 18
(48,2) : 7
(3,0) : 53
(47,1) : 2
(14,2) : 1
(3,1) : 1
(48,0) : 3
(1,0) : 139
(16,0) : 14
(34,0) : 1
(10,0) : 9
(5,1) : 1
(33,0) : 1
(42,5) : 1
(46,1) : 1
(27,0) : 1
(47,0) : 3
(25,0) : 1
(17,0) : 1
(4,0) : 43
(13,1) : 1
(46,3) : 3
(46,4) : 1
(8,0) : 19
(40,0) : 1
(12,2) : 1
(46,2) : 1
(11,0) : 8
(45,1) : 1
(19,0) : 1
(36,0) : 1
(11,1) : 1
(47,3) : 1
(6,1) : 2
(7,1) : 1
(4,1) : 2
(12,1) : 1
(15,1) : 1
(39,1) : 1
(9,1) : 1
(28,0) : 1
(10,1) : 1
(0,0) : 1
(8,1) : 1
(1,1) : 1
(2,1) : 1
