pop size : 10000, betaG : 0.08500, lambdaH : 0.10000, lambdaW : 0.00100, gamma : 0.12500, Tmax : 150.00, threshold of infected : 0.010
0.37 0.32 0.13 0.12 0.04 0.02 
0.2192 0.12 0.08 0.06 0.05 0.045 0.04 0.035 0.03 0.02 0.02 0.02 0.015 0.015 0.015 0.015 0.001 0.001 0.001 0.001 0.001 0.001 0.001 0.001 0.001 0.001 0.001 0.001 0.001 0.001 0.001 0.001 0.001 0.001 0.001 0.001 0.001 0.001 0.001 0.001 0.001 0.0001 0.0001 0.0001 0.0001 0.0001 0.0001 0.0001 0.0001 0.175 
Proportion of infected at cutoff : 0.0100
Proportion of susceptibles at cutoff : 0.9816
(50,0) : 48
(15,0) : 14
(49,1) : 29
(48,0) : 12
(3,0) : 60
(49,0) : 15
(6,0) : 35
(47,1) : 5
(47,2) : 3
(10,0) : 14
(11,0) : 13
(16,0) : 9
(2,0) : 93
(13,0) : 10
(19,0) : 2
(8,0) : 27
(45,3) : 2
(1,0) : 150
(12,0) : 20
(48,2) : 6
(14,0) : 8
(8,1) : 1
(48,1) : 3
(5,0) : 39
(4,0) : 46
(34,0) : 2
(7,0) : 33
(20,0) : 1
(17,0) : 1
(9,0) : 20
(46,2) : 1
(44,3) : 1
(25,3) : 1
(35,0) : 2
(18,0) : 1
(37,0) : 2
(38,2) : 1
(44,4) : 1
(21,0) : 2
(46,3) : 1
(36,1) : 1
(5,2) : 1
(4,1) : 3
(24,0) : 1
(7,1) : 1
(30,0) : 2
(14,1) : 1
(32,0) : 2
(22,0) : 1
(31,0) : 1
(6,1) : 2
(2,1) : 2
(1,1) : 1
(3,1) : 3
(5,1) : 3
(10,1) : 1
(11,1) : 1
(0,0) : 1
