pop size : 10000, betaG : 0.08500, lambdaH : 0.10000, lambdaW : 0.00100, gamma : 0.12500, Tmax : 150.00, threshold of infected : 0.010
0.37 0.32 0.13 0.12 0.04 0.02 
0.2192 0.12 0.08 0.06 0.05 0.045 0.04 0.035 0.03 0.02 0.02 0.02 0.015 0.015 0.015 0.015 0.001 0.001 0.001 0.001 0.001 0.001 0.001 0.001 0.001 0.001 0.001 0.001 0.001 0.001 0.001 0.001 0.001 0.001 0.001 0.001 0.001 0.001 0.001 0.001 0.001 0.0001 0.0001 0.0001 0.0001 0.0001 0.0001 0.0001 0.0001 0.175 
Proportion of infected at cutoff : 0.0100
Proportion of susceptibles at cutoff : 0.9764
(50,0) : 41
(44,0) : 1
(30,1) : 1
(4,0) : 51
(8,1) : 3
(49,0) : 21
(49,1) : 23
(48,0) : 10
(46,0) : 3
(26,0) : 2
(9,0) : 15
(4,1) : 4
(13,0) : 11
(48,1) : 11
(7,0) : 18
(29,0) : 1
(46,3) : 1
(8,0) : 26
(47,0) : 1
(45,5) : 1
(33,1) : 1
(5,0) : 37
(46,1) : 3
(15,0) : 12
(14,0) : 15
(2,0) : 91
(30,0) : 4
(35,0) : 1
(47,1) : 2
(11,0) : 8
(6,0) : 27
(48,2) : 3
(47,2) : 2
(3,0) : 53
(34,0) : 2
(31,0) : 1
(20,0) : 3
(47,3) : 1
(12,0) : 13
(5,1) : 1
(7,1) : 1
(43,5) : 1
(16,0) : 11
(46,2) : 1
(10,0) : 18
(1,0) : 170
(39,0) : 2
(35,1) : 1
(31,1) : 1
(0,1) : 4
(6,1) : 2
(18,0) : 1
(13,1) : 2
(25,0) : 1
(39,1) : 1
(32,0) : 1
(24,0) : 1
(33,0) : 1
(15,1) : 1
(11,1) : 1
(2,1) : 3
(25,1) : 1
(14,1) : 1
(21,1) : 1
(1,1) : 2
(3,1) : 1
(0,0) : 5
