pop size : 10000, betaG : 0.08500, lambdaH : 0.10000, lambdaW : 0.00100, gamma : 0.12500, Tmax : 150.00, threshold of infected : 0.010
0.37 0.32 0.13 0.12 0.04 0.02 
0.2192 0.12 0.08 0.06 0.05 0.045 0.04 0.035 0.03 0.02 0.02 0.02 0.015 0.015 0.015 0.015 0.001 0.001 0.001 0.001 0.001 0.001 0.001 0.001 0.001 0.001 0.001 0.001 0.001 0.001 0.001 0.001 0.001 0.001 0.001 0.001 0.001 0.001 0.001 0.001 0.001 0.0001 0.0001 0.0001 0.0001 0.0001 0.0001 0.0001 0.0001 0.175 
Proportion of infected at cutoff : 0.0100
Proportion of susceptibles at cutoff : 0.9753
(8,0) : 20
(49,0) : 20
(48,0) : 11
(50,0) : 48
(49,1) : 14
(47,0) : 7
(4,0) : 45
(37,0) : 1
(14,0) : 12
(9,1) : 3
(44,3) : 1
(48,1) : 14
(45,4) : 2
(6,0) : 39
(3,0) : 67
(47,1) : 3
(10,0) : 13
(7,0) : 28
(15,0) : 6
(13,0) : 13
(14,1) : 1
(46,0) : 1
(2,0) : 97
(48,2) : 7
(5,0) : 31
(47,3) : 1
(12,0) : 9
(9,0) : 17
(1,0) : 159
(45,2) : 1
(20,0) : 1
(29,0) : 2
(11,0) : 16
(46,2) : 1
(47,2) : 4
(16,0) : 4
(15,1) : 2
(7,1) : 3
(42,2) : 1
(46,1) : 1
(35,0) : 2
(40,1) : 1
(36,0) : 1
(27,0) : 1
(18,0) : 1
(43,3) : 1
(39,0) : 1
(34,0) : 1
(0,0) : 4
(5,1) : 2
(12,1) : 1
(3,1) : 2
(1,1) : 2
(6,1) : 1
(0,1) : 5
