pop size : 10000, betaG : 0.08500, lambdaH : 0.10000, lambdaW : 0.00100, gamma : 0.12500, Tmax : 150.00, threshold of infected : 0.010
0.37 0.32 0.13 0.12 0.04 0.02 
0.2192 0.12 0.08 0.06 0.05 0.045 0.04 0.035 0.03 0.02 0.02 0.02 0.015 0.015 0.015 0.015 0.001 0.001 0.001 0.001 0.001 0.001 0.001 0.001 0.001 0.001 0.001 0.001 0.001 0.001 0.001 0.001 0.001 0.001 0.001 0.001 0.001 0.001 0.001 0.001 0.001 0.0001 0.0001 0.0001 0.0001 0.0001 0.0001 0.0001 0.0001 0.175 
Proportion of infected at cutoff : 0.0100
Proportion of susceptibles at cutoff : 0.9747
(49,0) : 25
(13,0) : 15
(50,0) : 42
(24,0) : 2
(46,3) : 2
(48,1) : 8
(48,0) : 12
(6,0) : 31
(26,0) : 3
(4,0) : 49
(2,0) : 91
(1,0) : 169
(38,0) : 1
(12,1) : 1
(45,1) : 2
(5,0) : 32
(12,0) : 10
(47,2) : 4
(47,0) : 1
(47,1) : 2
(46,4) : 1
(49,1) : 19
(13,1) : 1
(15,0) : 12
(7,0) : 27
(46,0) : 1
(48,2) : 2
(10,0) : 10
(3,0) : 56
(14,0) : 12
(47,3) : 1
(45,3) : 1
(46,2) : 1
(9,0) : 23
(45,0) : 1
(26,1) : 3
(36,0) : 1
(44,1) : 1
(8,0) : 26
(46,1) : 2
(11,0) : 16
(33,0) : 1
(6,1) : 3
(29,0) : 1
(16,0) : 13
(18,0) : 1
(14,1) : 1
(35,0) : 1
(9,1) : 2
(0,1) : 4
(3,1) : 4
(15,1) : 2
(27,0) : 1
(22,0) : 1
(28,1) : 1
(4,1) : 3
(34,0) : 1
(7,1) : 2
(9,2) : 1
(5,1) : 2
(5,2) : 1
(0,0) : 4
(21,1) : 1
(1,1) : 1
(8,1) : 1
