pop size : 10000, betaG : 0.08500, lambdaH : 0.10000, lambdaW : 0.00100, gamma : 0.12500, Tmax : 150.00, threshold of infected : 0.010
0.37 0.32 0.13 0.12 0.04 0.02 
0.2192 0.12 0.08 0.06 0.05 0.045 0.04 0.035 0.03 0.02 0.02 0.02 0.015 0.015 0.015 0.015 0.001 0.001 0.001 0.001 0.001 0.001 0.001 0.001 0.001 0.001 0.001 0.001 0.001 0.001 0.001 0.001 0.001 0.001 0.001 0.001 0.001 0.001 0.001 0.001 0.001 0.0001 0.0001 0.0001 0.0001 0.0001 0.0001 0.0001 0.0001 0.175 
Proportion of infected at cutoff : 0.0100
Proportion of susceptibles at cutoff : 0.9702
(11,0) : 15
(50,0) : 32
(48,1) : 15
(49,0) : 31
(15,0) : 9
(47,2) : 3
(47,1) : 7
(7,0) : 37
(14,0) : 11
(10,0) : 18
(5,0) : 43
(31,0) : 3
(48,0) : 12
(9,0) : 18
(6,0) : 37
(3,0) : 55
(1,0) : 163
(29,2) : 1
(49,1) : 12
(7,1) : 3
(47,0) : 4
(46,1) : 1
(43,6) : 1
(4,0) : 33
(2,0) : 81
(16,0) : 7
(20,0) : 1
(8,0) : 26
(12,2) : 1
(28,0) : 2
(23,0) : 1
(39,0) : 1
(13,0) : 10
(48,2) : 4
(10,1) : 2
(43,0) : 1
(12,0) : 15
(47,3) : 1
(43,4) : 1
(12,1) : 2
(21,1) : 1
(23,1) : 1
(45,2) : 1
(34,0) : 1
(30,0) : 2
(46,0) : 1
(46,3) : 1
(17,1) : 1
(36,0) : 1
(9,1) : 3
(28,1) : 1
(4,1) : 3
(6,2) : 1
(40,2) : 1
(21,0) : 1
(3,1) : 1
(38,1) : 1
(6,1) : 1
(13,2) : 1
(17,0) : 1
(2,1) : 1
(5,1) : 1
(0,0) : 2
(0,1) : 1
