pop size : 10000, betaG : 0.08500, lambdaH : 0.10000, lambdaW : 0.00100, gamma : 0.12500, Tmax : 150.00, threshold of infected : 0.010
0.37 0.32 0.13 0.12 0.04 0.02 
0.2192 0.12 0.08 0.06 0.05 0.045 0.04 0.035 0.03 0.02 0.02 0.02 0.015 0.015 0.015 0.015 0.001 0.001 0.001 0.001 0.001 0.001 0.001 0.001 0.001 0.001 0.001 0.001 0.001 0.001 0.001 0.001 0.001 0.001 0.001 0.001 0.001 0.001 0.001 0.001 0.001 0.0001 0.0001 0.0001 0.0001 0.0001 0.0001 0.0001 0.0001 0.175 
Proportion of infected at cutoff : 0.0100
Proportion of susceptibles at cutoff : 0.9714
(50,0) : 37
(2,0) : 112
(5,0) : 39
(14,0) : 8
(16,0) : 13
(47,0) : 4
(15,0) : 11
(49,0) : 22
(48,1) : 7
(7,0) : 29
(4,0) : 50
(47,2) : 3
(49,1) : 14
(46,1) : 3
(48,0) : 13
(30,0) : 1
(8,0) : 29
(46,3) : 2
(21,1) : 1
(6,0) : 41
(40,0) : 1
(47,1) : 6
(1,0) : 200
(10,0) : 18
(44,3) : 1
(48,2) : 4
(11,0) : 20
(9,0) : 21
(45,2) : 1
(45,1) : 1
(3,0) : 65
(46,2) : 3
(36,1) : 1
(12,0) : 12
(28,0) : 1
(26,0) : 1
(44,0) : 1
(13,1) : 1
(20,0) : 1
(34,0) : 1
(9,1) : 2
(22,0) : 1
(25,0) : 1
(35,0) : 1
(17,0) : 1
(7,1) : 5
(19,1) : 1
(46,0) : 1
(11,1) : 3
(38,0) : 1
(20,3) : 1
(13,0) : 11
(39,1) : 1
(6,2) : 1
(5,1) : 3
(3,1) : 2
(27,0) : 1
(2,1) : 2
(10,1) : 1
(6,1) : 2
(21,0) : 1
(12,1) : 3
(1,1) : 3
(0,0) : 2
(0,2) : 1
