pop size : 10000, betaG : 0.08500, lambdaH : 0.10000, lambdaW : 0.00100, gamma : 0.12500, Tmax : 150.00, threshold of infected : 0.010
0.37 0.32 0.13 0.12 0.04 0.02 
0.2192 0.12 0.08 0.06 0.05 0.045 0.04 0.035 0.03 0.02 0.02 0.02 0.015 0.015 0.015 0.015 0.001 0.001 0.001 0.001 0.001 0.001 0.001 0.001 0.001 0.001 0.001 0.001 0.001 0.001 0.001 0.001 0.001 0.001 0.001 0.001 0.001 0.001 0.001 0.001 0.001 0.0001 0.0001 0.0001 0.0001 0.0001 0.0001 0.0001 0.0001 0.175 
Proportion of infected at cutoff : 0.0100
Proportion of susceptibles at cutoff : 0.9811
(50,0) : 62
(31,0) : 2
(14,0) : 8
(49,1) : 14
(47,1) : 3
(10,0) : 13
(49,0) : 21
(3,0) : 53
(9,0) : 19
(48,2) : 6
(48,1) : 7
(40,0) : 1
(15,0) : 8
(7,0) : 34
(12,0) : 22
(4,0) : 41
(5,0) : 40
(11,0) : 16
(44,4) : 2
(8,0) : 25
(6,0) : 29
(13,0) : 15
(2,0) : 99
(47,2) : 5
(16,0) : 12
(33,0) : 2
(48,0) : 2
(11,1) : 2
(34,0) : 1
(28,0) : 1
(47,3) : 2
(44,2) : 1
(10,1) : 2
(1,0) : 164
(26,1) : 1
(46,4) : 1
(8,1) : 1
(46,1) : 1
(30,0) : 1
(7,1) : 1
(38,3) : 1
(35,2) : 1
(28,1) : 2
(14,1) : 2
(45,4) : 1
(5,1) : 3
(23,0) : 1
(23,1) : 1
(13,1) : 2
(47,0) : 1
(2,1) : 1
(6,1) : 3
(21,0) : 1
(4,1) : 1
(0,1) : 1
(1,1) : 1
(0,0) : 1
