pop size : 10000, betaG : 0.08500, lambdaH : 0.10000, lambdaW : 0.00100, gamma : 0.12500, Tmax : 150.00, threshold of infected : 0.010
0.37 0.32 0.13 0.12 0.04 0.02 
0.2192 0.12 0.08 0.06 0.05 0.045 0.04 0.035 0.03 0.02 0.02 0.02 0.015 0.015 0.015 0.015 0.001 0.001 0.001 0.001 0.001 0.001 0.001 0.001 0.001 0.001 0.001 0.001 0.001 0.001 0.001 0.001 0.001 0.001 0.001 0.001 0.001 0.001 0.001 0.001 0.001 0.0001 0.0001 0.0001 0.0001 0.0001 0.0001 0.0001 0.0001 0.175 
Proportion of infected at cutoff : 0.0100
Proportion of susceptibles at cutoff : 0.9743
(49,1) : 15
(48,1) : 15
(47,1) : 4
(16,0) : 8
(49,0) : 24
(4,0) : 52
(48,2) : 3
(5,1) : 3
(5,0) : 40
(30,2) : 1
(50,0) : 47
(2,0) : 96
(7,0) : 22
(27,0) : 2
(48,0) : 11
(8,0) : 24
(14,0) : 9
(6,0) : 38
(47,2) : 2
(46,2) : 2
(46,3) : 2
(44,2) : 2
(1,0) : 182
(9,0) : 22
(32,0) : 2
(46,1) : 4
(12,0) : 8
(13,0) : 14
(11,0) : 18
(7,1) : 7
(3,0) : 55
(15,0) : 3
(47,0) : 3
(36,0) : 1
(10,0) : 12
(19,0) : 1
(30,1) : 1
(11,1) : 2
(6,1) : 3
(47,3) : 1
(8,1) : 2
(26,0) : 2
(11,2) : 1
(15,1) : 2
(20,0) : 1
(12,1) : 2
(45,4) : 1
(9,1) : 1
(2,1) : 2
(1,1) : 2
(0,0) : 2
