pop size : 10000, betaG : 0.08500, lambdaH : 0.10000, lambdaW : 0.00100, gamma : 0.12500, Tmax : 150.00, threshold of infected : 0.010
0.37 0.32 0.13 0.12 0.04 0.02 
0.2192 0.12 0.08 0.06 0.05 0.045 0.04 0.035 0.03 0.02 0.02 0.02 0.015 0.015 0.015 0.015 0.001 0.001 0.001 0.001 0.001 0.001 0.001 0.001 0.001 0.001 0.001 0.001 0.001 0.001 0.001 0.001 0.001 0.001 0.001 0.001 0.001 0.001 0.001 0.001 0.001 0.0001 0.0001 0.0001 0.0001 0.0001 0.0001 0.0001 0.0001 0.175 
Proportion of infected at cutoff : 0.0100
Proportion of susceptibles at cutoff : 0.9820
(48,2) : 7
(8,1) : 1
(5,0) : 43
(2,0) : 91
(16,0) : 9
(50,0) : 58
(9,0) : 29
(49,1) : 17
(48,1) : 12
(4,0) : 45
(49,0) : 23
(48,0) : 5
(47,2) : 6
(37,0) : 1
(46,4) : 2
(2,1) : 4
(1,0) : 179
(10,0) : 17
(39,1) : 1
(3,0) : 51
(15,0) : 8
(6,0) : 24
(15,1) : 1
(14,0) : 13
(27,1) : 1
(5,1) : 3
(38,0) : 1
(12,0) : 16
(11,0) : 18
(13,0) : 8
(7,0) : 27
(47,0) : 2
(47,1) : 1
(46,0) : 1
(21,0) : 1
(46,3) : 1
(12,1) : 1
(8,0) : 14
(18,0) : 1
(13,1) : 2
(0,0) : 4
(31,0) : 1
(10,1) : 1
(4,1) : 3
(31,1) : 2
(6,1) : 2
(17,2) : 1
(25,1) : 1
(28,0) : 1
(7,1) : 2
(0,1) : 3
(0,2) : 1
(1,1) : 1
