pop size : 10000, betaG : 0.08500, lambdaH : 0.10000, lambdaW : 0.00100, gamma : 0.12500, Tmax : 150.00, threshold of infected : 0.010
0.37 0.32 0.13 0.12 0.04 0.02 
0.2192 0.12 0.08 0.06 0.05 0.045 0.04 0.035 0.03 0.02 0.02 0.02 0.015 0.015 0.015 0.015 0.001 0.001 0.001 0.001 0.001 0.001 0.001 0.001 0.001 0.001 0.001 0.001 0.001 0.001 0.001 0.001 0.001 0.001 0.001 0.001 0.001 0.001 0.001 0.001 0.001 0.0001 0.0001 0.0001 0.0001 0.0001 0.0001 0.0001 0.0001 0.175 
Proportion of infected at cutoff : 0.0100
Proportion of susceptibles at cutoff : 0.9755
(13,0) : 7
(10,0) : 19
(49,0) : 20
(50,0) : 51
(5,1) : 2
(49,1) : 20
(48,0) : 8
(14,0) : 9
(5,0) : 31
(8,0) : 18
(7,0) : 23
(31,0) : 2
(13,1) : 3
(9,0) : 25
(6,0) : 28
(47,2) : 6
(40,0) : 1
(19,0) : 1
(46,3) : 2
(42,3) : 1
(44,3) : 2
(11,0) : 9
(48,1) : 10
(6,1) : 4
(4,0) : 42
(48,2) : 4
(3,0) : 57
(16,0) : 12
(15,0) : 14
(47,0) : 4
(12,0) : 10
(2,0) : 74
(29,1) : 1
(41,0) : 2
(43,5) : 1
(46,1) : 2
(24,0) : 2
(36,0) : 1
(1,0) : 146
(47,1) : 2
(47,3) : 1
(46,2) : 1
(44,2) : 1
(46,0) : 1
(9,1) : 3
(30,0) : 1
(22,0) : 2
(14,1) : 1
(26,0) : 1
(10,1) : 1
(11,1) : 1
(17,0) : 1
(0,0) : 1
(3,1) : 1
(0,1) : 2
