pop size : 10000, betaG : 0.08500, lambdaH : 0.10000, lambdaW : 0.00100, gamma : 0.12500, Tmax : 150.00, threshold of infected : 0.010
0.37 0.32 0.13 0.12 0.04 0.02 
0.2192 0.12 0.08 0.06 0.05 0.045 0.04 0.035 0.03 0.02 0.02 0.02 0.015 0.015 0.015 0.015 0.001 0.001 0.001 0.001 0.001 0.001 0.001 0.001 0.001 0.001 0.001 0.001 0.001 0.001 0.001 0.001 0.001 0.001 0.001 0.001 0.001 0.001 0.001 0.001 0.001 0.0001 0.0001 0.0001 0.0001 0.0001 0.0001 0.0001 0.0001 0.175 
Proportion of infected at cutoff : 0.0100
Proportion of susceptibles at cutoff : 0.9736
(6,0) : 21
(10,0) : 17
(50,0) : 49
(47,1) : 3
(48,1) : 7
(9,0) : 14
(49,0) : 17
(35,0) : 1
(48,0) : 12
(4,0) : 37
(2,0) : 109
(24,0) : 1
(9,1) : 3
(12,2) : 1
(49,1) : 15
(28,0) : 2
(47,2) : 3
(48,2) : 8
(7,0) : 29
(16,0) : 6
(15,0) : 12
(46,1) : 2
(3,0) : 53
(5,0) : 44
(14,0) : 11
(11,0) : 9
(45,0) : 1
(27,0) : 2
(41,2) : 1
(8,0) : 24
(45,1) : 4
(47,0) : 2
(12,0) : 17
(11,1) : 1
(1,0) : 166
(46,2) : 1
(21,0) : 1
(13,0) : 15
(44,3) : 1
(32,0) : 1
(15,1) : 1
(47,3) : 1
(29,0) : 2
(21,1) : 2
(26,0) : 1
(30,0) : 1
(20,0) : 2
(46,0) : 1
(34,1) : 1
(43,4) : 1
(6,1) : 1
(17,0) : 2
(44,4) : 1
(41,3) : 1
(46,3) : 1
(42,2) : 1
(37,1) : 1
(5,1) : 1
(10,1) : 1
(1,1) : 3
(3,1) : 1
(12,1) : 1
(4,1) : 1
(0,0) : 4
(2,1) : 1
