pop size : 10000, betaG : 0.08500, lambdaH : 0.10000, lambdaW : 0.00100, gamma : 0.12500, Tmax : 150.00, threshold of infected : 0.010
0.37 0.32 0.13 0.12 0.04 0.02 
0.2192 0.12 0.08 0.06 0.05 0.045 0.04 0.035 0.03 0.02 0.02 0.02 0.015 0.015 0.015 0.015 0.001 0.001 0.001 0.001 0.001 0.001 0.001 0.001 0.001 0.001 0.001 0.001 0.001 0.001 0.001 0.001 0.001 0.001 0.001 0.001 0.001 0.001 0.001 0.001 0.001 0.0001 0.0001 0.0001 0.0001 0.0001 0.0001 0.0001 0.0001 0.175 
Proportion of infected at cutoff : 0.0100
Proportion of susceptibles at cutoff : 0.9793
(50,0) : 54
(5,0) : 50
(48,0) : 9
(14,0) : 10
(3,0) : 62
(2,0) : 95
(24,0) : 2
(6,0) : 39
(47,1) : 4
(48,1) : 6
(19,0) : 1
(49,0) : 23
(6,1) : 3
(10,0) : 16
(49,1) : 14
(44,1) : 1
(9,0) : 17
(47,2) : 3
(12,0) : 16
(13,0) : 13
(1,0) : 145
(5,1) : 3
(48,2) : 7
(8,0) : 23
(17,1) : 1
(47,3) : 3
(46,3) : 2
(4,0) : 38
(16,0) : 14
(11,0) : 10
(46,1) : 1
(15,0) : 10
(46,0) : 1
(7,0) : 24
(42,5) : 1
(46,2) : 1
(25,0) : 2
(45,2) : 1
(44,5) : 1
(12,1) : 4
(37,0) : 1
(29,2) : 1
(33,0) : 1
(20,0) : 1
(29,0) : 1
(30,1) : 1
(23,0) : 1
(21,0) : 1
(30,0) : 1
(4,1) : 5
(0,0) : 2
(28,1) : 1
(1,1) : 2
(14,1) : 1
(9,1) : 1
(2,1) : 1
