pop size : 10000, betaG : 0.08500, lambdaH : 0.10000, lambdaW : 0.00100, gamma : 0.12500, Tmax : 150.00, threshold of infected : 0.010
0.37 0.32 0.13 0.12 0.04 0.02 
0.2192 0.12 0.08 0.06 0.05 0.045 0.04 0.035 0.03 0.02 0.02 0.02 0.015 0.015 0.015 0.015 0.001 0.001 0.001 0.001 0.001 0.001 0.001 0.001 0.001 0.001 0.001 0.001 0.001 0.001 0.001 0.001 0.001 0.001 0.001 0.001 0.001 0.001 0.001 0.001 0.001 0.0001 0.0001 0.0001 0.0001 0.0001 0.0001 0.0001 0.0001 0.175 
Proportion of infected at cutoff : 0.0100
Proportion of susceptibles at cutoff : 0.9768
(50,0) : 46
(9,0) : 18
(49,1) : 24
(5,0) : 33
(2,0) : 86
(49,0) : 25
(18,1) : 1
(48,0) : 6
(8,0) : 19
(48,2) : 4
(25,0) : 2
(34,0) : 1
(12,0) : 11
(6,0) : 41
(47,1) : 5
(10,2) : 1
(47,2) : 3
(4,0) : 49
(47,0) : 1
(10,0) : 13
(44,1) : 2
(8,1) : 1
(3,0) : 78
(14,0) : 6
(48,1) : 11
(16,0) : 9
(7,0) : 28
(36,0) : 1
(26,2) : 1
(15,0) : 11
(27,3) : 1
(17,0) : 1
(45,0) : 1
(47,3) : 1
(11,0) : 20
(45,3) : 1
(42,1) : 1
(1,0) : 181
(37,0) : 1
(14,1) : 2
(12,1) : 1
(13,0) : 9
(10,1) : 1
(13,1) : 1
(44,3) : 1
(43,0) : 1
(20,1) : 1
(27,0) : 2
(35,0) : 1
(11,1) : 2
(38,0) : 1
(0,0) : 2
(28,1) : 1
(9,1) : 2
(4,1) : 1
(1,1) : 4
(2,1) : 3
(5,1) : 3
(6,1) : 1
(7,1) : 1
(3,1) : 1
