pop size : 10000, betaG : 0.08500, lambdaH : 0.10000, lambdaW : 0.00100, gamma : 0.12500, Tmax : 150.00, threshold of infected : 0.010
0.37 0.32 0.13 0.12 0.04 0.02 
0.2192 0.12 0.08 0.06 0.05 0.045 0.04 0.035 0.03 0.02 0.02 0.02 0.015 0.015 0.015 0.015 0.001 0.001 0.001 0.001 0.001 0.001 0.001 0.001 0.001 0.001 0.001 0.001 0.001 0.001 0.001 0.001 0.001 0.001 0.001 0.001 0.001 0.001 0.001 0.001 0.001 0.0001 0.0001 0.0001 0.0001 0.0001 0.0001 0.0001 0.0001 0.175 
Proportion of infected at cutoff : 0.0100
Proportion of susceptibles at cutoff : 0.9769
(13,0) : 6
(48,2) : 9
(48,1) : 8
(49,1) : 24
(48,0) : 14
(5,0) : 44
(50,0) : 43
(49,0) : 16
(22,0) : 2
(7,0) : 36
(15,0) : 6
(4,0) : 49
(6,0) : 32
(47,1) : 4
(11,0) : 19
(16,1) : 1
(8,0) : 20
(1,0) : 166
(43,4) : 1
(14,0) : 14
(44,0) : 1
(18,0) : 2
(2,0) : 87
(12,0) : 11
(3,0) : 54
(47,0) : 1
(16,0) : 12
(9,0) : 25
(38,0) : 1
(47,2) : 3
(37,0) : 1
(3,1) : 2
(27,0) : 1
(37,1) : 1
(43,2) : 1
(40,2) : 1
(42,0) : 1
(10,0) : 18
(5,1) : 1
(45,2) : 1
(13,1) : 3
(29,1) : 1
(44,1) : 1
(46,3) : 1
(33,0) : 1
(34,0) : 1
(17,0) : 1
(19,0) : 1
(30,1) : 1
(41,0) : 1
(2,1) : 2
(6,1) : 1
(46,2) : 1
(9,1) : 1
(27,1) : 1
(8,1) : 3
(4,1) : 1
(0,0) : 3
(15,1) : 1
(0,1) : 2
(1,2) : 1
