pop size : 10000, betaG : 0.08500, lambdaH : 0.10000, lambdaW : 0.00100, gamma : 0.12500, Tmax : 150.00, threshold of infected : 0.010
0.37 0.32 0.13 0.12 0.04 0.02 
0.2192 0.12 0.08 0.06 0.05 0.045 0.04 0.035 0.03 0.02 0.02 0.02 0.015 0.015 0.015 0.015 0.001 0.001 0.001 0.001 0.001 0.001 0.001 0.001 0.001 0.001 0.001 0.001 0.001 0.001 0.001 0.001 0.001 0.001 0.001 0.001 0.001 0.001 0.001 0.001 0.001 0.0001 0.0001 0.0001 0.0001 0.0001 0.0001 0.0001 0.0001 0.175 
Proportion of infected at cutoff : 0.0100
Proportion of susceptibles at cutoff : 0.9818
(50,0) : 52
(45,0) : 1
(48,2) : 8
(49,0) : 21
(49,1) : 19
(7,0) : 34
(47,2) : 2
(13,1) : 1
(5,1) : 3
(9,0) : 24
(1,0) : 176
(46,3) : 1
(35,0) : 1
(6,0) : 34
(14,0) : 14
(25,0) : 2
(3,1) : 1
(14,1) : 1
(13,0) : 14
(46,2) : 3
(46,1) : 1
(16,0) : 7
(29,0) : 1
(48,1) : 7
(2,0) : 101
(36,0) : 1
(3,0) : 65
(48,0) : 5
(15,0) : 8
(24,0) : 2
(12,0) : 17
(6,1) : 3
(8,0) : 25
(41,0) : 1
(10,0) : 17
(4,0) : 42
(45,2) : 1
(46,0) : 1
(5,0) : 32
(11,1) : 1
(37,1) : 2
(19,0) : 1
(7,1) : 2
(47,1) : 4
(11,0) : 8
(39,1) : 1
(36,3) : 1
(23,0) : 2
(15,1) : 3
(8,1) : 3
(12,1) : 2
(39,0) : 1
(4,1) : 5
(38,0) : 1
(35,1) : 1
(12,3) : 1
(18,0) : 1
(21,0) : 1
(0,1) : 2
(2,1) : 1
