pop size : 10000, betaG : 0.08500, lambdaH : 0.10000, lambdaW : 0.00100, gamma : 0.12500, Tmax : 150.00, threshold of infected : 0.010
0.37 0.32 0.13 0.12 0.04 0.02 
0.2192 0.12 0.08 0.06 0.05 0.045 0.04 0.035 0.03 0.02 0.02 0.02 0.015 0.015 0.015 0.015 0.001 0.001 0.001 0.001 0.001 0.001 0.001 0.001 0.001 0.001 0.001 0.001 0.001 0.001 0.001 0.001 0.001 0.001 0.001 0.001 0.001 0.001 0.001 0.001 0.001 0.0001 0.0001 0.0001 0.0001 0.0001 0.0001 0.0001 0.0001 0.175 
Proportion of infected at cutoff : 0.0100
Proportion of susceptibles at cutoff : 0.9788
(48,0) : 5
(50,0) : 57
(8,0) : 13
(48,2) : 4
(49,1) : 15
(48,1) : 11
(11,0) : 10
(47,3) : 1
(15,0) : 17
(3,0) : 60
(42,0) : 1
(5,0) : 44
(8,1) : 1
(30,0) : 2
(21,0) : 1
(47,1) : 4
(1,0) : 170
(49,0) : 16
(14,0) : 18
(6,0) : 37
(10,1) : 2
(20,0) : 1
(4,0) : 39
(11,1) : 3
(9,0) : 20
(35,2) : 1
(46,2) : 3
(7,0) : 33
(24,0) : 1
(10,0) : 11
(2,0) : 104
(12,0) : 10
(12,2) : 1
(17,0) : 3
(44,2) : 1
(39,1) : 1
(40,0) : 1
(43,2) : 1
(46,1) : 3
(29,0) : 1
(16,0) : 17
(23,0) : 2
(13,0) : 11
(3,1) : 2
(47,2) : 2
(19,0) : 1
(46,4) : 1
(44,4) : 1
(16,1) : 1
(24,1) : 1
(21,1) : 1
(14,1) : 2
(7,1) : 2
(34,1) : 2
(26,0) : 1
(15,1) : 1
(3,2) : 1
(9,1) : 1
(6,1) : 1
(2,1) : 1
(7,2) : 1
(0,1) : 4
