pop size : 10000, betaG : 0.08500, lambdaH : 0.10000, lambdaW : 0.00100, gamma : 0.12500, Tmax : 150.00, threshold of infected : 0.010
0.37 0.32 0.13 0.12 0.04 0.02 
0.2192 0.12 0.08 0.06 0.05 0.045 0.04 0.035 0.03 0.02 0.02 0.02 0.015 0.015 0.015 0.015 0.001 0.001 0.001 0.001 0.001 0.001 0.001 0.001 0.001 0.001 0.001 0.001 0.001 0.001 0.001 0.001 0.001 0.001 0.001 0.001 0.001 0.001 0.001 0.001 0.001 0.0001 0.0001 0.0001 0.0001 0.0001 0.0001 0.0001 0.0001 0.175 
Proportion of infected at cutoff : 0.0100
Proportion of susceptibles at cutoff : 0.9784
(2,0) : 98
(50,0) : 60
(48,0) : 8
(4,0) : 40
(1,0) : 148
(49,1) : 17
(49,0) : 20
(6,0) : 29
(48,2) : 4
(3,0) : 58
(45,2) : 3
(48,1) : 6
(40,0) : 1
(11,1) : 3
(14,0) : 14
(7,0) : 19
(21,0) : 2
(13,0) : 12
(47,3) : 3
(12,0) : 12
(15,0) : 11
(47,2) : 4
(15,1) : 2
(13,1) : 2
(5,0) : 29
(47,1) : 6
(12,1) : 1
(9,0) : 19
(8,0) : 34
(11,0) : 9
(16,1) : 1
(36,1) : 1
(47,0) : 3
(43,4) : 1
(26,0) : 2
(35,1) : 1
(35,0) : 1
(44,2) : 1
(45,1) : 1
(16,0) : 3
(8,1) : 2
(45,4) : 1
(13,2) : 1
(6,1) : 2
(17,1) : 1
(10,0) : 10
(28,1) : 1
(39,1) : 1
(9,1) : 2
(18,1) : 1
(17,0) : 1
(3,1) : 2
(7,1) : 1
(4,1) : 1
(10,1) : 1
(0,0) : 2
(0,1) : 1
