pop size : 10000, betaG : 0.08500, lambdaH : 0.10000, lambdaW : 0.00100, gamma : 0.12500, Tmax : 150.00, threshold of infected : 0.010
0.37 0.32 0.13 0.12 0.04 0.02 
0.2192 0.12 0.08 0.06 0.05 0.045 0.04 0.035 0.03 0.02 0.02 0.02 0.015 0.015 0.015 0.015 0.001 0.001 0.001 0.001 0.001 0.001 0.001 0.001 0.001 0.001 0.001 0.001 0.001 0.001 0.001 0.001 0.001 0.001 0.001 0.001 0.001 0.001 0.001 0.001 0.001 0.0001 0.0001 0.0001 0.0001 0.0001 0.0001 0.0001 0.0001 0.175 
Proportion of infected at cutoff : 0.0100
Proportion of susceptibles at cutoff : 0.9826
(50,0) : 52
(49,1) : 25
(4,0) : 41
(48,0) : 4
(49,0) : 18
(10,0) : 23
(13,0) : 15
(15,0) : 8
(12,0) : 16
(5,0) : 33
(48,1) : 9
(11,0) : 9
(14,0) : 9
(25,1) : 2
(2,0) : 79
(9,0) : 24
(11,1) : 3
(21,0) : 1
(32,1) : 2
(48,2) : 7
(47,0) : 2
(24,0) : 4
(47,2) : 2
(38,0) : 2
(8,0) : 26
(6,0) : 30
(13,1) : 2
(16,0) : 7
(3,0) : 54
(1,0) : 174
(29,0) : 1
(36,0) : 1
(47,3) : 1
(5,1) : 1
(41,0) : 1
(22,0) : 2
(32,0) : 2
(7,0) : 25
(45,2) : 1
(45,1) : 1
(46,4) : 1
(4,1) : 3
(23,0) : 1
(14,1) : 2
(46,3) : 1
(12,1) : 3
(31,0) : 3
(47,1) : 1
(10,1) : 1
(26,0) : 1
(17,1) : 1
(20,1) : 1
(20,0) : 1
(7,1) : 3
(3,1) : 2
(9,1) : 1
(18,0) : 1
(30,0) : 1
(26,1) : 1
(8,1) : 2
(19,0) : 1
(1,1) : 2
(0,0) : 2
(2,1) : 1
(0,1) : 1
