pop size : 10000, betaG : 0.08500, lambdaH : 0.10000, lambdaW : 0.00100, gamma : 0.12500, Tmax : 150.00, threshold of infected : 0.010
0.37 0.32 0.13 0.12 0.04 0.02 
0.2192 0.12 0.08 0.06 0.05 0.045 0.04 0.035 0.03 0.02 0.02 0.02 0.015 0.015 0.015 0.015 0.001 0.001 0.001 0.001 0.001 0.001 0.001 0.001 0.001 0.001 0.001 0.001 0.001 0.001 0.001 0.001 0.001 0.001 0.001 0.001 0.001 0.001 0.001 0.001 0.001 0.0001 0.0001 0.0001 0.0001 0.0001 0.0001 0.0001 0.0001 0.175 
Proportion of infected at cutoff : 0.0100
Proportion of susceptibles at cutoff : 0.9777
(48,1) : 14
(49,1) : 24
(49,0) : 23
(47,1) : 8
(6,1) : 3
(50,0) : 45
(48,2) : 5
(7,0) : 27
(43,3) : 1
(16,0) : 9
(24,1) : 1
(6,0) : 31
(9,0) : 14
(48,0) : 6
(12,0) : 10
(47,0) : 3
(4,0) : 63
(1,0) : 143
(47,2) : 5
(10,0) : 11
(5,0) : 33
(46,1) : 1
(14,0) : 11
(40,1) : 1
(3,1) : 1
(37,0) : 1
(13,0) : 4
(45,3) : 1
(15,0) : 9
(11,0) : 14
(2,0) : 90
(18,0) : 1
(23,0) : 3
(8,0) : 17
(3,0) : 49
(45,2) : 1
(34,1) : 1
(39,0) : 2
(20,0) : 2
(21,0) : 1
(38,0) : 1
(46,0) : 1
(4,1) : 1
(47,3) : 1
(7,1) : 1
(13,1) : 1
(10,1) : 2
(9,1) : 1
(27,0) : 2
(19,0) : 1
(22,0) : 1
(2,1) : 3
(11,2) : 1
(14,1) : 1
(8,1) : 1
(0,0) : 1
(0,1) : 2
