pop size : 10000, betaG : 0.08500, lambdaH : 0.10000, lambdaW : 0.00100, gamma : 0.12500, Tmax : 150.00, threshold of infected : 0.010
0.37 0.32 0.13 0.12 0.04 0.02 
0.2192 0.12 0.08 0.06 0.05 0.045 0.04 0.035 0.03 0.02 0.02 0.02 0.015 0.015 0.015 0.015 0.001 0.001 0.001 0.001 0.001 0.001 0.001 0.001 0.001 0.001 0.001 0.001 0.001 0.001 0.001 0.001 0.001 0.001 0.001 0.001 0.001 0.001 0.001 0.001 0.001 0.0001 0.0001 0.0001 0.0001 0.0001 0.0001 0.0001 0.0001 0.175 
Proportion of infected at cutoff : 0.0100
Proportion of susceptibles at cutoff : 0.9836
(50,0) : 63
(12,0) : 8
(36,0) : 1
(47,3) : 3
(17,0) : 2
(7,0) : 29
(9,0) : 18
(49,0) : 16
(3,0) : 62
(49,1) : 24
(5,0) : 35
(48,1) : 5
(4,0) : 49
(2,0) : 115
(35,0) : 1
(48,2) : 5
(1,0) : 149
(40,0) : 1
(6,0) : 24
(11,0) : 19
(34,0) : 1
(8,0) : 26
(6,1) : 2
(24,0) : 1
(48,0) : 1
(10,0) : 17
(14,1) : 2
(13,0) : 8
(46,2) : 2
(41,0) : 1
(45,3) : 1
(12,1) : 1
(47,1) : 3
(24,1) : 1
(29,0) : 1
(14,0) : 9
(47,2) : 3
(37,0) : 1
(39,6) : 1
(16,0) : 15
(15,0) : 12
(25,0) : 1
(21,0) : 1
(45,5) : 1
(15,1) : 1
(27,0) : 1
(31,0) : 1
(5,1) : 3
(39,0) : 2
(13,1) : 2
(32,0) : 1
(43,3) : 1
(13,2) : 1
(9,1) : 2
(3,1) : 1
(28,0) : 1
(11,1) : 1
(2,1) : 2
(0,1) : 2
