pop size : 10000, betaG : 0.08500, lambdaH : 0.10000, lambdaW : 0.00100, gamma : 0.12500, Tmax : 150.00, threshold of infected : 0.010
0.37 0.32 0.13 0.12 0.04 0.02 
0.2192 0.12 0.08 0.06 0.05 0.045 0.04 0.035 0.03 0.02 0.02 0.02 0.015 0.015 0.015 0.015 0.001 0.001 0.001 0.001 0.001 0.001 0.001 0.001 0.001 0.001 0.001 0.001 0.001 0.001 0.001 0.001 0.001 0.001 0.001 0.001 0.001 0.001 0.001 0.001 0.001 0.0001 0.0001 0.0001 0.0001 0.0001 0.0001 0.0001 0.0001 0.175 
Proportion of infected at cutoff : 0.0100
Proportion of susceptibles at cutoff : 0.9683
(49,0) : 27
(3,0) : 66
(48,1) : 13
(47,0) : 3
(13,0) : 15
(48,0) : 12
(4,0) : 44
(2,0) : 78
(44,2) : 1
(50,0) : 34
(14,0) : 15
(40,1) : 1
(47,2) : 4
(7,0) : 27
(10,0) : 17
(40,0) : 1
(43,5) : 1
(39,0) : 1
(35,1) : 1
(6,0) : 40
(11,0) : 17
(12,0) : 11
(5,0) : 47
(18,1) : 1
(49,1) : 8
(45,2) : 2
(1,0) : 170
(45,1) : 3
(42,0) : 1
(9,0) : 22
(47,1) : 3
(8,0) : 31
(14,1) : 1
(46,2) : 2
(22,0) : 2
(35,0) : 2
(19,0) : 1
(16,0) : 5
(37,0) : 1
(28,0) : 1
(46,1) : 3
(45,4) : 1
(15,1) : 2
(23,1) : 1
(6,1) : 3
(46,0) : 1
(20,0) : 2
(11,1) : 2
(3,1) : 2
(38,0) : 2
(48,2) : 2
(15,0) : 7
(23,0) : 1
(43,4) : 1
(9,1) : 2
(27,0) : 1
(38,2) : 1
(7,1) : 2
(28,1) : 1
(33,0) : 1
(21,2) : 1
(1,1) : 1
(34,0) : 1
(5,1) : 3
(10,1) : 1
(8,1) : 3
(4,1) : 2
(2,1) : 1
(0,0) : 2
(0,1) : 1
