pop size : 10000, betaG : 0.08500, lambdaH : 0.10000, lambdaW : 0.00100, gamma : 0.12500, Tmax : 150.00, threshold of infected : 0.010
0.37 0.32 0.13 0.12 0.04 0.02 
0.2192 0.12 0.08 0.06 0.05 0.045 0.04 0.035 0.03 0.02 0.02 0.02 0.015 0.015 0.015 0.015 0.001 0.001 0.001 0.001 0.001 0.001 0.001 0.001 0.001 0.001 0.001 0.001 0.001 0.001 0.001 0.001 0.001 0.001 0.001 0.001 0.001 0.001 0.001 0.001 0.001 0.0001 0.0001 0.0001 0.0001 0.0001 0.0001 0.0001 0.0001 0.175 
Proportion of infected at cutoff : 0.0100
Proportion of susceptibles at cutoff : 0.9715
(46,1) : 4
(38,0) : 3
(7,0) : 22
(16,0) : 11
(48,1) : 11
(12,0) : 13
(49,0) : 22
(4,0) : 39
(8,0) : 19
(47,2) : 6
(10,0) : 17
(5,0) : 34
(49,1) : 12
(3,0) : 64
(47,0) : 8
(50,0) : 42
(37,0) : 1
(48,0) : 8
(43,2) : 1
(26,0) : 1
(46,2) : 3
(11,0) : 16
(47,1) : 9
(27,0) : 1
(6,0) : 29
(48,2) : 2
(15,0) : 9
(44,2) : 2
(45,0) : 1
(14,0) : 11
(13,0) : 6
(27,2) : 1
(1,0) : 133
(47,3) : 2
(9,0) : 12
(29,1) : 1
(2,0) : 79
(14,1) : 2
(13,1) : 1
(31,0) : 1
(20,0) : 1
(10,1) : 2
(24,0) : 1
(32,1) : 2
(29,0) : 1
(39,1) : 1
(18,0) : 2
(27,1) : 1
(36,1) : 1
(21,1) : 1
(46,0) : 1
(23,0) : 1
(45,3) : 1
(7,1) : 1
(8,1) : 2
(9,1) : 2
(2,1) : 3
(15,1) : 1
(0,1) : 2
(0,0) : 1
(1,1) : 2
