pop size : 10000, betaG : 0.08500, lambdaH : 0.10000, lambdaW : 0.00100, gamma : 0.12500, Tmax : 150.00, threshold of infected : 0.010
0.37 0.32 0.13 0.12 0.04 0.02 
0.2192 0.12 0.08 0.06 0.05 0.045 0.04 0.035 0.03 0.02 0.02 0.02 0.015 0.015 0.015 0.015 0.001 0.001 0.001 0.001 0.001 0.001 0.001 0.001 0.001 0.001 0.001 0.001 0.001 0.001 0.001 0.001 0.001 0.001 0.001 0.001 0.001 0.001 0.001 0.001 0.001 0.0001 0.0001 0.0001 0.0001 0.0001 0.0001 0.0001 0.0001 0.175 
Proportion of infected at cutoff : 0.0100
Proportion of susceptibles at cutoff : 0.9783
(12,0) : 14
(7,0) : 27
(49,1) : 19
(13,0) : 6
(45,2) : 2
(4,0) : 42
(50,0) : 60
(48,0) : 7
(16,0) : 6
(49,0) : 26
(17,0) : 1
(48,1) : 8
(32,1) : 1
(2,0) : 84
(6,0) : 21
(48,2) : 5
(28,0) : 2
(47,1) : 2
(10,0) : 14
(15,1) : 1
(9,0) : 19
(46,1) : 2
(40,0) : 1
(44,3) : 1
(6,1) : 1
(14,0) : 8
(47,2) : 1
(36,0) : 1
(7,1) : 4
(21,0) : 1
(45,3) : 1
(46,3) : 2
(1,0) : 168
(11,0) : 10
(15,0) : 5
(5,0) : 31
(47,3) : 2
(32,0) : 2
(8,0) : 21
(47,0) : 1
(42,1) : 1
(11,1) : 4
(34,0) : 1
(8,1) : 2
(14,1) : 2
(5,1) : 1
(8,2) : 1
(45,1) : 1
(27,0) : 1
(3,0) : 53
(24,1) : 1
(9,1) : 2
(13,2) : 1
(35,1) : 1
(13,1) : 2
(2,1) : 3
(31,0) : 1
(1,1) : 1
(0,1) : 2
(4,1) : 1
(0,0) : 2
