pop size : 10000, betaG : 0.08500, lambdaH : 0.10000, lambdaW : 0.00100, gamma : 0.12500, Tmax : 150.00, threshold of infected : 0.010
0.37 0.32 0.13 0.12 0.04 0.02 
0.2192 0.12 0.08 0.06 0.05 0.045 0.04 0.035 0.03 0.02 0.02 0.02 0.015 0.015 0.015 0.015 0.001 0.001 0.001 0.001 0.001 0.001 0.001 0.001 0.001 0.001 0.001 0.001 0.001 0.001 0.001 0.001 0.001 0.001 0.001 0.001 0.001 0.001 0.001 0.001 0.001 0.0001 0.0001 0.0001 0.0001 0.0001 0.0001 0.0001 0.0001 0.175 
Proportion of infected at cutoff : 0.0100
Proportion of susceptibles at cutoff : 0.9812
(50,0) : 64
(48,1) : 8
(9,0) : 19
(48,2) : 4
(41,0) : 1
(49,0) : 19
(8,0) : 28
(47,1) : 2
(46,1) : 3
(4,0) : 44
(2,0) : 108
(5,0) : 35
(11,0) : 17
(47,3) : 3
(49,1) : 19
(7,0) : 30
(14,1) : 1
(8,1) : 3
(37,0) : 1
(14,0) : 8
(0,1) : 2
(27,1) : 1
(13,0) : 15
(48,0) : 2
(6,0) : 26
(47,2) : 1
(16,0) : 6
(1,0) : 165
(45,2) : 2
(3,0) : 70
(12,0) : 18
(11,1) : 2
(46,4) : 1
(10,0) : 13
(15,0) : 5
(35,0) : 3
(46,2) : 1
(12,2) : 1
(38,1) : 1
(40,0) : 1
(24,1) : 1
(18,0) : 1
(47,0) : 2
(13,1) : 3
(36,0) : 1
(12,1) : 2
(38,0) : 1
(14,2) : 1
(9,1) : 2
(5,1) : 2
(31,1) : 1
(3,1) : 1
(21,2) : 1
(3,2) : 2
(8,2) : 1
(1,1) : 2
(4,1) : 1
(10,1) : 1
(2,1) : 1
(0,0) : 1
