pop size : 10000, betaG : 0.08500, lambdaH : 0.10000, lambdaW : 0.00100, gamma : 0.12500, Tmax : 150.00, threshold of infected : 0.010
0.37 0.32 0.13 0.12 0.04 0.02 
0.2192 0.12 0.08 0.06 0.05 0.045 0.04 0.035 0.03 0.02 0.02 0.02 0.015 0.015 0.015 0.015 0.001 0.001 0.001 0.001 0.001 0.001 0.001 0.001 0.001 0.001 0.001 0.001 0.001 0.001 0.001 0.001 0.001 0.001 0.001 0.001 0.001 0.001 0.001 0.001 0.001 0.0001 0.0001 0.0001 0.0001 0.0001 0.0001 0.0001 0.0001 0.175 
Proportion of infected at cutoff : 0.0100
Proportion of susceptibles at cutoff : 0.9817
(47,3) : 3
(49,0) : 20
(50,0) : 61
(45,3) : 2
(9,0) : 23
(12,0) : 10
(33,0) : 2
(11,0) : 17
(14,0) : 9
(2,0) : 84
(49,1) : 12
(10,0) : 14
(1,0) : 147
(47,1) : 3
(47,2) : 2
(48,2) : 13
(38,0) : 2
(8,0) : 19
(7,0) : 26
(48,0) : 7
(4,0) : 38
(15,0) : 9
(16,0) : 7
(48,1) : 5
(5,0) : 27
(24,0) : 1
(21,0) : 1
(34,0) : 1
(6,0) : 26
(46,4) : 2
(7,1) : 2
(45,2) : 1
(30,0) : 1
(26,1) : 2
(28,0) : 2
(31,0) : 1
(14,1) : 2
(3,0) : 55
(8,1) : 2
(13,0) : 9
(41,0) : 1
(46,0) : 1
(32,0) : 1
(47,0) : 1
(11,1) : 2
(25,0) : 3
(10,1) : 2
(46,2) : 1
(44,2) : 1
(17,0) : 2
(39,0) : 1
(23,1) : 1
(19,0) : 1
(1,1) : 2
(4,1) : 2
(12,1) : 1
(13,1) : 1
(15,1) : 1
(9,1) : 1
(0,0) : 1
