pop size : 10000, betaG : 0.08500, lambdaH : 0.10000, lambdaW : 0.00100, gamma : 0.12500, Tmax : 150.00, threshold of infected : 0.010
0.37 0.32 0.13 0.12 0.04 0.02 
0.2192 0.12 0.08 0.06 0.05 0.045 0.04 0.035 0.03 0.02 0.02 0.02 0.015 0.015 0.015 0.015 0.001 0.001 0.001 0.001 0.001 0.001 0.001 0.001 0.001 0.001 0.001 0.001 0.001 0.001 0.001 0.001 0.001 0.001 0.001 0.001 0.001 0.001 0.001 0.001 0.001 0.0001 0.0001 0.0001 0.0001 0.0001 0.0001 0.0001 0.0001 0.175 
Proportion of infected at cutoff : 0.0100
Proportion of susceptibles at cutoff : 0.9796
(26,0) : 1
(48,0) : 4
(49,0) : 18
(50,0) : 57
(48,2) : 4
(12,0) : 11
(9,1) : 5
(5,0) : 46
(44,2) : 1
(48,1) : 9
(49,1) : 27
(19,0) : 1
(47,1) : 3
(10,0) : 12
(8,0) : 25
(16,0) : 8
(4,0) : 45
(6,0) : 32
(17,0) : 2
(5,1) : 2
(15,0) : 7
(20,2) : 1
(45,3) : 1
(37,0) : 1
(9,0) : 13
(1,0) : 193
(2,0) : 82
(6,1) : 2
(15,1) : 2
(7,0) : 23
(47,2) : 1
(11,0) : 13
(3,0) : 46
(21,0) : 2
(46,1) : 2
(28,0) : 1
(13,0) : 8
(47,0) : 2
(36,1) : 2
(45,1) : 1
(46,2) : 1
(12,1) : 1
(11,1) : 3
(14,0) : 11
(29,1) : 1
(33,1) : 1
(42,2) : 1
(23,0) : 1
(29,0) : 3
(39,0) : 1
(14,1) : 2
(4,1) : 2
(17,1) : 1
(47,3) : 1
(22,1) : 1
(20,0) : 1
(30,0) : 1
(10,1) : 1
(10,2) : 1
(22,0) : 1
(13,1) : 1
(2,1) : 2
(3,1) : 2
(0,0) : 1
(0,1) : 1
